image_name,tags
test_0,clear primary
test_1,clear primary
test_2,partly_cloudy primary
test_3,clear primary agriculture cultivation
test_4,partly_cloudy cloudy primary
test_5,clear primary
test_6,partly_cloudy primary agriculture cultivation habitation
test_7,clear primary agriculture habitation road
test_8,clear primary
test_9,clear haze primary agriculture cultivation
test_10,partly_cloudy primary
test_11,clear primary agriculture cultivation
test_12,cloudy
test_13,clear primary agriculture road
test_14,clear primary agriculture cultivation
test_15,clear primary
test_16,clear primary agriculture cultivation habitation road
test_17,partly_cloudy primary
test_18,clear primary
test_19,clear primary water road
test_20,clear primary agriculture water
test_21,clear primary agriculture water
test_22,clear primary agriculture cultivation habitation road
test_23,haze cloudy
test_24,partly_cloudy primary agriculture road
test_25,clear primary
test_26,partly_cloudy primary agriculture road
test_27,clear primary agriculture
test_28,partly_cloudy primary agriculture water road
test_29,clear primary
test_30,partly_cloudy primary
test_31,cloudy
test_32,clear primary
test_33,clear primary agriculture water
test_34,cloudy
test_35,clear primary
test_36,clear primary
test_37,clear primary
test_38,clear primary
test_39,clear primary
test_40,clear primary water
test_41,partly_cloudy primary
test_42,clear primary
test_43,clear primary
test_44,clear primary agriculture cultivation
test_45,haze primary agriculture water
test_46,haze primary water
test_47,clear primary
test_48,clear primary
test_49,clear haze primary agriculture water road
test_50,clear primary
test_51,clear primary water
test_52,clear primary agriculture habitation road
test_53,clear primary agriculture water cultivation road
test_54,clear primary
test_55,partly_cloudy primary
test_56,clear primary
test_57,clear primary water bare_ground artisinal_mine
test_58,clear primary
test_59,clear primary agriculture water road
test_60,clear primary cultivation
test_61,cloudy
test_62,clear primary agriculture road
test_63,clear primary
test_64,clear primary agriculture
test_65,clear primary
test_66,clear primary
test_67,clear primary agriculture water habitation road
test_68,cloudy
test_69,clear primary agriculture cultivation
test_70,clear primary
test_71,partly_cloudy primary
test_72,clear primary water road
test_73,clear partly_cloudy primary agriculture water road
test_74,partly_cloudy primary
test_75,partly_cloudy primary agriculture cultivation
test_76,clear primary
test_77,clear primary
test_78,clear primary
test_79,clear primary agriculture cultivation
test_80,haze cloudy primary
test_81,haze cloudy
test_82,clear primary agriculture cultivation
test_83,clear primary
test_84,clear primary agriculture water habitation road
test_85,clear primary agriculture habitation road
test_86,clear primary
test_87,partly_cloudy primary
test_88,clear primary agriculture cultivation
test_89,cloudy
test_90,cloudy
test_91,clear primary agriculture cultivation habitation
test_92,cloudy
test_93,clear primary
test_94,clear primary
test_95,partly_cloudy primary agriculture cultivation road
test_96,partly_cloudy cloudy primary
test_97,clear primary
test_98,partly_cloudy primary
test_99,cloudy
test_100,clear primary agriculture water cultivation road
test_101,clear partly_cloudy primary agriculture habitation road
test_102,clear primary
test_103,clear primary water
test_104,partly_cloudy primary
test_105,clear primary
test_106,clear haze primary
test_107,clear primary water road selective_logging
test_108,partly_cloudy primary agriculture cultivation habitation road
test_109,partly_cloudy primary agriculture road
test_110,partly_cloudy primary
test_111,partly_cloudy primary
test_112,partly_cloudy primary agriculture cultivation
test_113,clear primary
test_114,clear haze primary agriculture water
test_115,clear primary agriculture cultivation
test_116,partly_cloudy primary agriculture water cultivation road
test_117,clear partly_cloudy primary water
test_118,clear primary habitation road
test_119,clear primary road
test_120,clear haze primary agriculture water road
test_121,clear primary
test_122,clear primary
test_123,partly_cloudy primary
test_124,clear partly_cloudy primary
test_125,partly_cloudy primary
test_126,clear primary agriculture cultivation
test_127,cloudy
test_128,clear primary water
test_129,clear primary
test_130,clear primary
test_131,clear primary
test_132,clear primary water
test_133,clear haze primary agriculture cultivation
test_134,clear primary agriculture habitation road
test_135,clear primary agriculture habitation road
test_136,clear primary
test_137,clear primary agriculture cultivation
test_138,partly_cloudy primary agriculture road
test_139,clear primary
test_140,clear primary agriculture cultivation
test_141,clear primary
test_142,clear primary
test_143,clear primary agriculture habitation road
test_144,clear haze primary agriculture cultivation
test_145,clear primary agriculture water
test_146,clear partly_cloudy primary agriculture cultivation habitation road
test_147,clear primary agriculture water cultivation
test_148,partly_cloudy primary
test_149,partly_cloudy primary
test_150,clear primary agriculture cultivation habitation road
test_151,clear primary water
test_152,clear primary agriculture road
test_153,clear primary
test_154,clear primary
test_155,clear primary agriculture cultivation road
test_156,partly_cloudy primary
test_157,clear primary water
test_158,clear primary
test_159,partly_cloudy primary agriculture water
test_160,clear haze primary agriculture cultivation
test_161,clear primary
test_162,clear cloudy primary water
test_163,partly_cloudy primary
test_164,clear haze primary
test_165,partly_cloudy primary
test_166,clear primary
test_167,clear primary
test_168,clear primary
test_169,partly_cloudy primary
test_170,partly_cloudy primary agriculture water road
test_171,clear cloudy water
test_172,cloudy
test_173,clear primary
test_174,clear primary water road
test_175,clear primary
test_176,partly_cloudy primary
test_177,partly_cloudy primary water
test_178,haze primary
test_179,clear primary agriculture water bare_ground
test_180,clear partly_cloudy primary
test_181,clear primary agriculture
test_182,partly_cloudy primary
test_183,haze primary
test_184,clear primary
test_185,partly_cloudy primary agriculture habitation road
test_186,clear primary agriculture cultivation road
test_187,partly_cloudy primary agriculture cultivation
test_188,clear primary agriculture water cultivation
test_189,clear primary agriculture habitation road
test_190,partly_cloudy primary agriculture road
test_191,clear primary
test_192,clear primary
test_193,clear primary water
test_194,clear primary agriculture habitation road
test_195,clear primary water
test_196,clear primary
test_197,clear primary
test_198,partly_cloudy primary agriculture water road
test_199,clear primary agriculture cultivation habitation road
test_200,clear primary
test_201,haze primary
test_202,clear primary water artisinal_mine
test_203,clear primary water bare_ground artisinal_mine
test_204,clear primary agriculture cultivation
test_205,clear primary
test_206,clear primary
test_207,clear primary
test_208,clear haze primary water
test_209,clear primary
test_210,clear primary
test_211,clear primary agriculture road
test_212,partly_cloudy primary agriculture water
test_213,clear primary agriculture cultivation habitation
test_214,partly_cloudy primary
test_215,clear primary water road
test_216,clear primary water road
test_217,clear primary agriculture cultivation
test_218,clear primary agriculture road
test_219,clear primary agriculture cultivation
test_220,cloudy
test_221,partly_cloudy primary agriculture water road
test_222,cloudy
test_223,clear primary
test_224,clear primary agriculture cultivation habitation road
test_225,clear primary
test_226,clear primary
test_227,clear primary water habitation
test_228,clear haze primary agriculture water
test_229,clear primary agriculture cultivation habitation road
test_230,partly_cloudy primary agriculture cultivation
test_231,partly_cloudy cloudy primary
test_232,clear haze primary
test_233,clear primary
test_234,clear primary
test_235,clear primary
test_236,clear primary
test_237,partly_cloudy primary
test_238,partly_cloudy primary agriculture road
test_239,clear primary agriculture cultivation habitation
test_240,clear primary agriculture habitation road
test_241,partly_cloudy primary agriculture water road
test_242,clear primary agriculture water cultivation
test_243,clear primary agriculture water habitation road
test_244,clear primary
test_245,clear primary
test_246,clear primary
test_247,clear primary
test_248,clear primary agriculture habitation road
test_249,clear primary water road selective_logging
test_250,clear primary habitation road
test_251,clear primary habitation road
test_252,clear primary water road
test_253,partly_cloudy primary
test_254,clear primary
test_255,clear primary
test_256,clear partly_cloudy primary
test_257,clear primary agriculture water road
test_258,clear primary
test_259,clear primary agriculture water cultivation
test_260,clear haze primary
test_261,clear primary blooming selective_logging
test_262,clear primary agriculture cultivation road
test_263,clear primary agriculture water road
test_264,haze primary
test_265,partly_cloudy primary agriculture
test_266,partly_cloudy primary agriculture cultivation
test_267,clear primary
test_268,clear primary agriculture cultivation road
test_269,clear primary agriculture road
test_270,clear primary agriculture water artisinal_mine
test_271,clear primary
test_272,clear partly_cloudy primary agriculture road
test_273,clear cloudy primary water
test_274,clear primary agriculture water cultivation
test_275,haze cloudy primary
test_276,clear primary agriculture road bare_ground
test_277,clear haze primary agriculture cultivation
test_278,clear primary
test_279,partly_cloudy primary
test_280,partly_cloudy primary
test_281,clear agriculture bare_ground
test_282,clear primary agriculture road
test_283,clear primary
test_284,clear primary
test_285,clear primary agriculture cultivation habitation
test_286,clear partly_cloudy primary water road
test_287,clear primary agriculture water cultivation habitation
test_288,clear primary agriculture water habitation road
test_289,clear primary agriculture water cultivation habitation
test_290,clear primary
test_291,clear primary agriculture cultivation road
test_292,clear primary
test_293,clear primary agriculture habitation road
test_294,clear partly_cloudy primary
test_295,clear primary agriculture road
test_296,partly_cloudy primary
test_297,clear primary agriculture cultivation
test_298,partly_cloudy primary agriculture
test_299,clear primary
test_300,cloudy
test_301,clear primary agriculture water cultivation
test_302,clear primary
test_303,partly_cloudy primary
test_304,clear primary agriculture cultivation road
test_305,clear haze primary agriculture road
test_306,clear primary water
test_307,clear primary water
test_308,partly_cloudy primary
test_309,clear primary
test_310,clear haze primary
test_311,clear primary
test_312,clear primary
test_313,clear primary agriculture cultivation habitation road
test_314,cloudy
test_315,clear partly_cloudy primary
test_316,partly_cloudy cloudy primary water road
test_317,clear primary
test_318,partly_cloudy primary
test_319,partly_cloudy primary agriculture road
test_320,clear primary
test_321,clear haze primary
test_322,clear primary agriculture
test_323,clear primary
test_324,clear primary
test_325,clear primary agriculture cultivation
test_326,clear primary
test_327,clear primary
test_328,clear primary
test_329,clear primary agriculture habitation road
test_330,clear primary
test_331,haze primary
test_332,clear primary
test_333,clear partly_cloudy primary agriculture road
test_334,cloudy
test_335,partly_cloudy primary water
test_336,clear partly_cloudy primary
test_337,clear primary agriculture road
test_338,clear primary agriculture cultivation habitation road
test_339,partly_cloudy primary
test_340,clear primary road selective_logging
test_341,clear primary agriculture water road
test_342,haze cloudy
test_343,clear primary agriculture habitation road
test_344,clear primary water road
test_345,partly_cloudy primary water
test_346,clear primary
test_347,clear primary water habitation
test_348,clear haze primary agriculture water
test_349,clear primary agriculture habitation road
test_350,clear primary agriculture water cultivation road
test_351,clear primary
test_352,clear primary water
test_353,cloudy
test_354,clear primary
test_355,clear primary
test_356,clear primary agriculture road
test_357,clear primary
test_358,haze primary
test_359,clear primary water road
test_360,clear primary agriculture cultivation
test_361,cloudy
test_362,clear primary agriculture habitation road
test_363,partly_cloudy primary agriculture habitation road
test_364,clear primary agriculture bare_ground
test_365,clear primary
test_366,clear primary agriculture habitation road
test_367,partly_cloudy primary water road
test_368,clear primary
test_369,clear partly_cloudy primary agriculture habitation road
test_370,clear primary blooming
test_371,clear primary
test_372,clear primary agriculture habitation road
test_373,cloudy
test_374,haze primary water road
test_375,partly_cloudy primary
test_376,clear primary
test_377,partly_cloudy primary
test_378,partly_cloudy primary agriculture
test_379,haze cloudy primary
test_380,clear partly_cloudy primary agriculture cultivation habitation road
test_381,clear primary
test_382,partly_cloudy primary water road
test_383,clear primary water road bare_ground artisinal_mine
test_384,clear primary
test_385,partly_cloudy primary agriculture
test_386,clear primary
test_387,clear primary
test_388,clear cloudy agriculture bare_ground
test_389,clear haze primary agriculture road
test_390,clear primary agriculture cultivation habitation road
test_391,clear primary
test_392,partly_cloudy primary
test_393,clear primary agriculture water cultivation
test_394,clear primary
test_395,clear primary agriculture cultivation habitation road
test_396,clear primary
test_397,clear primary
test_398,clear primary agriculture water
test_399,clear primary agriculture water road
test_400,clear primary
test_401,clear primary agriculture cultivation
test_402,haze cloudy
test_403,clear primary
test_404,clear primary agriculture cultivation
test_405,clear primary water
test_406,haze primary
test_407,clear primary
test_408,clear primary water
test_409,clear primary
test_410,partly_cloudy cloudy
test_411,clear primary agriculture water road
test_412,clear primary agriculture water cultivation habitation
test_413,clear primary
test_414,cloudy
test_415,clear primary
test_416,clear primary agriculture water cultivation habitation road
test_417,clear primary agriculture water road
test_418,clear primary
test_419,partly_cloudy cloudy primary
test_420,clear primary agriculture cultivation habitation road
test_421,clear haze primary
test_422,clear primary
test_423,clear primary
test_424,clear primary water
test_425,clear partly_cloudy primary
test_426,clear primary agriculture cultivation road
test_427,clear primary water road selective_logging
test_428,clear primary agriculture cultivation
test_429,partly_cloudy primary agriculture cultivation
test_430,clear primary agriculture cultivation habitation
test_431,clear primary
test_432,clear primary
test_433,clear primary
test_434,clear primary agriculture water
test_435,clear primary agriculture water cultivation habitation road
test_436,cloudy
test_437,clear primary
test_438,clear primary agriculture water cultivation
test_439,clear primary agriculture road
test_440,partly_cloudy primary agriculture road
test_441,clear primary
test_442,clear primary agriculture cultivation
test_443,partly_cloudy primary agriculture road
test_444,partly_cloudy primary agriculture road
test_445,clear primary
test_446,partly_cloudy primary
test_447,clear primary water
test_448,clear primary agriculture cultivation habitation road
test_449,haze primary water
test_450,partly_cloudy primary
test_451,partly_cloudy primary agriculture water road
test_452,haze primary
test_453,clear primary
test_454,clear primary
test_455,clear primary
test_456,cloudy
test_457,partly_cloudy primary agriculture road
test_458,clear primary agriculture habitation road
test_459,clear primary
test_460,clear primary agriculture
test_461,clear partly_cloudy primary agriculture road
test_462,clear primary
test_463,clear primary
test_464,clear partly_cloudy primary
test_465,clear primary agriculture road
test_466,clear primary agriculture cultivation
test_467,clear haze primary
test_468,clear primary water
test_469,clear primary agriculture cultivation
test_470,clear primary
test_471,clear primary
test_472,partly_cloudy primary
test_473,clear primary agriculture water habitation road
test_474,clear partly_cloudy primary
test_475,clear primary
test_476,partly_cloudy cloudy
test_477,clear primary agriculture cultivation habitation road
test_478,clear primary agriculture road
test_479,haze cloudy
test_480,clear primary agriculture cultivation
test_481,clear primary
test_482,clear primary
test_483,partly_cloudy primary
test_484,partly_cloudy primary water habitation
test_485,clear primary
test_486,clear primary
test_487,partly_cloudy primary agriculture water cultivation habitation road
test_488,clear primary
test_489,clear haze primary agriculture water road
test_490,clear partly_cloudy primary agriculture cultivation
test_491,clear primary agriculture water habitation road
test_492,clear primary
test_493,clear primary water
test_494,clear primary
test_495,clear primary
test_496,partly_cloudy primary agriculture cultivation
test_497,clear primary agriculture cultivation habitation road
test_498,clear primary
test_499,clear primary
test_500,clear primary
test_501,clear primary
test_502,clear primary
test_503,clear primary agriculture road
test_504,partly_cloudy primary
test_505,clear primary agriculture road
test_506,clear primary
test_507,haze cloudy primary
test_508,clear primary agriculture water habitation
test_509,clear primary
test_510,clear primary water bare_ground artisinal_mine
test_511,clear primary agriculture road
test_512,haze cloudy primary
test_513,clear primary blooming
test_514,partly_cloudy primary agriculture
test_515,partly_cloudy primary
test_516,clear primary
test_517,clear primary agriculture water road
test_518,partly_cloudy primary agriculture water cultivation road conventional_mine
test_519,clear haze primary agriculture water road
test_520,cloudy
test_521,partly_cloudy primary
test_522,clear primary agriculture road
test_523,clear partly_cloudy primary
test_524,haze primary agriculture cultivation
test_525,clear primary
test_526,clear primary agriculture habitation road bare_ground
test_527,clear primary
test_528,clear primary agriculture road
test_529,partly_cloudy primary
test_530,clear partly_cloudy primary agriculture
test_531,clear primary agriculture water
test_532,clear primary blooming
test_533,clear primary blooming
test_534,clear primary
test_535,clear primary
test_536,clear primary agriculture water
test_537,partly_cloudy primary
test_538,clear primary
test_539,partly_cloudy primary agriculture cultivation
test_540,clear primary water road selective_logging
test_541,clear primary agriculture water road
test_542,clear primary water
test_543,clear primary
test_544,clear primary agriculture water cultivation habitation road
test_545,clear primary
test_546,clear partly_cloudy primary agriculture water road
test_547,clear primary
test_548,partly_cloudy primary
test_549,haze primary agriculture water habitation road
test_550,clear partly_cloudy primary agriculture water road
test_551,partly_cloudy primary agriculture road
test_552,clear primary
test_553,clear haze primary agriculture water road
test_554,clear primary
test_555,clear partly_cloudy primary agriculture water road
test_556,cloudy
test_557,clear primary
test_558,partly_cloudy primary agriculture water
test_559,clear primary
test_560,clear primary
test_561,partly_cloudy primary
test_562,clear primary agriculture
test_563,clear primary agriculture cultivation
test_564,clear primary agriculture habitation road
test_565,partly_cloudy primary
test_566,clear primary
test_567,partly_cloudy primary
test_568,clear primary agriculture water habitation road
test_569,clear primary water
test_570,clear partly_cloudy primary
test_571,clear primary
test_572,partly_cloudy primary
test_573,clear primary
test_574,clear primary
test_575,clear primary
test_576,clear primary
test_577,clear primary
test_578,clear haze primary
test_579,clear primary
test_580,clear primary agriculture habitation road
test_581,clear primary agriculture water cultivation road
test_582,clear primary agriculture cultivation
test_583,clear primary agriculture road
test_584,clear primary agriculture water
test_585,clear primary water
test_586,clear primary agriculture road
test_587,clear primary agriculture cultivation habitation
test_588,clear primary
test_589,partly_cloudy primary
test_590,clear primary
test_591,clear primary agriculture road
test_592,clear primary agriculture cultivation habitation road
test_593,clear primary
test_594,clear primary agriculture water cultivation
test_595,partly_cloudy primary water
test_596,clear primary water bare_ground artisinal_mine
test_597,clear partly_cloudy primary agriculture cultivation
test_598,partly_cloudy primary agriculture cultivation
test_599,clear primary
test_600,clear primary
test_601,haze primary agriculture cultivation
test_602,cloudy
test_603,clear primary
test_604,clear cloudy water
test_605,partly_cloudy primary
test_606,clear primary agriculture road
test_607,partly_cloudy primary
test_608,clear partly_cloudy primary agriculture cultivation habitation road
test_609,clear haze primary
test_610,clear primary
test_611,clear primary agriculture water cultivation artisinal_mine
test_612,clear primary
test_613,partly_cloudy primary
test_614,clear primary
test_615,clear primary agriculture water cultivation
test_616,clear primary
test_617,clear primary
test_618,clear primary
test_619,clear primary water habitation road artisinal_mine
test_620,clear primary agriculture cultivation
test_621,clear primary
test_622,clear partly_cloudy primary agriculture cultivation habitation road
test_623,clear primary
test_624,clear primary
test_625,clear primary
test_626,clear primary
test_627,clear primary cultivation
test_628,clear primary
test_629,clear primary
test_630,clear primary agriculture habitation road
test_631,haze primary agriculture water road
test_632,cloudy
test_633,clear primary water road
test_634,clear primary agriculture water road
test_635,clear primary
test_636,clear primary
test_637,clear primary
test_638,clear primary
test_639,clear primary agriculture cultivation
test_640,clear primary
test_641,clear primary agriculture water habitation road
test_642,clear primary agriculture water road bare_ground artisinal_mine
test_643,clear primary agriculture cultivation
test_644,clear primary
test_645,partly_cloudy primary
test_646,partly_cloudy primary
test_647,clear primary agriculture cultivation habitation road
test_648,clear primary agriculture road bare_ground
test_649,clear primary agriculture road
test_650,clear agriculture water bare_ground
test_651,clear primary agriculture water habitation road
test_652,clear primary
test_653,clear partly_cloudy primary agriculture cultivation habitation road
test_654,haze cloudy primary
test_655,clear primary
test_656,clear primary
test_657,partly_cloudy primary agriculture water cultivation habitation road
test_658,clear primary water road
test_659,clear primary
test_660,clear primary
test_661,clear primary
test_662,partly_cloudy primary
test_663,clear partly_cloudy primary water
test_664,cloudy
test_665,clear primary
test_666,clear primary
test_667,clear primary
test_668,clear primary agriculture water cultivation habitation road
test_669,clear primary
test_670,partly_cloudy primary agriculture cultivation
test_671,clear primary agriculture bare_ground
test_672,clear primary
test_673,clear haze primary
test_674,partly_cloudy primary
test_675,haze cloudy primary
test_676,clear primary agriculture cultivation
test_677,clear partly_cloudy primary water
test_678,clear primary agriculture bare_ground
test_679,haze cloudy primary
test_680,clear primary agriculture cultivation
test_681,clear primary water
test_682,clear primary
test_683,partly_cloudy primary
test_684,clear primary
test_685,clear primary agriculture water habitation road
test_686,clear primary
test_687,cloudy
test_688,clear primary agriculture road
test_689,clear primary agriculture water road
test_690,clear primary
test_691,clear partly_cloudy primary agriculture cultivation
test_692,haze primary
test_693,clear primary water
test_694,clear primary agriculture cultivation
test_695,clear primary agriculture cultivation
test_696,clear primary agriculture water
test_697,partly_cloudy primary
test_698,clear primary water road
test_699,clear partly_cloudy primary agriculture cultivation habitation
test_700,cloudy
test_701,clear primary agriculture habitation road
test_702,cloudy
test_703,clear primary
test_704,clear primary
test_705,clear primary
test_706,clear primary
test_707,clear primary agriculture water road selective_logging
test_708,clear primary
test_709,cloudy
test_710,clear primary
test_711,clear primary
test_712,partly_cloudy primary
test_713,clear primary
test_714,cloudy
test_715,partly_cloudy primary
test_716,clear primary
test_717,clear primary
test_718,clear partly_cloudy primary agriculture road
test_719,clear primary
test_720,clear primary agriculture water cultivation road
test_721,clear primary
test_722,clear primary
test_723,clear partly_cloudy primary water habitation road conventional_mine bare_ground artisinal_mine
test_724,clear primary agriculture road
test_725,clear primary agriculture habitation road
test_726,clear primary
test_727,partly_cloudy primary water road
test_728,clear primary
test_729,clear primary agriculture cultivation
test_730,clear primary agriculture cultivation
test_731,clear primary
test_732,clear primary
test_733,clear haze primary
test_734,clear primary
test_735,clear primary agriculture cultivation
test_736,clear partly_cloudy primary agriculture road
test_737,clear primary water
test_738,clear primary agriculture habitation road
test_739,clear primary water road
test_740,clear primary agriculture
test_741,partly_cloudy primary water
test_742,clear primary
test_743,clear primary
test_744,clear primary agriculture water cultivation habitation road
test_745,clear primary blooming
test_746,partly_cloudy primary
test_747,haze primary agriculture water road
test_748,clear primary
test_749,partly_cloudy primary
test_750,clear primary agriculture habitation road
test_751,clear primary
test_752,haze partly_cloudy primary
test_753,clear primary
test_754,cloudy
test_755,haze primary
test_756,clear primary agriculture habitation road
test_757,clear primary
test_758,cloudy
test_759,partly_cloudy primary water road
test_760,clear primary
test_761,partly_cloudy primary
test_762,clear primary
test_763,clear cloudy primary agriculture water
test_764,clear partly_cloudy primary agriculture water habitation road
test_765,clear primary
test_766,clear primary
test_767,clear primary agriculture water cultivation habitation road
test_768,clear primary
test_769,haze cloudy primary
test_770,clear primary agriculture cultivation
test_771,clear primary agriculture cultivation
test_772,partly_cloudy primary agriculture cultivation
test_773,partly_cloudy primary water
test_774,clear primary agriculture
test_775,clear primary agriculture water
test_776,clear primary water road
test_777,clear primary agriculture water cultivation habitation road
test_778,clear primary agriculture habitation road
test_779,clear primary
test_780,clear primary
test_781,clear primary agriculture habitation road
test_782,clear partly_cloudy primary agriculture water road
test_783,cloudy
test_784,clear primary agriculture road
test_785,partly_cloudy primary
test_786,clear partly_cloudy primary
test_787,clear primary agriculture
test_788,cloudy
test_789,partly_cloudy primary
test_790,clear primary water road
test_791,clear primary agriculture water cultivation
test_792,clear primary
test_793,partly_cloudy primary
test_794,clear primary water
test_795,clear primary water bare_ground artisinal_mine
test_796,clear primary
test_797,partly_cloudy primary
test_798,partly_cloudy primary agriculture cultivation
test_799,clear primary
test_800,clear primary
test_801,clear partly_cloudy primary agriculture cultivation road
test_802,clear primary agriculture road
test_803,clear primary agriculture cultivation
test_804,clear haze primary
test_805,clear primary
test_806,clear primary
test_807,clear primary agriculture habitation road bare_ground
test_808,clear primary
test_809,clear primary
test_810,partly_cloudy primary agriculture road
test_811,clear primary
test_812,clear primary agriculture water cultivation
test_813,clear primary
test_814,clear primary water
test_815,clear primary
test_816,clear primary water
test_817,cloudy
test_818,clear primary water habitation road
test_819,clear cloudy water
test_820,clear primary
test_821,clear primary agriculture bare_ground
test_822,clear primary
test_823,cloudy
test_824,clear primary
test_825,haze primary water
test_826,clear primary agriculture road
test_827,clear primary
test_828,clear primary water
test_829,clear primary
test_830,haze primary water
test_831,clear primary
test_832,partly_cloudy primary agriculture cultivation
test_833,partly_cloudy primary agriculture
test_834,clear primary
test_835,clear primary
test_836,clear primary
test_837,clear primary water
test_838,clear primary agriculture habitation road
test_839,clear primary
test_840,clear primary blooming
test_841,clear primary water
test_842,clear primary
test_843,haze cloudy
test_844,partly_cloudy primary agriculture road
test_845,clear primary agriculture habitation road
test_846,clear primary agriculture habitation road
test_847,clear primary
test_848,cloudy
test_849,cloudy
test_850,partly_cloudy primary agriculture water habitation road
test_851,clear primary
test_852,partly_cloudy primary
test_853,clear partly_cloudy primary water
test_854,clear primary agriculture water cultivation
test_855,clear primary
test_856,clear primary agriculture cultivation
test_857,clear partly_cloudy primary water
test_858,clear haze primary agriculture
test_859,clear primary agriculture cultivation
test_860,clear primary
test_861,clear primary
test_862,partly_cloudy primary
test_863,clear primary
test_864,clear primary
test_865,cloudy
test_866,partly_cloudy primary agriculture cultivation
test_867,cloudy
test_868,clear primary
test_869,clear primary
test_870,clear primary agriculture water cultivation
test_871,partly_cloudy primary
test_872,clear haze primary water road
test_873,clear primary
test_874,clear primary
test_875,partly_cloudy primary
test_876,clear primary
test_877,partly_cloudy primary agriculture road
test_878,partly_cloudy primary agriculture road
test_879,clear primary agriculture water road
test_880,clear primary
test_881,clear primary agriculture water cultivation habitation road
test_882,clear primary
test_883,haze cloudy
test_884,clear primary
test_885,clear primary
test_886,haze primary water
test_887,partly_cloudy primary agriculture cultivation habitation road
test_888,partly_cloudy primary
test_889,haze cloudy primary
test_890,clear primary
test_891,clear primary agriculture cultivation
test_892,clear partly_cloudy primary
test_893,partly_cloudy cloudy primary
test_894,clear primary water road
test_895,clear primary agriculture bare_ground
test_896,clear primary
test_897,haze cloudy primary water
test_898,cloudy
test_899,clear partly_cloudy primary agriculture water habitation road conventional_mine bare_ground artisinal_mine
test_900,clear primary agriculture habitation road
test_901,clear primary
test_902,haze cloudy primary
test_903,partly_cloudy primary agriculture cultivation
test_904,partly_cloudy primary agriculture cultivation
test_905,clear primary
test_906,clear primary agriculture road
test_907,clear primary
test_908,clear primary
test_909,clear primary
test_910,cloudy
test_911,clear primary
test_912,clear primary agriculture cultivation
test_913,clear primary agriculture cultivation
test_914,clear primary agriculture water habitation
test_915,clear primary
test_916,clear primary
test_917,haze primary agriculture water
test_918,clear primary
test_919,haze primary
test_920,clear primary
test_921,haze cloudy
test_922,cloudy
test_923,clear primary agriculture road
test_924,partly_cloudy cloudy primary
test_925,cloudy
test_926,clear primary agriculture habitation road
test_927,clear primary water
test_928,clear primary agriculture water road
test_929,partly_cloudy primary
test_930,clear primary water road selective_logging
test_931,clear primary
test_932,clear primary
test_933,clear primary
test_934,partly_cloudy primary
test_935,clear primary water road
test_936,clear partly_cloudy primary agriculture
test_937,haze cloudy primary
test_938,clear primary water
test_939,clear primary water road selective_logging
test_940,clear primary
test_941,clear primary agriculture road
test_942,clear primary agriculture road
test_943,partly_cloudy primary
test_944,cloudy
test_945,clear primary
test_946,clear primary water road
test_947,clear partly_cloudy primary
test_948,clear primary
test_949,clear primary agriculture cultivation
test_950,partly_cloudy primary road
test_951,partly_cloudy primary agriculture road
test_952,clear partly_cloudy primary agriculture cultivation habitation road
test_953,clear primary agriculture cultivation habitation road
test_954,partly_cloudy primary
test_955,clear primary agriculture water road
test_956,partly_cloudy primary
test_957,partly_cloudy primary agriculture water habitation
test_958,clear haze primary agriculture habitation road
test_959,haze cloudy primary
test_960,partly_cloudy primary
test_961,partly_cloudy primary agriculture cultivation
test_962,clear primary
test_963,clear primary agriculture cultivation road
test_964,clear primary
test_965,clear primary
test_966,clear primary
test_967,clear primary
test_968,clear primary agriculture water cultivation
test_969,clear primary
test_970,clear primary
test_971,clear primary
test_972,clear primary cultivation
test_973,partly_cloudy primary agriculture cultivation
test_974,clear primary agriculture water bare_ground
test_975,clear primary
test_976,clear primary agriculture cultivation
test_977,clear primary agriculture water
test_978,clear primary
test_979,partly_cloudy primary
test_980,clear primary agriculture water cultivation habitation road
test_981,clear primary agriculture cultivation
test_982,clear primary agriculture cultivation
test_983,clear primary
test_984,clear primary agriculture habitation road
test_985,clear partly_cloudy primary agriculture road
test_986,clear primary
test_987,clear primary
test_988,clear primary
test_989,clear primary agriculture
test_990,haze primary
test_991,clear primary agriculture cultivation
test_992,clear primary
test_993,clear primary agriculture habitation road
test_994,clear primary water road
test_995,clear primary agriculture water cultivation road
test_996,clear primary
test_997,clear primary
test_998,haze primary
test_999,clear primary
test_1000,clear primary agriculture water road
test_1001,clear primary
test_1002,clear primary
test_1003,clear primary water habitation road bare_ground artisinal_mine
test_1004,clear haze primary agriculture cultivation road
test_1005,clear primary
test_1006,clear partly_cloudy primary
test_1007,clear primary water
test_1008,partly_cloudy primary
test_1009,clear primary agriculture water road
test_1010,cloudy
test_1011,clear primary
test_1012,clear primary
test_1013,partly_cloudy primary
test_1014,clear primary
test_1015,clear primary agriculture cultivation
test_1016,clear primary agriculture cultivation habitation road
test_1017,clear primary agriculture water
test_1018,partly_cloudy primary agriculture water
test_1019,partly_cloudy primary agriculture cultivation habitation road
test_1020,clear primary agriculture cultivation
test_1021,partly_cloudy primary water
test_1022,haze cloudy
test_1023,partly_cloudy cloudy primary water
test_1024,clear primary
test_1025,clear primary agriculture water
test_1026,partly_cloudy primary
test_1027,clear primary agriculture cultivation road
test_1028,partly_cloudy primary agriculture road
test_1029,clear haze primary agriculture water
test_1030,clear primary agriculture cultivation
test_1031,clear primary
test_1032,clear haze primary water road
test_1033,partly_cloudy primary agriculture cultivation
test_1034,clear primary
test_1035,clear primary blooming
test_1036,clear primary
test_1037,clear primary agriculture cultivation
test_1038,clear primary water road selective_logging
test_1039,cloudy
test_1040,clear primary
test_1041,partly_cloudy primary
test_1042,clear primary water
test_1043,haze partly_cloudy primary agriculture
test_1044,partly_cloudy primary agriculture
test_1045,clear primary
test_1046,clear primary agriculture water
test_1047,clear primary agriculture water
test_1048,clear primary
test_1049,clear primary
test_1050,clear primary
test_1051,clear primary
test_1052,clear primary
test_1053,clear primary water
test_1054,partly_cloudy primary
test_1055,clear primary agriculture water cultivation habitation
test_1056,haze primary
test_1057,clear primary agriculture cultivation habitation road
test_1058,clear primary agriculture water road
test_1059,clear partly_cloudy primary agriculture
test_1060,clear primary water road selective_logging
test_1061,clear primary
test_1062,partly_cloudy primary agriculture road
test_1063,clear primary
test_1064,clear primary
test_1065,clear primary
test_1066,clear primary agriculture cultivation habitation road
test_1067,clear primary
test_1068,cloudy
test_1069,clear primary agriculture cultivation
test_1070,clear primary agriculture habitation road
test_1071,clear primary agriculture habitation road
test_1072,clear primary
test_1073,clear primary agriculture
test_1074,clear primary
test_1075,partly_cloudy primary agriculture road
test_1076,clear primary water
test_1077,clear primary water
test_1078,clear primary agriculture bare_ground
test_1079,clear primary
test_1080,clear primary
test_1081,clear primary
test_1082,cloudy
test_1083,clear primary agriculture habitation road
test_1084,clear partly_cloudy primary
test_1085,clear primary
test_1086,clear primary agriculture bare_ground
test_1087,clear primary agriculture water cultivation habitation road
test_1088,clear primary
test_1089,clear primary habitation road
test_1090,clear primary water road selective_logging
test_1091,clear primary water
test_1092,clear primary agriculture water bare_ground
test_1093,clear primary
test_1094,clear primary agriculture habitation road
test_1095,clear primary
test_1096,partly_cloudy primary
test_1097,partly_cloudy primary agriculture
test_1098,clear haze primary
test_1099,clear primary
test_1100,clear primary agriculture habitation road
test_1101,clear primary agriculture cultivation
test_1102,clear primary agriculture cultivation habitation
test_1103,clear primary water
test_1104,clear partly_cloudy primary agriculture water cultivation road
test_1105,clear primary
test_1106,clear partly_cloudy primary
test_1107,clear partly_cloudy primary agriculture road bare_ground
test_1108,partly_cloudy primary agriculture road
test_1109,clear cloudy water
test_1110,clear primary water
test_1111,clear primary
test_1112,clear primary agriculture water road
test_1113,clear primary water
test_1114,clear cloudy water
test_1115,clear primary water road
test_1116,clear primary agriculture habitation road
test_1117,partly_cloudy primary
test_1118,cloudy
test_1119,clear primary agriculture habitation road
test_1120,clear primary
test_1121,clear primary
test_1122,clear primary agriculture cultivation
test_1123,clear primary agriculture water cultivation habitation road
test_1124,clear primary
test_1125,clear primary
test_1126,partly_cloudy primary
test_1127,clear primary agriculture road
test_1128,clear primary agriculture cultivation road
test_1129,partly_cloudy primary
test_1130,clear primary
test_1131,haze cloudy primary
test_1132,cloudy
test_1133,clear primary
test_1134,clear primary agriculture habitation road
test_1135,clear primary
test_1136,clear primary
test_1137,clear primary water road
test_1138,clear primary
test_1139,cloudy
test_1140,partly_cloudy primary
test_1141,partly_cloudy primary
test_1142,haze primary
test_1143,clear primary
test_1144,clear primary agriculture cultivation habitation
test_1145,clear primary
test_1146,clear primary agriculture cultivation
test_1147,haze cloudy primary
test_1148,clear primary
test_1149,cloudy
test_1150,clear primary
test_1151,clear primary
test_1152,clear primary
test_1153,clear primary
test_1154,clear primary
test_1155,clear primary water
test_1156,clear haze primary agriculture water road
test_1157,partly_cloudy primary
test_1158,clear primary agriculture cultivation
test_1159,partly_cloudy cloudy primary
test_1160,clear haze primary agriculture
test_1161,partly_cloudy cloudy primary
test_1162,clear haze primary water
test_1163,clear primary agriculture water habitation road
test_1164,clear primary agriculture water habitation
test_1165,clear primary agriculture
test_1166,clear primary
test_1167,clear primary
test_1168,clear primary agriculture cultivation
test_1169,clear partly_cloudy primary
test_1170,clear primary
test_1171,clear primary agriculture cultivation
test_1172,clear primary
test_1173,clear primary agriculture road
test_1174,clear primary habitation road
test_1175,partly_cloudy primary
test_1176,clear primary agriculture road
test_1177,cloudy
test_1178,clear primary
test_1179,clear primary agriculture cultivation
test_1180,clear primary agriculture habitation road
test_1181,clear primary
test_1182,clear primary
test_1183,clear haze primary agriculture cultivation
test_1184,clear partly_cloudy primary agriculture cultivation
test_1185,clear primary agriculture road conventional_mine bare_ground
test_1186,partly_cloudy cloudy primary
test_1187,clear primary
test_1188,clear primary agriculture water road
test_1189,clear primary
test_1190,cloudy
test_1191,clear primary agriculture road bare_ground
test_1192,clear primary
test_1193,clear primary water road selective_logging
test_1194,clear primary
test_1195,clear primary agriculture water bare_ground
test_1196,clear primary agriculture water habitation road
test_1197,clear primary agriculture cultivation
test_1198,clear primary
test_1199,clear primary
test_1200,clear primary agriculture water habitation road
test_1201,clear primary
test_1202,clear primary agriculture bare_ground
test_1203,clear primary
test_1204,clear primary agriculture road
test_1205,clear primary
test_1206,clear cloudy water
test_1207,clear primary
test_1208,haze primary
test_1209,clear primary agriculture cultivation habitation
test_1210,clear primary agriculture water habitation road
test_1211,clear primary agriculture water
test_1212,clear primary water
test_1213,clear partly_cloudy primary
test_1214,clear primary agriculture water bare_ground
test_1215,clear haze primary agriculture water cultivation
test_1216,clear primary
test_1217,partly_cloudy primary agriculture water road
test_1218,clear primary agriculture cultivation habitation road
test_1219,partly_cloudy primary
test_1220,clear primary agriculture cultivation
test_1221,clear primary agriculture cultivation
test_1222,clear primary agriculture water
test_1223,partly_cloudy primary agriculture
test_1224,clear primary
test_1225,clear primary
test_1226,clear primary agriculture habitation road
test_1227,cloudy
test_1228,partly_cloudy primary water road
test_1229,partly_cloudy primary
test_1230,clear primary water
test_1231,clear primary agriculture cultivation habitation road
test_1232,clear partly_cloudy primary water
test_1233,clear primary
test_1234,clear primary
test_1235,clear primary
test_1236,clear primary agriculture water
test_1237,clear primary agriculture cultivation road
test_1238,haze primary agriculture
test_1239,clear primary agriculture water
test_1240,clear primary
test_1241,partly_cloudy primary agriculture road
test_1242,clear primary
test_1243,clear primary blooming
test_1244,clear primary
test_1245,haze primary agriculture water
test_1246,partly_cloudy primary
test_1247,clear primary agriculture road
test_1248,clear primary
test_1249,clear primary
test_1250,clear primary agriculture road
test_1251,clear primary
test_1252,clear haze primary agriculture cultivation
test_1253,clear partly_cloudy primary agriculture road
test_1254,clear primary agriculture road
test_1255,clear primary agriculture water road
test_1256,partly_cloudy primary water road
test_1257,clear primary
test_1258,clear primary agriculture road
test_1259,partly_cloudy primary agriculture road
test_1260,clear primary
test_1261,clear primary agriculture cultivation
test_1262,clear primary
test_1263,clear primary agriculture cultivation
test_1264,clear primary
test_1265,partly_cloudy primary agriculture water cultivation
test_1266,clear primary
test_1267,clear primary
test_1268,clear primary
test_1269,clear primary
test_1270,clear haze primary agriculture water habitation road
test_1271,clear primary
test_1272,partly_cloudy primary
test_1273,clear primary
test_1274,clear primary
test_1275,clear primary water
test_1276,clear primary agriculture habitation road bare_ground
test_1277,clear primary agriculture habitation road
test_1278,partly_cloudy primary
test_1279,partly_cloudy primary
test_1280,clear primary agriculture road bare_ground
test_1281,clear primary
test_1282,clear primary water bare_ground artisinal_mine
test_1283,cloudy
test_1284,clear primary agriculture water road
test_1285,clear primary
test_1286,clear primary
test_1287,clear primary agriculture cultivation habitation
test_1288,clear primary agriculture cultivation
test_1289,clear primary
test_1290,clear primary agriculture water
test_1291,clear primary
test_1292,clear primary agriculture road bare_ground
test_1293,clear primary agriculture cultivation
test_1294,partly_cloudy primary agriculture habitation road
test_1295,partly_cloudy primary
test_1296,clear primary agriculture habitation road
test_1297,haze cloudy primary
test_1298,clear primary
test_1299,clear primary
test_1300,partly_cloudy primary agriculture cultivation habitation road
test_1301,clear primary
test_1302,cloudy
test_1303,partly_cloudy primary agriculture cultivation
test_1304,partly_cloudy primary
test_1305,clear primary
test_1306,clear haze primary agriculture water habitation road
test_1307,partly_cloudy primary agriculture habitation road
test_1308,clear primary
test_1309,clear primary agriculture cultivation road
test_1310,clear primary
test_1311,clear primary agriculture road
test_1312,partly_cloudy primary agriculture cultivation
test_1313,partly_cloudy primary agriculture road
test_1314,clear primary agriculture habitation road
test_1315,clear primary agriculture road
test_1316,clear primary
test_1317,clear primary
test_1318,clear primary agriculture cultivation
test_1319,clear primary
test_1320,clear primary
test_1321,clear primary agriculture cultivation
test_1322,clear primary
test_1323,partly_cloudy primary
test_1324,clear primary
test_1325,clear primary
test_1326,clear primary
test_1327,haze primary
test_1328,clear primary agriculture water cultivation road
test_1329,clear primary agriculture habitation road
test_1330,clear partly_cloudy primary agriculture cultivation
test_1331,partly_cloudy primary
test_1332,clear primary
test_1333,clear primary water road
test_1334,partly_cloudy primary water road
test_1335,partly_cloudy primary agriculture habitation road
test_1336,partly_cloudy primary agriculture water cultivation habitation road
test_1337,clear primary
test_1338,clear primary agriculture road bare_ground
test_1339,partly_cloudy primary
test_1340,cloudy
test_1341,clear primary
test_1342,clear primary water
test_1343,partly_cloudy cloudy primary
test_1344,clear primary
test_1345,clear primary agriculture cultivation habitation road
test_1346,clear primary water
test_1347,clear primary
test_1348,clear primary
test_1349,clear partly_cloudy primary
test_1350,clear primary agriculture cultivation road
test_1351,clear primary agriculture cultivation
test_1352,clear primary agriculture cultivation
test_1353,clear primary agriculture habitation road
test_1354,partly_cloudy primary
test_1355,clear partly_cloudy primary agriculture water road
test_1356,clear primary agriculture road
test_1357,clear primary
test_1358,clear primary
test_1359,clear cloudy primary water
test_1360,partly_cloudy primary
test_1361,clear partly_cloudy primary agriculture cultivation habitation road
test_1362,clear primary
test_1363,clear haze primary agriculture
test_1364,partly_cloudy primary
test_1365,clear haze primary
test_1366,clear primary agriculture cultivation habitation
test_1367,haze primary
test_1368,clear primary water habitation road bare_ground artisinal_mine
test_1369,clear primary habitation road
test_1370,clear primary agriculture cultivation
test_1371,cloudy
test_1372,cloudy
test_1373,partly_cloudy primary
test_1374,clear primary
test_1375,clear primary agriculture road
test_1376,clear primary agriculture habitation road
test_1377,partly_cloudy primary
test_1378,clear primary agriculture water cultivation habitation road
test_1379,partly_cloudy primary agriculture road
test_1380,clear haze primary agriculture water cultivation road
test_1381,clear primary
test_1382,clear primary agriculture cultivation
test_1383,clear primary water
test_1384,clear cloudy primary water
test_1385,clear primary agriculture cultivation
test_1386,haze cloudy primary
test_1387,clear primary agriculture road
test_1388,clear primary water road
test_1389,clear primary
test_1390,partly_cloudy primary
test_1391,clear primary
test_1392,clear partly_cloudy primary
test_1393,clear haze primary agriculture road
test_1394,clear partly_cloudy primary
test_1395,clear primary agriculture cultivation
test_1396,clear haze primary agriculture water
test_1397,clear primary
test_1398,partly_cloudy primary agriculture road
test_1399,clear primary habitation road
test_1400,clear primary agriculture cultivation
test_1401,clear primary agriculture road
test_1402,clear primary agriculture water road
test_1403,clear primary
test_1404,partly_cloudy primary
test_1405,clear primary
test_1406,partly_cloudy primary agriculture habitation road
test_1407,partly_cloudy cloudy
test_1408,clear primary
test_1409,clear primary agriculture
test_1410,clear partly_cloudy primary
test_1411,clear primary water
test_1412,clear primary
test_1413,partly_cloudy primary agriculture cultivation habitation
test_1414,clear primary
test_1415,partly_cloudy primary
test_1416,haze primary
test_1417,clear primary
test_1418,clear primary
test_1419,clear primary water artisinal_mine
test_1420,clear primary
test_1421,clear primary
test_1422,clear primary water road
test_1423,clear primary agriculture water
test_1424,clear primary
test_1425,haze cloudy primary
test_1426,clear primary
test_1427,clear primary water road
test_1428,clear primary water road
test_1429,clear primary agriculture
test_1430,clear primary
test_1431,clear primary
test_1432,clear primary agriculture cultivation habitation road
test_1433,clear primary
test_1434,clear primary habitation road
test_1435,clear primary blooming
test_1436,clear primary agriculture habitation road
test_1437,clear primary agriculture
test_1438,clear primary agriculture water road
test_1439,clear primary
test_1440,partly_cloudy primary agriculture water cultivation habitation
test_1441,clear primary
test_1442,partly_cloudy primary agriculture cultivation habitation road
test_1443,clear primary agriculture
test_1444,partly_cloudy primary
test_1445,haze cloudy primary
test_1446,clear partly_cloudy primary agriculture cultivation
test_1447,clear primary
test_1448,clear primary
test_1449,clear primary agriculture cultivation
test_1450,cloudy
test_1451,partly_cloudy primary agriculture cultivation
test_1452,clear primary
test_1453,clear primary
test_1454,clear primary
test_1455,partly_cloudy primary
test_1456,clear primary
test_1457,cloudy
test_1458,clear primary agriculture cultivation
test_1459,clear primary
test_1460,clear primary agriculture cultivation
test_1461,clear primary agriculture cultivation habitation road
test_1462,clear primary
test_1463,clear primary water bare_ground artisinal_mine
test_1464,partly_cloudy primary agriculture cultivation habitation road
test_1465,partly_cloudy primary agriculture water habitation
test_1466,partly_cloudy primary
test_1467,clear primary agriculture cultivation
test_1468,clear primary
test_1469,partly_cloudy primary agriculture cultivation
test_1470,clear haze primary agriculture road
test_1471,clear primary
test_1472,clear primary
test_1473,clear primary water road
test_1474,clear primary
test_1475,partly_cloudy primary agriculture cultivation
test_1476,clear cloudy primary water
test_1477,partly_cloudy primary agriculture cultivation
test_1478,clear primary water road conventional_mine bare_ground artisinal_mine
test_1479,clear primary
test_1480,haze primary
test_1481,clear primary agriculture water habitation road
test_1482,clear primary water road artisinal_mine selective_logging
test_1483,clear primary agriculture road
test_1484,clear primary
test_1485,clear primary
test_1486,partly_cloudy primary agriculture cultivation
test_1487,clear haze primary water
test_1488,partly_cloudy primary agriculture cultivation
test_1489,clear primary agriculture habitation road
test_1490,clear primary agriculture cultivation
test_1491,clear partly_cloudy primary agriculture habitation road
test_1492,clear partly_cloudy primary
test_1493,clear primary agriculture cultivation
test_1494,clear primary agriculture road
test_1495,partly_cloudy primary agriculture habitation road
test_1496,clear primary agriculture water road
test_1497,clear primary agriculture water cultivation habitation road
test_1498,partly_cloudy primary agriculture cultivation road
test_1499,partly_cloudy primary
test_1500,clear primary
test_1501,clear primary agriculture cultivation
test_1502,clear primary
test_1503,clear primary
test_1504,clear primary
test_1505,partly_cloudy primary agriculture road
test_1506,clear primary
test_1507,clear primary
test_1508,clear primary
test_1509,clear primary agriculture road
test_1510,clear primary water
test_1511,partly_cloudy primary
test_1512,clear cloudy water
test_1513,clear primary
test_1514,clear haze primary agriculture road
test_1515,clear primary agriculture water cultivation road
test_1516,clear primary
test_1517,clear primary water road
test_1518,clear primary
test_1519,cloudy
test_1520,clear primary
test_1521,clear primary agriculture habitation road
test_1522,clear primary
test_1523,cloudy
test_1524,clear primary
test_1525,partly_cloudy primary agriculture water road
test_1526,clear primary
test_1527,clear primary agriculture water habitation road
test_1528,clear primary
test_1529,partly_cloudy primary agriculture cultivation habitation road
test_1530,clear primary agriculture cultivation
test_1531,partly_cloudy primary water
test_1532,clear primary
test_1533,cloudy
test_1534,clear partly_cloudy primary agriculture road
test_1535,cloudy
test_1536,cloudy
test_1537,clear primary
test_1538,clear primary
test_1539,clear primary
test_1540,clear primary
test_1541,partly_cloudy primary
test_1542,cloudy
test_1543,partly_cloudy primary water
test_1544,clear partly_cloudy primary agriculture water cultivation habitation road
test_1545,clear primary
test_1546,clear primary
test_1547,partly_cloudy primary agriculture road
test_1548,clear primary water road
test_1549,partly_cloudy primary
test_1550,clear primary
test_1551,clear primary
test_1552,partly_cloudy primary agriculture road
test_1553,clear primary agriculture water habitation road
test_1554,clear primary agriculture cultivation
test_1555,clear primary habitation road
test_1556,clear primary
test_1557,partly_cloudy primary
test_1558,haze primary agriculture
test_1559,clear haze primary water road
test_1560,clear primary
test_1561,haze partly_cloudy primary agriculture water
test_1562,partly_cloudy cloudy primary
test_1563,clear primary agriculture water
test_1564,clear primary
test_1565,clear primary agriculture
test_1566,clear primary agriculture bare_ground
test_1567,clear primary
test_1568,haze primary agriculture water road
test_1569,clear primary
test_1570,clear primary agriculture
test_1571,clear cloudy water
test_1572,clear primary agriculture cultivation
test_1573,cloudy
test_1574,partly_cloudy primary
test_1575,clear primary agriculture water cultivation habitation road
test_1576,clear primary
test_1577,clear partly_cloudy primary
test_1578,clear primary agriculture cultivation
test_1579,clear primary
test_1580,clear primary
test_1581,clear primary water
test_1582,clear primary agriculture cultivation habitation
test_1583,clear primary agriculture
test_1584,clear primary
test_1585,clear primary
test_1586,clear primary agriculture cultivation
test_1587,clear primary agriculture habitation road
test_1588,clear primary agriculture water cultivation
test_1589,clear primary agriculture cultivation
test_1590,clear primary agriculture
test_1591,clear primary water road selective_logging
test_1592,clear primary agriculture habitation road
test_1593,clear primary agriculture cultivation habitation
test_1594,clear primary water road
test_1595,partly_cloudy primary agriculture road
test_1596,clear primary water
test_1597,clear primary
test_1598,clear primary
test_1599,clear primary
test_1600,clear primary agriculture water cultivation habitation road
test_1601,clear primary water
test_1602,partly_cloudy primary agriculture cultivation habitation
test_1603,clear primary agriculture cultivation road
test_1604,clear primary agriculture water bare_ground
test_1605,clear primary
test_1606,cloudy
test_1607,clear partly_cloudy primary
test_1608,clear primary
test_1609,clear primary
test_1610,clear haze primary agriculture water road
test_1611,clear primary agriculture water cultivation habitation road
test_1612,clear primary
test_1613,partly_cloudy primary agriculture water cultivation habitation road
test_1614,clear primary agriculture habitation road
test_1615,clear primary
test_1616,partly_cloudy cloudy primary agriculture water road
test_1617,clear primary agriculture cultivation habitation road
test_1618,clear primary agriculture water cultivation road
test_1619,clear haze primary
test_1620,clear primary agriculture road
test_1621,clear partly_cloudy primary
test_1622,clear primary
test_1623,clear haze primary agriculture road
test_1624,clear primary agriculture cultivation
test_1625,haze primary
test_1626,clear primary agriculture habitation road
test_1627,partly_cloudy primary
test_1628,clear primary agriculture road
test_1629,clear primary
test_1630,partly_cloudy primary agriculture water
test_1631,clear primary
test_1632,clear primary agriculture habitation road
test_1633,haze primary
test_1634,clear primary agriculture road
test_1635,clear primary
test_1636,clear primary agriculture road
test_1637,clear primary
test_1638,partly_cloudy primary
test_1639,clear primary
test_1640,clear primary agriculture cultivation habitation
test_1641,clear primary agriculture habitation road bare_ground
test_1642,clear primary agriculture cultivation habitation road
test_1643,clear primary
test_1644,clear primary
test_1645,partly_cloudy primary water
test_1646,cloudy
test_1647,clear primary agriculture cultivation
test_1648,clear primary agriculture road
test_1649,partly_cloudy primary
test_1650,clear primary agriculture water habitation road
test_1651,partly_cloudy primary agriculture cultivation
test_1652,haze primary agriculture water road
test_1653,partly_cloudy primary
test_1654,clear partly_cloudy primary agriculture cultivation habitation road
test_1655,clear primary agriculture habitation road
test_1656,partly_cloudy primary agriculture cultivation habitation
test_1657,clear primary agriculture cultivation road
test_1658,clear primary agriculture road
test_1659,partly_cloudy primary agriculture water habitation road
test_1660,partly_cloudy primary water
test_1661,clear primary
test_1662,clear primary agriculture road
test_1663,cloudy
test_1664,clear haze primary agriculture cultivation
test_1665,clear primary water road selective_logging
test_1666,clear primary
test_1667,clear primary
test_1668,clear primary
test_1669,partly_cloudy primary
test_1670,clear primary agriculture
test_1671,clear primary
test_1672,clear primary
test_1673,haze primary
test_1674,clear primary agriculture cultivation
test_1675,clear primary water
test_1676,clear primary agriculture road
test_1677,partly_cloudy primary water road
test_1678,clear primary agriculture
test_1679,cloudy
test_1680,clear primary
test_1681,clear primary agriculture habitation road bare_ground
test_1682,clear primary agriculture cultivation
test_1683,partly_cloudy cloudy primary
test_1684,clear primary agriculture cultivation
test_1685,clear primary agriculture cultivation habitation road
test_1686,partly_cloudy primary
test_1687,clear primary
test_1688,partly_cloudy primary water
test_1689,clear primary
test_1690,clear primary water road
test_1691,clear primary water road
test_1692,clear primary
test_1693,clear primary
test_1694,clear primary agriculture road selective_logging
test_1695,clear primary agriculture cultivation
test_1696,clear primary
test_1697,partly_cloudy primary
test_1698,clear primary agriculture water cultivation
test_1699,clear primary
test_1700,clear primary
test_1701,clear primary
test_1702,clear primary
test_1703,clear primary
test_1704,clear primary
test_1705,clear primary
test_1706,partly_cloudy primary agriculture
test_1707,partly_cloudy primary
test_1708,clear primary
test_1709,partly_cloudy primary agriculture cultivation
test_1710,clear primary agriculture
test_1711,clear primary agriculture water cultivation
test_1712,clear primary
test_1713,partly_cloudy primary agriculture cultivation
test_1714,clear primary agriculture habitation road
test_1715,partly_cloudy primary agriculture water
test_1716,clear primary
test_1717,clear primary water
test_1718,clear primary
test_1719,clear primary
test_1720,clear cloudy water
test_1721,clear primary agriculture cultivation
test_1722,clear primary agriculture water road
test_1723,clear primary agriculture road bare_ground
test_1724,clear primary
test_1725,clear primary
test_1726,clear primary water cultivation habitation road
test_1727,haze primary water
test_1728,cloudy primary
test_1729,clear partly_cloudy primary agriculture cultivation
test_1730,clear primary agriculture habitation road
test_1731,clear primary agriculture habitation road
test_1732,partly_cloudy primary water
test_1733,clear primary
test_1734,clear primary agriculture cultivation
test_1735,clear primary agriculture water bare_ground
test_1736,clear haze primary water
test_1737,cloudy
test_1738,clear primary agriculture water cultivation habitation road
test_1739,clear primary water road artisinal_mine
test_1740,clear primary
test_1741,clear primary
test_1742,clear primary
test_1743,clear primary agriculture water cultivation road
test_1744,clear primary water road
test_1745,partly_cloudy primary
test_1746,cloudy
test_1747,clear primary
test_1748,clear primary
test_1749,clear primary
test_1750,partly_cloudy primary agriculture water cultivation
test_1751,clear primary
test_1752,clear primary agriculture water cultivation road
test_1753,clear primary water
test_1754,clear primary
test_1755,clear partly_cloudy primary agriculture cultivation
test_1756,clear primary
test_1757,partly_cloudy primary agriculture cultivation
test_1758,clear primary agriculture habitation road
test_1759,partly_cloudy primary water road
test_1760,clear primary blooming selective_logging
test_1761,haze primary
test_1762,clear primary
test_1763,partly_cloudy primary agriculture water road
test_1764,clear haze cloudy primary agriculture water
test_1765,clear primary agriculture road
test_1766,clear primary agriculture habitation road
test_1767,clear primary agriculture cultivation habitation road
test_1768,haze cloudy primary
test_1769,clear primary agriculture cultivation habitation road
test_1770,clear primary
test_1771,clear primary agriculture road
test_1772,clear primary
test_1773,cloudy
test_1774,clear primary
test_1775,clear primary
test_1776,clear primary
test_1777,clear primary
test_1778,clear primary agriculture cultivation habitation road
test_1779,clear primary
test_1780,clear primary
test_1781,haze cloudy primary
test_1782,clear primary agriculture
test_1783,clear primary agriculture water road
test_1784,clear primary agriculture water road
test_1785,clear cloudy water
test_1786,clear primary water
test_1787,clear primary agriculture road
test_1788,clear primary
test_1789,partly_cloudy primary
test_1790,clear primary agriculture cultivation
test_1791,clear primary water
test_1792,clear primary
test_1793,clear primary
test_1794,clear primary
test_1795,clear primary agriculture water cultivation road
test_1796,clear primary
test_1797,partly_cloudy primary agriculture
test_1798,clear primary agriculture water cultivation
test_1799,clear primary
test_1800,partly_cloudy primary
test_1801,clear primary
test_1802,clear partly_cloudy primary agriculture cultivation
test_1803,partly_cloudy primary
test_1804,clear primary
test_1805,clear primary agriculture road
test_1806,clear primary
test_1807,clear primary
test_1808,clear primary
test_1809,clear primary
test_1810,clear primary
test_1811,clear primary agriculture habitation road
test_1812,partly_cloudy primary agriculture cultivation
test_1813,clear primary agriculture cultivation
test_1814,partly_cloudy primary water
test_1815,clear primary habitation road
test_1816,clear primary
test_1817,clear primary
test_1818,clear primary agriculture habitation road
test_1819,clear primary agriculture water
test_1820,clear partly_cloudy primary agriculture habitation road
test_1821,clear primary agriculture cultivation road
test_1822,clear primary
test_1823,partly_cloudy primary
test_1824,clear primary agriculture cultivation road
test_1825,clear primary agriculture cultivation
test_1826,haze cloudy primary water
test_1827,clear primary
test_1828,clear primary
test_1829,clear primary
test_1830,clear primary agriculture water road
test_1831,clear primary
test_1832,clear partly_cloudy primary
test_1833,clear primary
test_1834,haze cloudy primary
test_1835,haze primary
test_1836,clear primary
test_1837,clear primary
test_1838,clear partly_cloudy primary
test_1839,clear primary water
test_1840,clear primary agriculture habitation road
test_1841,clear haze primary
test_1842,partly_cloudy primary
test_1843,haze primary
test_1844,clear primary
test_1845,clear primary agriculture water habitation road
test_1846,partly_cloudy primary agriculture cultivation road
test_1847,clear primary
test_1848,clear primary
test_1849,clear primary
test_1850,partly_cloudy primary
test_1851,clear primary
test_1852,clear primary agriculture cultivation
test_1853,clear primary agriculture habitation road
test_1854,clear primary
test_1855,clear partly_cloudy primary agriculture road
test_1856,clear primary road blooming selective_logging
test_1857,clear primary agriculture water cultivation habitation
test_1858,clear primary agriculture habitation road
test_1859,clear cloudy water
test_1860,clear primary
test_1861,haze cloudy primary
test_1862,clear primary water road
test_1863,clear primary agriculture road
test_1864,clear primary agriculture water cultivation
test_1865,partly_cloudy primary agriculture cultivation habitation
test_1866,clear primary
test_1867,clear primary
test_1868,clear primary agriculture cultivation
test_1869,clear primary agriculture cultivation habitation
test_1870,clear primary agriculture road
test_1871,partly_cloudy primary
test_1872,clear haze primary
test_1873,clear haze primary agriculture cultivation
test_1874,clear primary
test_1875,haze partly_cloudy primary
test_1876,clear primary
test_1877,clear primary agriculture cultivation
test_1878,clear primary water road selective_logging
test_1879,clear primary water road
test_1880,clear primary agriculture cultivation
test_1881,clear primary
test_1882,haze primary
test_1883,clear primary agriculture water cultivation habitation road
test_1884,clear primary
test_1885,clear primary
test_1886,clear primary
test_1887,clear primary agriculture cultivation
test_1888,clear primary
test_1889,partly_cloudy primary
test_1890,clear primary agriculture water habitation road
test_1891,clear primary
test_1892,clear primary agriculture
test_1893,clear primary
test_1894,clear primary
test_1895,clear primary
test_1896,partly_cloudy cloudy primary
test_1897,clear haze primary
test_1898,clear primary agriculture road
test_1899,clear primary
test_1900,partly_cloudy primary agriculture road
test_1901,haze partly_cloudy primary agriculture water cultivation
test_1902,clear primary agriculture habitation road
test_1903,partly_cloudy primary
test_1904,clear primary
test_1905,clear primary agriculture bare_ground
test_1906,clear primary
test_1907,clear primary
test_1908,clear primary
test_1909,partly_cloudy primary agriculture cultivation
test_1910,clear primary
test_1911,partly_cloudy primary agriculture water
test_1912,clear primary
test_1913,clear primary
test_1914,partly_cloudy primary agriculture water road
test_1915,clear primary
test_1916,clear primary
test_1917,clear primary
test_1918,clear partly_cloudy primary agriculture cultivation
test_1919,clear primary
test_1920,haze partly_cloudy primary water
test_1921,haze primary agriculture water
test_1922,clear primary agriculture cultivation road
test_1923,clear haze primary
test_1924,clear primary agriculture water
test_1925,partly_cloudy primary agriculture water road
test_1926,clear primary agriculture cultivation
test_1927,clear partly_cloudy primary agriculture
test_1928,clear primary
test_1929,clear primary
test_1930,clear primary agriculture road
test_1931,clear primary
test_1932,clear primary water
test_1933,clear primary water
test_1934,clear partly_cloudy primary agriculture water cultivation habitation road
test_1935,partly_cloudy cloudy primary agriculture
test_1936,partly_cloudy primary agriculture
test_1937,clear primary
test_1938,clear primary
test_1939,clear primary
test_1940,clear primary
test_1941,partly_cloudy primary agriculture road
test_1942,clear primary
test_1943,clear primary
test_1944,clear primary
test_1945,clear primary water
test_1946,clear primary
test_1947,partly_cloudy primary
test_1948,partly_cloudy primary agriculture water habitation road
test_1949,clear primary
test_1950,clear primary
test_1951,clear primary agriculture
test_1952,clear primary agriculture cultivation
test_1953,clear primary agriculture habitation road
test_1954,partly_cloudy primary
test_1955,clear primary agriculture water cultivation
test_1956,clear primary agriculture cultivation habitation
test_1957,clear primary
test_1958,partly_cloudy primary water
test_1959,clear primary agriculture habitation road
test_1960,clear primary agriculture water habitation road
test_1961,partly_cloudy primary water
test_1962,clear primary
test_1963,clear primary
test_1964,partly_cloudy primary agriculture water cultivation road
test_1965,clear primary agriculture
test_1966,clear primary
test_1967,clear primary agriculture habitation road bare_ground
test_1968,clear primary
test_1969,clear primary
test_1970,clear primary
test_1971,clear primary agriculture cultivation road
test_1972,clear primary agriculture
test_1973,clear primary
test_1974,clear primary
test_1975,clear haze primary agriculture cultivation
test_1976,partly_cloudy primary
test_1977,clear primary
test_1978,partly_cloudy primary water
test_1979,clear primary agriculture habitation road
test_1980,clear primary agriculture cultivation road
test_1981,clear primary
test_1982,clear primary
test_1983,partly_cloudy primary
test_1984,clear primary water
test_1985,clear primary water
test_1986,clear primary
test_1987,clear primary
test_1988,clear primary blooming
test_1989,clear primary agriculture cultivation habitation
test_1990,clear primary agriculture habitation road
test_1991,clear primary agriculture road
test_1992,partly_cloudy primary agriculture road
test_1993,clear primary
test_1994,clear primary
test_1995,clear primary agriculture
test_1996,clear primary agriculture cultivation habitation road
test_1997,partly_cloudy primary agriculture road
test_1998,clear primary agriculture habitation road
test_1999,partly_cloudy primary water
test_2000,clear primary
test_2001,cloudy
test_2002,clear primary
test_2003,clear primary
test_2004,clear primary agriculture cultivation
test_2005,clear primary
test_2006,clear primary agriculture cultivation
test_2007,clear primary habitation road
test_2008,clear primary agriculture cultivation
test_2009,clear primary water
test_2010,clear primary
test_2011,clear primary agriculture water cultivation habitation road
test_2012,clear primary water
test_2013,clear primary water road selective_logging
test_2014,partly_cloudy primary
test_2015,clear primary agriculture road
test_2016,partly_cloudy primary agriculture habitation road
test_2017,clear primary agriculture water cultivation habitation road
test_2018,clear primary
test_2019,partly_cloudy primary
test_2020,haze primary
test_2021,clear primary
test_2022,clear primary
test_2023,clear partly_cloudy primary
test_2024,clear primary agriculture
test_2025,clear primary
test_2026,clear primary water
test_2027,clear primary agriculture water road bare_ground
test_2028,partly_cloudy primary agriculture road
test_2029,partly_cloudy primary
test_2030,haze cloudy primary
test_2031,clear primary agriculture road
test_2032,clear primary water road selective_logging
test_2033,clear primary
test_2034,haze partly_cloudy primary water
test_2035,cloudy
test_2036,cloudy
test_2037,clear primary
test_2038,clear primary agriculture road
test_2039,clear primary agriculture water habitation road artisinal_mine
test_2040,clear primary
test_2041,clear haze primary
test_2042,clear primary water
test_2043,clear haze primary agriculture cultivation
test_2044,clear primary agriculture
test_2045,partly_cloudy primary
test_2046,partly_cloudy primary
test_2047,clear haze primary
test_2048,clear primary
test_2049,partly_cloudy primary agriculture road
test_2050,clear primary agriculture road
test_2051,haze primary water road
test_2052,clear primary
test_2053,clear primary
test_2054,partly_cloudy primary agriculture road
test_2055,cloudy
test_2056,clear primary
test_2057,clear primary
test_2058,clear cloudy water
test_2059,clear primary
test_2060,clear primary agriculture water road
test_2061,partly_cloudy primary agriculture water road
test_2062,haze partly_cloudy primary
test_2063,clear primary water road
test_2064,clear primary agriculture cultivation
test_2065,clear primary
test_2066,clear primary agriculture bare_ground
test_2067,clear primary water
test_2068,partly_cloudy primary
test_2069,clear primary
test_2070,clear primary agriculture cultivation
test_2071,clear primary agriculture cultivation
test_2072,clear primary water
test_2073,partly_cloudy primary
test_2074,clear primary
test_2075,clear primary agriculture water
test_2076,partly_cloudy primary
test_2077,haze partly_cloudy primary agriculture water
test_2078,clear primary
test_2079,clear cloudy water
test_2080,clear partly_cloudy primary agriculture water road
test_2081,clear primary
test_2082,clear primary water road
test_2083,clear primary
test_2084,partly_cloudy primary agriculture road
test_2085,partly_cloudy primary
test_2086,clear primary water
test_2087,clear haze primary
test_2088,clear primary
test_2089,clear primary agriculture water cultivation habitation road
test_2090,clear primary
test_2091,clear primary agriculture water road
test_2092,clear primary
test_2093,partly_cloudy primary agriculture water cultivation
test_2094,clear primary
test_2095,clear primary agriculture cultivation
test_2096,clear primary agriculture water cultivation habitation
test_2097,clear primary agriculture cultivation
test_2098,clear primary water
test_2099,partly_cloudy primary agriculture cultivation
test_2100,clear primary agriculture
test_2101,clear primary
test_2102,clear primary water artisinal_mine
test_2103,clear primary
test_2104,partly_cloudy primary agriculture water road
test_2105,clear primary
test_2106,clear primary
test_2107,cloudy
test_2108,clear primary habitation road
test_2109,clear primary agriculture water cultivation habitation road
test_2110,haze primary agriculture cultivation
test_2111,clear primary water
test_2112,partly_cloudy primary
test_2113,clear primary
test_2114,clear primary
test_2115,clear primary
test_2116,clear primary
test_2117,clear primary
test_2118,clear primary
test_2119,clear primary
test_2120,partly_cloudy primary
test_2121,clear primary
test_2122,clear haze primary agriculture water road
test_2123,clear primary
test_2124,clear primary
test_2125,clear primary
test_2126,clear primary agriculture water road
test_2127,partly_cloudy primary
test_2128,clear haze primary
test_2129,clear primary agriculture water road
test_2130,clear primary
test_2131,clear primary agriculture water cultivation
test_2132,clear partly_cloudy primary
test_2133,clear primary
test_2134,clear primary agriculture cultivation
test_2135,clear primary
test_2136,clear haze primary
test_2137,clear primary agriculture cultivation road
test_2138,clear primary agriculture cultivation
test_2139,clear primary
test_2140,clear primary
test_2141,clear primary
test_2142,clear primary
test_2143,clear primary agriculture habitation road
test_2144,clear partly_cloudy primary agriculture cultivation
test_2145,clear primary agriculture water habitation road
test_2146,clear haze primary agriculture water road
test_2147,partly_cloudy primary agriculture
test_2148,haze cloudy primary
test_2149,clear haze primary
test_2150,partly_cloudy primary agriculture cultivation
test_2151,clear partly_cloudy primary agriculture cultivation habitation road
test_2152,clear primary agriculture water
test_2153,clear primary
test_2154,partly_cloudy primary agriculture cultivation habitation
test_2155,clear primary
test_2156,clear primary agriculture
test_2157,clear primary agriculture habitation road
test_2158,clear primary water
test_2159,clear primary
test_2160,clear primary agriculture cultivation habitation
test_2161,clear primary agriculture cultivation road
test_2162,clear primary
test_2163,clear primary
test_2164,clear primary
test_2165,clear primary water road
test_2166,cloudy
test_2167,clear primary agriculture water cultivation habitation road
test_2168,clear primary
test_2169,clear primary
test_2170,haze partly_cloudy primary
test_2171,partly_cloudy primary
test_2172,clear primary
test_2173,clear primary agriculture road
test_2174,clear primary agriculture water road
test_2175,clear primary
test_2176,clear primary water road artisinal_mine selective_logging
test_2177,haze cloudy primary
test_2178,clear primary
test_2179,clear primary agriculture cultivation
test_2180,clear primary agriculture cultivation
test_2181,clear primary agriculture cultivation road
test_2182,clear primary
test_2183,clear primary
test_2184,partly_cloudy primary
test_2185,clear partly_cloudy primary
test_2186,partly_cloudy primary
test_2187,partly_cloudy cloudy primary
test_2188,clear primary water
test_2189,clear primary
test_2190,clear primary agriculture cultivation
test_2191,partly_cloudy primary
test_2192,clear primary agriculture water cultivation habitation
test_2193,clear primary agriculture road
test_2194,clear primary
test_2195,clear primary
test_2196,clear primary agriculture habitation road
test_2197,clear primary agriculture water road
test_2198,clear primary agriculture cultivation road
test_2199,clear primary agriculture habitation road
test_2200,clear primary
test_2201,clear primary agriculture water cultivation road
test_2202,clear primary agriculture water
test_2203,partly_cloudy primary agriculture water road
test_2204,clear primary
test_2205,partly_cloudy primary
test_2206,clear haze primary agriculture water
test_2207,clear primary agriculture habitation road
test_2208,clear primary water
test_2209,clear primary blooming
test_2210,clear primary agriculture water cultivation
test_2211,clear primary
test_2212,clear primary agriculture cultivation
test_2213,clear primary agriculture water road
test_2214,partly_cloudy primary
test_2215,clear primary agriculture water habitation road
test_2216,partly_cloudy cloudy primary
test_2217,clear primary agriculture road
test_2218,clear primary
test_2219,cloudy
test_2220,clear primary water road selective_logging
test_2221,clear primary
test_2222,clear cloudy primary water
test_2223,clear primary
test_2224,partly_cloudy primary agriculture cultivation
test_2225,clear partly_cloudy primary agriculture cultivation
test_2226,clear primary agriculture habitation road
test_2227,clear primary cultivation
test_2228,clear primary agriculture habitation road
test_2229,clear primary
test_2230,clear primary agriculture bare_ground
test_2231,clear primary
test_2232,clear haze primary agriculture road
test_2233,clear primary
test_2234,clear primary
test_2235,clear primary agriculture habitation road
test_2236,clear primary
test_2237,haze primary
test_2238,clear primary
test_2239,clear primary
test_2240,clear primary
test_2241,cloudy
test_2242,clear primary
test_2243,clear primary
test_2244,clear primary
test_2245,clear primary agriculture habitation road
test_2246,clear partly_cloudy primary road
test_2247,clear primary agriculture water cultivation habitation road
test_2248,clear primary agriculture road
test_2249,clear primary
test_2250,clear primary agriculture water cultivation
test_2251,partly_cloudy cloudy primary
test_2252,cloudy
test_2253,clear primary
test_2254,partly_cloudy primary
test_2255,clear primary agriculture water habitation road
test_2256,clear primary agriculture cultivation habitation road
test_2257,clear partly_cloudy primary agriculture road
test_2258,clear primary
test_2259,clear primary
test_2260,clear primary agriculture habitation road
test_2261,clear primary
test_2262,partly_cloudy primary water
test_2263,clear primary agriculture cultivation road
test_2264,haze cloudy primary
test_2265,clear primary water
test_2266,clear primary agriculture water
test_2267,partly_cloudy cloudy primary agriculture water
test_2268,clear primary agriculture
test_2269,clear primary
test_2270,clear primary water
test_2271,partly_cloudy primary
test_2272,clear primary agriculture cultivation
test_2273,clear primary
test_2274,clear partly_cloudy primary
test_2275,partly_cloudy primary
test_2276,clear primary
test_2277,clear primary
test_2278,clear primary agriculture cultivation
test_2279,partly_cloudy primary agriculture road
test_2280,partly_cloudy primary
test_2281,clear primary
test_2282,clear primary water
test_2283,partly_cloudy primary agriculture road
test_2284,clear primary
test_2285,clear primary agriculture road
test_2286,clear primary
test_2287,clear haze primary agriculture water habitation
test_2288,clear primary agriculture water bare_ground
test_2289,partly_cloudy primary
test_2290,clear primary
test_2291,partly_cloudy cloudy primary agriculture
test_2292,clear primary agriculture habitation road
test_2293,clear primary
test_2294,clear primary water
test_2295,partly_cloudy primary
test_2296,clear primary agriculture
test_2297,haze primary
test_2298,clear primary
test_2299,clear primary habitation road
test_2300,haze primary agriculture road
test_2301,clear primary agriculture road
test_2302,clear primary water
test_2303,clear primary
test_2304,partly_cloudy primary agriculture road
test_2305,clear primary
test_2306,clear primary agriculture road
test_2307,clear primary
test_2308,clear primary agriculture road
test_2309,partly_cloudy primary agriculture road
test_2310,clear primary
test_2311,clear partly_cloudy primary agriculture cultivation
test_2312,clear primary agriculture cultivation
test_2313,clear primary water
test_2314,clear primary
test_2315,haze primary agriculture water
test_2316,clear primary
test_2317,clear primary agriculture cultivation
test_2318,clear primary agriculture water cultivation habitation road bare_ground artisinal_mine
test_2319,clear primary
test_2320,clear primary
test_2321,clear primary water road
test_2322,clear primary
test_2323,clear primary agriculture bare_ground
test_2324,haze primary
test_2325,partly_cloudy primary
test_2326,cloudy
test_2327,clear primary water
test_2328,partly_cloudy primary agriculture water
test_2329,clear primary
test_2330,clear primary
test_2331,haze partly_cloudy primary
test_2332,clear haze primary agriculture road
test_2333,clear primary
test_2334,clear primary
test_2335,clear primary
test_2336,clear primary water
test_2337,clear primary agriculture habitation road
test_2338,partly_cloudy primary
test_2339,clear primary agriculture water cultivation habitation road
test_2340,clear primary
test_2341,clear primary
test_2342,clear primary agriculture water
test_2343,clear primary
test_2344,clear primary water artisinal_mine
test_2345,clear primary water
test_2346,clear primary
test_2347,haze cloudy primary
test_2348,partly_cloudy primary
test_2349,clear primary
test_2350,clear haze primary
test_2351,clear primary agriculture cultivation
test_2352,partly_cloudy primary
test_2353,partly_cloudy primary agriculture cultivation
test_2354,clear primary
test_2355,partly_cloudy cloudy
test_2356,clear primary
test_2357,clear primary agriculture road
test_2358,clear primary water
test_2359,clear primary agriculture water
test_2360,clear primary
test_2361,clear primary
test_2362,partly_cloudy primary agriculture cultivation
test_2363,clear primary agriculture water road
test_2364,clear primary
test_2365,clear primary agriculture cultivation
test_2366,clear primary water
test_2367,clear partly_cloudy primary agriculture cultivation
test_2368,clear primary agriculture cultivation habitation road
test_2369,clear primary agriculture cultivation habitation road
test_2370,clear primary water
test_2371,clear primary agriculture cultivation
test_2372,haze primary
test_2373,clear primary
test_2374,clear primary agriculture cultivation habitation
test_2375,partly_cloudy primary
test_2376,haze cloudy primary
test_2377,clear primary
test_2378,haze primary water
test_2379,haze cloudy
test_2380,cloudy
test_2381,clear primary water
test_2382,clear primary agriculture water cultivation habitation road
test_2383,clear primary agriculture water
test_2384,clear primary agriculture water cultivation
test_2385,partly_cloudy primary water road
test_2386,clear primary agriculture cultivation road
test_2387,clear primary
test_2388,partly_cloudy primary water
test_2389,clear primary agriculture cultivation
test_2390,clear primary agriculture cultivation
test_2391,clear primary agriculture cultivation
test_2392,clear primary agriculture cultivation
test_2393,clear primary agriculture cultivation habitation road
test_2394,clear primary agriculture cultivation habitation road
test_2395,clear primary agriculture road
test_2396,partly_cloudy primary agriculture water
test_2397,clear primary
test_2398,clear primary
test_2399,clear primary agriculture water cultivation
test_2400,cloudy
test_2401,haze primary water
test_2402,clear primary water road
test_2403,clear primary agriculture cultivation
test_2404,clear primary agriculture water
test_2405,clear primary
test_2406,clear primary
test_2407,haze partly_cloudy primary
test_2408,clear primary
test_2409,clear haze primary water
test_2410,clear primary agriculture
test_2411,clear primary
test_2412,clear cloudy
test_2413,clear primary
test_2414,clear primary
test_2415,haze primary
test_2416,haze cloudy
test_2417,clear primary agriculture
test_2418,clear primary road selective_logging
test_2419,partly_cloudy primary
test_2420,clear primary water
test_2421,clear primary agriculture water road
test_2422,clear primary
test_2423,clear haze primary
test_2424,partly_cloudy primary agriculture water cultivation
test_2425,partly_cloudy primary agriculture cultivation
test_2426,clear primary agriculture
test_2427,clear partly_cloudy primary
test_2428,clear cloudy water
test_2429,clear cloudy water
test_2430,clear primary
test_2431,clear haze primary water
test_2432,clear primary
test_2433,clear primary
test_2434,clear primary
test_2435,clear primary agriculture road
test_2436,partly_cloudy primary agriculture water road
test_2437,clear primary
test_2438,clear primary agriculture habitation road
test_2439,partly_cloudy primary
test_2440,clear primary
test_2441,clear primary agriculture water road
test_2442,clear primary
test_2443,clear primary
test_2444,clear primary agriculture water cultivation
test_2445,partly_cloudy primary agriculture road
test_2446,clear primary
test_2447,partly_cloudy primary
test_2448,clear primary agriculture cultivation
test_2449,partly_cloudy primary
test_2450,clear primary water artisinal_mine
test_2451,clear primary
test_2452,clear primary
test_2453,haze partly_cloudy primary water
test_2454,clear primary agriculture habitation road
test_2455,clear primary
test_2456,clear primary
test_2457,clear primary
test_2458,clear haze primary water
test_2459,clear primary
test_2460,clear haze cloudy water
test_2461,clear primary agriculture water cultivation
test_2462,clear primary
test_2463,clear primary agriculture cultivation
test_2464,clear primary
test_2465,clear primary
test_2466,clear primary agriculture water habitation road
test_2467,clear primary agriculture water cultivation road
test_2468,partly_cloudy primary agriculture habitation road
test_2469,clear primary
test_2470,clear primary agriculture road
test_2471,clear primary agriculture cultivation habitation road
test_2472,clear primary agriculture road
test_2473,clear primary water
test_2474,partly_cloudy primary agriculture water road
test_2475,clear primary
test_2476,partly_cloudy primary
test_2477,clear primary
test_2478,clear primary agriculture habitation road
test_2479,clear partly_cloudy primary agriculture
test_2480,clear primary
test_2481,clear primary agriculture water bare_ground
test_2482,partly_cloudy primary
test_2483,clear primary
test_2484,clear primary
test_2485,clear partly_cloudy primary agriculture water road
test_2486,clear primary
test_2487,partly_cloudy primary
test_2488,clear haze primary agriculture
test_2489,clear primary agriculture water
test_2490,clear primary
test_2491,clear primary
test_2492,clear primary
test_2493,clear primary agriculture habitation road bare_ground
test_2494,partly_cloudy primary agriculture water road
test_2495,partly_cloudy primary
test_2496,clear primary agriculture cultivation habitation road
test_2497,clear primary
test_2498,clear primary
test_2499,clear primary
test_2500,partly_cloudy primary
test_2501,partly_cloudy primary agriculture road
test_2502,haze cloudy primary
test_2503,clear primary agriculture cultivation
test_2504,clear primary
test_2505,clear primary
test_2506,clear primary agriculture cultivation
test_2507,partly_cloudy primary
test_2508,cloudy
test_2509,clear partly_cloudy primary agriculture cultivation habitation
test_2510,clear primary water
test_2511,clear primary agriculture habitation road
test_2512,partly_cloudy primary agriculture
test_2513,partly_cloudy primary
test_2514,clear primary agriculture
test_2515,clear primary agriculture water cultivation
test_2516,partly_cloudy primary agriculture
test_2517,clear haze primary agriculture water road
test_2518,clear haze primary water
test_2519,partly_cloudy primary agriculture cultivation
test_2520,clear haze primary agriculture cultivation
test_2521,clear primary agriculture
test_2522,clear primary
test_2523,clear primary agriculture cultivation
test_2524,cloudy
test_2525,clear primary
test_2526,clear primary agriculture water road bare_ground
test_2527,haze cloudy primary
test_2528,clear primary agriculture cultivation habitation road
test_2529,clear primary agriculture water cultivation habitation road
test_2530,clear primary water
test_2531,clear primary agriculture
test_2532,partly_cloudy cloudy primary
test_2533,clear primary agriculture cultivation
test_2534,clear primary agriculture cultivation
test_2535,clear primary agriculture cultivation habitation road
test_2536,clear partly_cloudy primary water road
test_2537,clear primary
test_2538,clear primary
test_2539,clear primary agriculture cultivation
test_2540,clear primary agriculture habitation road
test_2541,clear primary agriculture habitation road bare_ground
test_2542,clear primary agriculture water road
test_2543,clear primary
test_2544,clear partly_cloudy primary agriculture cultivation habitation
test_2545,clear primary water road
test_2546,clear primary water
test_2547,clear primary
test_2548,clear primary agriculture cultivation
test_2549,clear haze primary water
test_2550,clear partly_cloudy primary agriculture water cultivation habitation road
test_2551,clear primary
test_2552,partly_cloudy cloudy primary
test_2553,clear primary agriculture water road
test_2554,partly_cloudy primary
test_2555,clear primary
test_2556,clear primary
test_2557,partly_cloudy primary agriculture cultivation habitation road
test_2558,haze cloudy primary
test_2559,clear haze primary agriculture cultivation
test_2560,partly_cloudy primary
test_2561,clear primary agriculture habitation road
test_2562,partly_cloudy primary water
test_2563,clear primary water
test_2564,cloudy
test_2565,clear primary agriculture road
test_2566,clear primary agriculture water cultivation
test_2567,clear primary
test_2568,clear primary
test_2569,clear primary
test_2570,clear primary
test_2571,clear primary
test_2572,clear haze primary agriculture water cultivation
test_2573,clear primary water road
test_2574,clear primary
test_2575,clear primary
test_2576,clear primary agriculture cultivation habitation road
test_2577,clear primary agriculture water habitation road
test_2578,cloudy
test_2579,clear primary agriculture cultivation
test_2580,clear primary agriculture
test_2581,clear primary
test_2582,haze cloudy primary water road
test_2583,clear primary
test_2584,clear primary
test_2585,clear primary agriculture cultivation
test_2586,haze primary
test_2587,clear primary
test_2588,clear primary
test_2589,clear primary
test_2590,clear primary
test_2591,clear primary agriculture road
test_2592,haze cloudy
test_2593,partly_cloudy primary agriculture water
test_2594,cloudy
test_2595,clear primary
test_2596,clear primary
test_2597,clear haze primary
test_2598,clear cloudy water
test_2599,clear primary
test_2600,clear primary
test_2601,partly_cloudy primary agriculture water road
test_2602,clear primary agriculture cultivation road
test_2603,clear primary
test_2604,cloudy
test_2605,haze partly_cloudy primary
test_2606,partly_cloudy primary
test_2607,clear primary blooming selective_logging
test_2608,partly_cloudy primary agriculture road
test_2609,clear primary
test_2610,clear primary
test_2611,clear primary water
test_2612,haze cloudy
test_2613,clear partly_cloudy primary agriculture water
test_2614,clear primary
test_2615,partly_cloudy primary
test_2616,clear primary
test_2617,clear primary
test_2618,clear cloudy primary
test_2619,clear primary water road
test_2620,partly_cloudy primary agriculture road
test_2621,clear primary
test_2622,partly_cloudy primary agriculture cultivation road
test_2623,partly_cloudy primary agriculture road
test_2624,clear primary agriculture road
test_2625,partly_cloudy primary
test_2626,clear primary agriculture cultivation
test_2627,clear primary
test_2628,clear primary
test_2629,partly_cloudy cloudy
test_2630,clear primary agriculture
test_2631,partly_cloudy primary
test_2632,haze partly_cloudy primary agriculture cultivation road
test_2633,clear primary
test_2634,clear primary agriculture habitation road
test_2635,clear primary
test_2636,clear primary water habitation
test_2637,clear primary agriculture habitation road
test_2638,haze primary
test_2639,partly_cloudy primary agriculture cultivation
test_2640,haze cloudy
test_2641,cloudy
test_2642,clear primary water
test_2643,partly_cloudy primary
test_2644,clear primary agriculture cultivation habitation road
test_2645,clear primary agriculture cultivation
test_2646,clear primary water road
test_2647,clear primary
test_2648,clear primary
test_2649,clear primary
test_2650,clear primary
test_2651,clear primary agriculture habitation road
test_2652,clear primary agriculture habitation road
test_2653,clear haze primary
test_2654,cloudy
test_2655,partly_cloudy primary
test_2656,clear primary
test_2657,clear primary agriculture water road
test_2658,clear primary agriculture cultivation habitation road
test_2659,clear primary
test_2660,clear primary
test_2661,clear primary
test_2662,clear primary
test_2663,clear primary
test_2664,clear primary agriculture cultivation habitation
test_2665,clear primary agriculture water cultivation
test_2666,clear primary
test_2667,haze cloudy primary
test_2668,clear primary
test_2669,clear primary water
test_2670,clear primary
test_2671,clear primary
test_2672,clear primary
test_2673,clear primary agriculture water road bare_ground artisinal_mine
test_2674,partly_cloudy cloudy primary
test_2675,clear primary
test_2676,haze primary
test_2677,clear primary
test_2678,clear primary agriculture cultivation road
test_2679,partly_cloudy primary agriculture
test_2680,partly_cloudy primary water
test_2681,clear primary
test_2682,clear haze primary agriculture water road
test_2683,clear haze primary agriculture cultivation
test_2684,partly_cloudy primary
test_2685,clear primary agriculture water habitation road
test_2686,clear partly_cloudy primary agriculture cultivation
test_2687,clear primary
test_2688,clear primary
test_2689,clear primary
test_2690,clear primary
test_2691,clear primary
test_2692,cloudy
test_2693,clear primary
test_2694,clear primary
test_2695,clear primary agriculture cultivation
test_2696,clear primary
test_2697,partly_cloudy primary water
test_2698,clear primary
test_2699,partly_cloudy primary agriculture water
test_2700,partly_cloudy primary agriculture cultivation
test_2701,clear primary agriculture
test_2702,haze primary
test_2703,clear primary
test_2704,clear primary
test_2705,partly_cloudy primary
test_2706,clear primary agriculture cultivation
test_2707,partly_cloudy primary
test_2708,clear haze primary agriculture road
test_2709,clear primary blooming
test_2710,clear primary agriculture habitation road
test_2711,clear primary agriculture habitation road bare_ground
test_2712,clear primary agriculture water habitation road
test_2713,clear primary agriculture cultivation
test_2714,clear primary agriculture road
test_2715,haze primary agriculture water
test_2716,clear primary
test_2717,clear primary agriculture cultivation habitation
test_2718,partly_cloudy primary agriculture water
test_2719,partly_cloudy primary agriculture
test_2720,clear partly_cloudy primary
test_2721,clear primary agriculture road bare_ground
test_2722,clear primary agriculture cultivation
test_2723,clear primary water road
test_2724,clear primary
test_2725,clear primary
test_2726,clear primary agriculture habitation road
test_2727,haze primary agriculture water cultivation
test_2728,clear primary
test_2729,cloudy
test_2730,haze primary
test_2731,clear primary
test_2732,clear partly_cloudy primary agriculture road
test_2733,clear primary
test_2734,clear primary
test_2735,cloudy
test_2736,clear primary agriculture cultivation
test_2737,clear cloudy primary water
test_2738,partly_cloudy primary agriculture water
test_2739,partly_cloudy cloudy
test_2740,clear haze primary agriculture water cultivation road
test_2741,clear primary agriculture bare_ground
test_2742,partly_cloudy primary
test_2743,clear primary agriculture bare_ground
test_2744,clear primary
test_2745,clear primary
test_2746,partly_cloudy primary
test_2747,clear primary
test_2748,partly_cloudy primary
test_2749,clear primary agriculture water habitation road conventional_mine bare_ground
test_2750,clear primary
test_2751,clear primary agriculture cultivation habitation
test_2752,clear primary agriculture road
test_2753,partly_cloudy primary agriculture water habitation road
test_2754,partly_cloudy primary water
test_2755,clear primary
test_2756,clear primary agriculture water cultivation habitation road
test_2757,clear primary agriculture cultivation habitation road
test_2758,clear primary agriculture road
test_2759,clear primary
test_2760,haze primary
test_2761,clear primary
test_2762,clear primary agriculture cultivation
test_2763,clear cloudy water
test_2764,clear primary
test_2765,clear primary
test_2766,clear primary
test_2767,clear primary agriculture water cultivation
test_2768,clear primary
test_2769,partly_cloudy primary
test_2770,cloudy
test_2771,clear primary agriculture habitation road
test_2772,partly_cloudy primary
test_2773,partly_cloudy primary agriculture cultivation habitation road
test_2774,clear primary agriculture cultivation habitation road
test_2775,clear primary agriculture habitation road
test_2776,clear primary water bare_ground artisinal_mine
test_2777,clear partly_cloudy primary agriculture cultivation road
test_2778,clear haze primary agriculture water road
test_2779,clear partly_cloudy primary
test_2780,clear primary agriculture water cultivation
test_2781,clear primary water road
test_2782,partly_cloudy primary
test_2783,clear primary water
test_2784,clear haze primary agriculture water cultivation
test_2785,clear primary water
test_2786,partly_cloudy primary agriculture cultivation
test_2787,partly_cloudy primary agriculture water road
test_2788,clear primary agriculture water cultivation road
test_2789,clear primary
test_2790,partly_cloudy primary
test_2791,clear primary agriculture road
test_2792,clear primary agriculture road
test_2793,partly_cloudy primary agriculture road
test_2794,clear primary
test_2795,clear primary
test_2796,clear partly_cloudy primary
test_2797,partly_cloudy primary agriculture water road
test_2798,clear primary
test_2799,clear primary water
test_2800,partly_cloudy primary agriculture
test_2801,partly_cloudy primary agriculture cultivation habitation road
test_2802,clear primary
test_2803,clear primary agriculture water
test_2804,clear primary agriculture road
test_2805,clear primary agriculture cultivation
test_2806,clear cloudy water
test_2807,clear primary agriculture cultivation
test_2808,clear primary water
test_2809,partly_cloudy primary agriculture cultivation
test_2810,partly_cloudy cloudy primary water
test_2811,partly_cloudy primary
test_2812,clear primary
test_2813,partly_cloudy primary agriculture water road
test_2814,clear primary
test_2815,clear primary
test_2816,clear primary
test_2817,clear primary
test_2818,clear primary
test_2819,clear primary agriculture habitation road
test_2820,clear haze primary agriculture cultivation habitation
test_2821,partly_cloudy primary
test_2822,clear primary
test_2823,clear primary
test_2824,clear primary agriculture bare_ground
test_2825,clear primary agriculture cultivation
test_2826,clear primary
test_2827,clear primary
test_2828,clear primary
test_2829,clear primary
test_2830,clear primary
test_2831,clear primary
test_2832,clear primary agriculture water road
test_2833,clear primary
test_2834,partly_cloudy primary agriculture cultivation habitation road
test_2835,clear primary agriculture cultivation
test_2836,haze cloudy primary water
test_2837,clear primary agriculture cultivation habitation road
test_2838,clear primary
test_2839,clear primary agriculture water cultivation
test_2840,clear primary
test_2841,clear primary agriculture cultivation
test_2842,clear primary water
test_2843,clear primary agriculture road
test_2844,partly_cloudy primary agriculture road
test_2845,clear primary
test_2846,haze partly_cloudy cloudy primary
test_2847,clear primary agriculture water
test_2848,clear primary habitation road
test_2849,partly_cloudy cloudy primary
test_2850,clear primary agriculture cultivation
test_2851,clear primary
test_2852,clear primary
test_2853,clear primary water
test_2854,clear primary agriculture habitation road
test_2855,clear primary
test_2856,clear primary
test_2857,clear partly_cloudy primary
test_2858,clear primary
test_2859,clear primary agriculture water road
test_2860,clear primary agriculture water bare_ground
test_2861,clear primary agriculture water habitation
test_2862,clear primary
test_2863,cloudy
test_2864,clear primary agriculture road
test_2865,clear primary
test_2866,cloudy
test_2867,clear primary agriculture habitation road
test_2868,clear primary water road
test_2869,clear haze primary agriculture water
test_2870,clear primary
test_2871,partly_cloudy primary agriculture road
test_2872,clear partly_cloudy primary
test_2873,clear primary agriculture
test_2874,haze partly_cloudy cloudy primary
test_2875,clear primary
test_2876,clear primary agriculture
test_2877,clear primary agriculture road
test_2878,haze cloudy primary
test_2879,partly_cloudy primary water
test_2880,clear primary
test_2881,clear primary
test_2882,clear primary
test_2883,clear primary
test_2884,clear primary
test_2885,haze primary
test_2886,clear primary agriculture habitation road
test_2887,clear primary
test_2888,clear primary
test_2889,clear primary agriculture habitation road
test_2890,clear primary
test_2891,clear primary water road selective_logging
test_2892,clear primary
test_2893,clear primary agriculture water cultivation habitation road
test_2894,haze primary
test_2895,clear primary
test_2896,clear haze primary
test_2897,clear primary agriculture habitation road
test_2898,cloudy water
test_2899,partly_cloudy primary water
test_2900,clear primary
test_2901,clear primary water
test_2902,partly_cloudy primary
test_2903,partly_cloudy primary agriculture
test_2904,clear primary water
test_2905,clear partly_cloudy primary
test_2906,clear primary agriculture cultivation habitation road
test_2907,clear primary agriculture cultivation habitation
test_2908,clear primary
test_2909,clear primary agriculture habitation road
test_2910,clear partly_cloudy primary agriculture cultivation
test_2911,clear primary agriculture road
test_2912,clear primary agriculture water habitation road
test_2913,partly_cloudy primary
test_2914,partly_cloudy primary agriculture cultivation
test_2915,clear primary water habitation
test_2916,clear primary
test_2917,partly_cloudy primary
test_2918,partly_cloudy primary agriculture
test_2919,clear primary
test_2920,clear primary agriculture cultivation
test_2921,clear primary agriculture water cultivation
test_2922,clear primary agriculture cultivation
test_2923,partly_cloudy cloudy primary
test_2924,clear primary
test_2925,clear primary
test_2926,clear haze primary water
test_2927,clear primary
test_2928,clear primary agriculture water cultivation
test_2929,clear primary
test_2930,haze primary
test_2931,clear primary
test_2932,clear primary
test_2933,clear primary
test_2934,clear primary
test_2935,clear primary agriculture cultivation
test_2936,clear primary agriculture
test_2937,cloudy
test_2938,partly_cloudy primary
test_2939,clear primary blooming selective_logging
test_2940,clear primary
test_2941,clear primary
test_2942,clear primary
test_2943,clear primary
test_2944,clear primary
test_2945,clear primary agriculture cultivation
test_2946,clear partly_cloudy primary
test_2947,partly_cloudy primary agriculture water road
test_2948,clear primary
test_2949,clear primary
test_2950,partly_cloudy primary agriculture cultivation
test_2951,clear primary agriculture
test_2952,clear primary
test_2953,partly_cloudy primary
test_2954,clear primary agriculture habitation road
test_2955,partly_cloudy primary
test_2956,clear primary agriculture road
test_2957,haze primary
test_2958,clear primary agriculture cultivation
test_2959,clear primary agriculture habitation road
test_2960,clear haze primary agriculture cultivation
test_2961,clear primary agriculture road
test_2962,clear cloudy water
test_2963,clear primary agriculture habitation road
test_2964,clear partly_cloudy primary
test_2965,clear partly_cloudy primary
test_2966,clear primary
test_2967,partly_cloudy primary
test_2968,clear primary
test_2969,haze primary water
test_2970,clear primary agriculture water cultivation habitation road
test_2971,partly_cloudy primary
test_2972,clear primary water
test_2973,clear primary water bare_ground artisinal_mine
test_2974,partly_cloudy primary agriculture
test_2975,clear primary
test_2976,clear primary agriculture water cultivation road
test_2977,clear primary agriculture water road
test_2978,clear primary
test_2979,partly_cloudy primary agriculture cultivation road
test_2980,haze primary
test_2981,clear primary
test_2982,clear primary agriculture water road
test_2983,partly_cloudy cloudy primary agriculture habitation road
test_2984,haze primary
test_2985,clear primary agriculture habitation road
test_2986,clear primary
test_2987,clear primary agriculture
test_2988,clear primary agriculture cultivation
test_2989,clear primary blooming
test_2990,clear primary agriculture cultivation
test_2991,clear primary agriculture water cultivation habitation road
test_2992,partly_cloudy primary agriculture road
test_2993,partly_cloudy primary water
test_2994,clear primary water road
test_2995,cloudy
test_2996,clear primary agriculture cultivation
test_2997,clear primary agriculture habitation road
test_2998,clear primary
test_2999,clear primary agriculture cultivation
test_3000,haze primary
test_3001,clear primary
test_3002,clear primary agriculture water cultivation road
test_3003,clear primary
test_3004,clear primary agriculture water cultivation habitation road
test_3005,clear primary
test_3006,clear primary
test_3007,clear primary agriculture
test_3008,clear primary
test_3009,clear primary agriculture road
test_3010,clear primary water
test_3011,clear primary habitation road
test_3012,haze cloudy primary
test_3013,haze cloudy primary water
test_3014,clear partly_cloudy primary agriculture road
test_3015,clear primary agriculture cultivation
test_3016,clear primary agriculture road
test_3017,clear cloudy water
test_3018,partly_cloudy primary agriculture habitation road
test_3019,haze cloudy
test_3020,clear primary agriculture cultivation road
test_3021,clear primary
test_3022,clear primary water
test_3023,clear primary agriculture road
test_3024,clear primary water road
test_3025,clear primary agriculture road
test_3026,clear primary water road
test_3027,partly_cloudy primary water
test_3028,partly_cloudy cloudy primary
test_3029,clear primary
test_3030,clear primary water
test_3031,clear primary agriculture cultivation
test_3032,clear primary agriculture cultivation habitation road
test_3033,clear primary
test_3034,clear primary
test_3035,clear primary
test_3036,clear primary
test_3037,haze primary
test_3038,clear primary
test_3039,clear primary agriculture water road
test_3040,clear primary agriculture cultivation
test_3041,haze primary agriculture water
test_3042,haze primary
test_3043,clear primary
test_3044,partly_cloudy primary agriculture road
test_3045,clear primary
test_3046,clear primary agriculture cultivation
test_3047,clear primary agriculture cultivation
test_3048,clear primary
test_3049,clear primary
test_3050,clear primary
test_3051,clear primary
test_3052,clear primary
test_3053,clear primary
test_3054,clear primary agriculture water habitation road
test_3055,partly_cloudy primary agriculture cultivation
test_3056,clear primary
test_3057,clear primary agriculture water road selective_logging
test_3058,clear primary
test_3059,partly_cloudy primary agriculture water habitation road
test_3060,clear primary
test_3061,clear primary
test_3062,clear primary agriculture cultivation
test_3063,clear primary
test_3064,clear primary
test_3065,clear primary agriculture cultivation
test_3066,clear primary agriculture habitation road
test_3067,clear primary agriculture cultivation
test_3068,clear primary agriculture road
test_3069,partly_cloudy primary agriculture habitation road
test_3070,clear primary
test_3071,clear primary
test_3072,partly_cloudy cloudy primary agriculture
test_3073,clear primary agriculture habitation road
test_3074,clear primary
test_3075,partly_cloudy primary agriculture cultivation
test_3076,clear primary water artisinal_mine
test_3077,partly_cloudy primary agriculture road
test_3078,clear partly_cloudy primary
test_3079,clear primary
test_3080,clear primary
test_3081,cloudy
test_3082,clear primary
test_3083,cloudy
test_3084,partly_cloudy primary
test_3085,clear primary agriculture road
test_3086,clear primary
test_3087,clear primary water road selective_logging
test_3088,partly_cloudy primary water
test_3089,partly_cloudy primary
test_3090,clear primary water road selective_logging
test_3091,clear primary agriculture habitation road
test_3092,clear primary
test_3093,clear primary
test_3094,partly_cloudy primary
test_3095,clear primary
test_3096,clear haze primary
test_3097,clear primary
test_3098,clear primary agriculture habitation road
test_3099,clear haze primary water
test_3100,clear primary
test_3101,partly_cloudy primary agriculture habitation road
test_3102,clear primary agriculture cultivation habitation road
test_3103,clear haze primary agriculture habitation road
test_3104,clear primary
test_3105,clear primary
test_3106,clear primary
test_3107,clear primary agriculture habitation road
test_3108,haze cloudy primary
test_3109,clear primary
test_3110,partly_cloudy primary
test_3111,partly_cloudy primary agriculture cultivation
test_3112,clear partly_cloudy primary agriculture road
test_3113,clear primary agriculture water cultivation habitation
test_3114,clear primary agriculture road
test_3115,clear primary
test_3116,clear haze primary agriculture cultivation
test_3117,clear primary water
test_3118,partly_cloudy primary
test_3119,clear primary agriculture
test_3120,clear primary agriculture water road
test_3121,clear primary blooming
test_3122,clear primary
test_3123,clear primary
test_3124,cloudy
test_3125,clear primary water
test_3126,clear primary agriculture cultivation
test_3127,clear primary
test_3128,clear primary
test_3129,clear primary
test_3130,clear primary
test_3131,clear primary
test_3132,clear primary
test_3133,clear primary
test_3134,clear primary agriculture cultivation road
test_3135,clear primary agriculture water cultivation habitation road
test_3136,haze cloudy primary water
test_3137,clear agriculture road bare_ground
test_3138,clear primary
test_3139,clear primary agriculture habitation road
test_3140,clear primary
test_3141,clear primary
test_3142,cloudy
test_3143,clear cloudy primary water
test_3144,clear primary water road selective_logging
test_3145,clear haze partly_cloudy primary water
test_3146,clear primary
test_3147,partly_cloudy primary agriculture water habitation road
test_3148,clear primary agriculture road
test_3149,cloudy
test_3150,clear cloudy water
test_3151,partly_cloudy primary
test_3152,clear primary agriculture cultivation road
test_3153,clear partly_cloudy primary water road
test_3154,clear primary
test_3155,partly_cloudy primary
test_3156,partly_cloudy primary
test_3157,partly_cloudy primary agriculture water
test_3158,clear primary
test_3159,clear primary
test_3160,clear primary agriculture water cultivation
test_3161,clear primary
test_3162,clear primary agriculture water cultivation habitation road
test_3163,clear primary
test_3164,clear haze primary agriculture water
test_3165,clear primary agriculture cultivation road
test_3166,clear partly_cloudy primary agriculture cultivation
test_3167,clear primary
test_3168,clear primary
test_3169,clear primary water road
test_3170,clear primary
test_3171,partly_cloudy primary
test_3172,partly_cloudy primary
test_3173,clear primary
test_3174,clear primary
test_3175,clear primary
test_3176,clear primary cultivation selective_logging
test_3177,clear primary
test_3178,partly_cloudy cloudy primary
test_3179,clear haze primary water road
test_3180,clear primary
test_3181,partly_cloudy primary agriculture water
test_3182,clear primary agriculture cultivation
test_3183,partly_cloudy primary
test_3184,clear primary
test_3185,clear primary
test_3186,clear primary road
test_3187,clear primary
test_3188,clear primary
test_3189,clear primary water
test_3190,partly_cloudy primary water
test_3191,clear primary agriculture habitation road
test_3192,clear primary
test_3193,clear primary agriculture water cultivation
test_3194,clear primary agriculture habitation road
test_3195,clear primary agriculture water road bare_ground
test_3196,clear primary
test_3197,clear primary water
test_3198,clear primary agriculture cultivation
test_3199,clear primary agriculture road bare_ground
test_3200,clear primary agriculture road
test_3201,clear primary
test_3202,clear primary
test_3203,clear primary
test_3204,clear primary
test_3205,partly_cloudy primary
test_3206,clear primary
test_3207,clear primary agriculture water cultivation habitation road
test_3208,partly_cloudy primary agriculture habitation road
test_3209,clear primary agriculture water road
test_3210,partly_cloudy primary water
test_3211,clear primary water
test_3212,partly_cloudy cloudy primary
test_3213,clear primary agriculture water habitation road bare_ground
test_3214,partly_cloudy primary water
test_3215,clear primary
test_3216,clear primary
test_3217,clear primary agriculture cultivation
test_3218,clear primary
test_3219,haze partly_cloudy primary agriculture road
test_3220,clear primary
test_3221,clear haze primary agriculture cultivation habitation
test_3222,clear primary agriculture water cultivation
test_3223,clear primary agriculture road
test_3224,clear primary
test_3225,partly_cloudy primary agriculture road
test_3226,clear primary agriculture bare_ground
test_3227,clear primary agriculture water
test_3228,clear primary
test_3229,clear primary
test_3230,clear primary water
test_3231,cloudy
test_3232,haze primary
test_3233,clear primary agriculture water habitation road
test_3234,clear primary
test_3235,clear primary
test_3236,clear primary
test_3237,clear primary
test_3238,clear primary agriculture
test_3239,clear primary agriculture cultivation
test_3240,clear primary agriculture water
test_3241,partly_cloudy primary
test_3242,clear primary
test_3243,clear primary agriculture habitation road
test_3244,clear primary
test_3245,clear primary agriculture water cultivation
test_3246,clear primary agriculture cultivation habitation road
test_3247,haze primary water
test_3248,clear primary
test_3249,partly_cloudy primary agriculture road
test_3250,cloudy
test_3251,partly_cloudy primary
test_3252,clear primary water
test_3253,clear primary
test_3254,clear partly_cloudy primary agriculture road
test_3255,clear primary agriculture cultivation habitation
test_3256,clear primary agriculture cultivation
test_3257,clear primary
test_3258,clear primary
test_3259,clear primary agriculture road
test_3260,clear primary agriculture cultivation
test_3261,clear primary
test_3262,partly_cloudy primary agriculture road
test_3263,clear primary agriculture water cultivation habitation
test_3264,clear primary agriculture cultivation
test_3265,clear primary agriculture cultivation habitation
test_3266,clear haze primary agriculture water road
test_3267,clear primary agriculture road
test_3268,clear partly_cloudy primary water artisinal_mine
test_3269,clear primary water
test_3270,cloudy
test_3271,clear primary
test_3272,clear primary agriculture water road
test_3273,clear primary agriculture cultivation
test_3274,clear primary blooming selective_logging
test_3275,partly_cloudy primary agriculture habitation road
test_3276,clear primary
test_3277,partly_cloudy primary
test_3278,clear primary water artisinal_mine
test_3279,clear partly_cloudy primary agriculture water road
test_3280,clear primary
test_3281,clear primary agriculture water road
test_3282,clear haze primary agriculture water
test_3283,clear haze primary agriculture road
test_3284,clear primary
test_3285,clear primary
test_3286,partly_cloudy cloudy primary
test_3287,clear primary water bare_ground artisinal_mine
test_3288,clear primary water road
test_3289,clear primary
test_3290,partly_cloudy cloudy
test_3291,clear primary
test_3292,partly_cloudy primary
test_3293,partly_cloudy primary water road
test_3294,clear primary
test_3295,clear primary agriculture cultivation
test_3296,clear primary agriculture cultivation road
test_3297,clear primary agriculture water cultivation
test_3298,clear primary
test_3299,partly_cloudy cloudy primary
test_3300,clear primary
test_3301,partly_cloudy cloudy primary
test_3302,clear primary agriculture road
test_3303,clear primary
test_3304,clear partly_cloudy primary agriculture road
test_3305,clear partly_cloudy primary
test_3306,clear primary water
test_3307,clear primary
test_3308,clear haze primary agriculture road
test_3309,clear primary agriculture cultivation habitation
test_3310,clear primary water
test_3311,partly_cloudy primary water
test_3312,haze cloudy primary
test_3313,clear primary agriculture road
test_3314,clear primary water
test_3315,clear primary agriculture cultivation
test_3316,clear primary
test_3317,clear primary
test_3318,clear primary
test_3319,clear primary
test_3320,clear haze primary
test_3321,clear primary agriculture cultivation
test_3322,partly_cloudy primary
test_3323,haze primary agriculture cultivation
test_3324,partly_cloudy primary agriculture water
test_3325,cloudy
test_3326,clear primary water
test_3327,partly_cloudy primary
test_3328,clear primary
test_3329,cloudy
test_3330,clear primary agriculture road
test_3331,clear primary
test_3332,clear primary agriculture habitation road
test_3333,partly_cloudy primary agriculture road
test_3334,clear primary agriculture cultivation road
test_3335,partly_cloudy primary
test_3336,clear primary agriculture habitation road
test_3337,clear cloudy water
test_3338,clear haze primary agriculture water road
test_3339,clear primary
test_3340,haze cloudy primary
test_3341,clear primary
test_3342,partly_cloudy primary
test_3343,clear primary
test_3344,clear primary agriculture cultivation
test_3345,clear primary
test_3346,clear primary agriculture cultivation
test_3347,clear primary
test_3348,partly_cloudy primary
test_3349,clear primary
test_3350,clear primary agriculture water habitation road
test_3351,clear primary agriculture water road bare_ground
test_3352,partly_cloudy primary agriculture habitation road
test_3353,clear primary
test_3354,clear primary agriculture road
test_3355,clear primary agriculture road
test_3356,clear partly_cloudy primary
test_3357,clear primary agriculture road
test_3358,clear primary
test_3359,clear primary
test_3360,partly_cloudy primary
test_3361,haze cloudy primary
test_3362,clear primary
test_3363,clear primary agriculture water
test_3364,clear primary agriculture
test_3365,partly_cloudy primary agriculture cultivation road
test_3366,clear primary
test_3367,clear primary
test_3368,clear primary agriculture water road
test_3369,clear primary
test_3370,clear primary water road
test_3371,clear primary
test_3372,partly_cloudy primary agriculture water
test_3373,clear primary
test_3374,partly_cloudy primary water
test_3375,clear primary
test_3376,partly_cloudy cloudy primary
test_3377,clear primary
test_3378,clear primary agriculture water cultivation
test_3379,cloudy
test_3380,partly_cloudy primary agriculture road
test_3381,clear primary
test_3382,partly_cloudy primary agriculture
test_3383,clear primary agriculture cultivation habitation road
test_3384,cloudy
test_3385,clear primary
test_3386,clear cloudy primary water
test_3387,clear cloudy water
test_3388,clear primary
test_3389,clear primary
test_3390,clear primary habitation road
test_3391,haze cloudy primary
test_3392,clear primary
test_3393,clear primary agriculture habitation road
test_3394,partly_cloudy primary water
test_3395,clear primary
test_3396,clear primary
test_3397,clear primary agriculture cultivation
test_3398,clear primary
test_3399,clear primary
test_3400,clear primary agriculture road
test_3401,clear primary agriculture water cultivation
test_3402,partly_cloudy primary agriculture water habitation road
test_3403,partly_cloudy primary agriculture cultivation road
test_3404,clear primary agriculture water habitation road
test_3405,clear primary agriculture water habitation road
test_3406,clear primary
test_3407,clear primary
test_3408,clear partly_cloudy primary
test_3409,clear primary agriculture water road
test_3410,clear primary agriculture cultivation
test_3411,clear primary agriculture water
test_3412,clear primary agriculture road
test_3413,partly_cloudy primary
test_3414,partly_cloudy primary water
test_3415,haze cloudy primary
test_3416,partly_cloudy primary
test_3417,clear primary agriculture habitation road
test_3418,clear primary
test_3419,clear primary
test_3420,clear primary
test_3421,clear cloudy primary water
test_3422,clear primary agriculture water road
test_3423,clear primary agriculture cultivation
test_3424,clear primary
test_3425,haze primary
test_3426,clear primary water road selective_logging
test_3427,clear primary agriculture cultivation
test_3428,clear primary agriculture road
test_3429,clear primary
test_3430,clear primary agriculture water road bare_ground
test_3431,clear primary agriculture water
test_3432,clear primary
test_3433,clear primary
test_3434,clear partly_cloudy primary agriculture cultivation habitation road
test_3435,partly_cloudy primary
test_3436,cloudy
test_3437,clear primary
test_3438,clear primary
test_3439,partly_cloudy primary
test_3440,partly_cloudy primary
test_3441,clear primary
test_3442,clear primary agriculture cultivation habitation road
test_3443,clear primary agriculture road
test_3444,partly_cloudy primary
test_3445,clear primary
test_3446,clear primary
test_3447,clear primary agriculture road
test_3448,clear partly_cloudy primary
test_3449,clear primary water road bare_ground artisinal_mine
test_3450,clear primary water
test_3451,clear primary agriculture habitation road
test_3452,clear primary
test_3453,cloudy
test_3454,haze primary
test_3455,partly_cloudy primary agriculture road
test_3456,haze primary
test_3457,clear primary
test_3458,clear primary agriculture cultivation habitation
test_3459,clear primary agriculture habitation road conventional_mine
test_3460,haze primary
test_3461,clear primary agriculture water
test_3462,haze primary agriculture water road
test_3463,partly_cloudy primary
test_3464,partly_cloudy primary agriculture cultivation
test_3465,haze cloudy primary
test_3466,clear haze primary agriculture water road
test_3467,clear primary agriculture water road
test_3468,clear primary agriculture water bare_ground artisinal_mine
test_3469,partly_cloudy primary
test_3470,partly_cloudy primary agriculture road
test_3471,clear primary
test_3472,clear primary agriculture water
test_3473,clear primary
test_3474,partly_cloudy primary agriculture
test_3475,clear primary
test_3476,clear primary
test_3477,clear primary
test_3478,clear primary water
test_3479,partly_cloudy primary
test_3480,clear primary
test_3481,clear primary agriculture road
test_3482,clear primary
test_3483,clear partly_cloudy primary agriculture cultivation
test_3484,clear primary
test_3485,clear primary
test_3486,partly_cloudy primary agriculture road
test_3487,clear cloudy primary water
test_3488,clear primary
test_3489,clear primary
test_3490,clear primary water road
test_3491,partly_cloudy primary agriculture cultivation
test_3492,clear primary agriculture cultivation road
test_3493,haze cloudy primary
test_3494,clear primary habitation road
test_3495,clear primary
test_3496,clear primary agriculture water cultivation
test_3497,clear primary agriculture road bare_ground
test_3498,clear primary
test_3499,clear primary agriculture
test_3500,clear primary agriculture cultivation
test_3501,clear primary
test_3502,clear cloudy primary agriculture
test_3503,clear primary
test_3504,partly_cloudy primary agriculture
test_3505,clear primary
test_3506,clear primary agriculture
test_3507,clear primary
test_3508,clear primary agriculture cultivation road
test_3509,clear primary
test_3510,clear primary agriculture water
test_3511,clear primary
test_3512,clear primary water road
test_3513,clear primary water habitation road
test_3514,partly_cloudy primary
test_3515,clear primary agriculture road
test_3516,clear primary water
test_3517,partly_cloudy primary agriculture road
test_3518,clear primary
test_3519,partly_cloudy primary agriculture cultivation habitation road
test_3520,haze cloudy primary
test_3521,clear primary
test_3522,clear primary agriculture habitation road
test_3523,clear primary
test_3524,clear cloudy primary agriculture water
test_3525,clear primary agriculture cultivation habitation
test_3526,partly_cloudy primary
test_3527,clear primary water
test_3528,clear primary
test_3529,clear primary agriculture water cultivation road
test_3530,partly_cloudy primary
test_3531,clear partly_cloudy primary agriculture road
test_3532,cloudy
test_3533,clear primary
test_3534,clear primary
test_3535,clear primary
test_3536,clear primary
test_3537,clear primary agriculture cultivation
test_3538,clear primary water
test_3539,partly_cloudy primary agriculture road
test_3540,partly_cloudy primary
test_3541,partly_cloudy primary water
test_3542,clear partly_cloudy primary agriculture cultivation
test_3543,clear primary
test_3544,haze primary
test_3545,clear primary
test_3546,clear primary agriculture water cultivation habitation
test_3547,clear primary
test_3548,clear primary agriculture water
test_3549,clear primary
test_3550,clear cloudy water
test_3551,haze primary agriculture water road
test_3552,clear partly_cloudy primary agriculture road
test_3553,clear primary agriculture
test_3554,clear primary agriculture cultivation habitation
test_3555,clear primary agriculture road
test_3556,clear primary agriculture water road
test_3557,clear primary
test_3558,haze primary
test_3559,clear primary
test_3560,haze cloudy primary
test_3561,partly_cloudy primary agriculture cultivation
test_3562,clear primary habitation road
test_3563,clear primary
test_3564,partly_cloudy primary agriculture road
test_3565,clear primary
test_3566,clear partly_cloudy primary agriculture road
test_3567,clear primary
test_3568,clear primary
test_3569,clear primary
test_3570,clear primary agriculture cultivation
test_3571,partly_cloudy primary
test_3572,cloudy
test_3573,clear primary
test_3574,clear haze primary
test_3575,clear primary agriculture cultivation
test_3576,clear haze primary agriculture water road
test_3577,clear primary agriculture cultivation
test_3578,clear primary agriculture cultivation
test_3579,clear primary water
test_3580,clear primary water road
test_3581,clear primary water
test_3582,partly_cloudy primary
test_3583,clear primary
test_3584,clear primary
test_3585,clear primary agriculture water habitation road
test_3586,clear primary
test_3587,cloudy
test_3588,clear primary water road selective_logging
test_3589,partly_cloudy primary water
test_3590,clear primary agriculture cultivation
test_3591,clear primary
test_3592,clear primary
test_3593,clear haze primary
test_3594,clear primary water road
test_3595,clear primary agriculture water
test_3596,clear primary agriculture water road
test_3597,clear primary water
test_3598,haze partly_cloudy primary
test_3599,clear primary
test_3600,clear primary agriculture road
test_3601,haze cloudy
test_3602,clear primary
test_3603,cloudy
test_3604,clear primary
test_3605,clear primary water road
test_3606,clear primary agriculture cultivation habitation
test_3607,clear primary
test_3608,clear primary
test_3609,clear primary
test_3610,clear primary
test_3611,clear primary
test_3612,clear partly_cloudy primary agriculture water habitation road
test_3613,clear primary
test_3614,partly_cloudy primary agriculture cultivation habitation
test_3615,clear primary
test_3616,partly_cloudy primary agriculture road
test_3617,clear primary agriculture cultivation habitation road
test_3618,clear primary agriculture cultivation road
test_3619,clear primary
test_3620,haze cloudy
test_3621,clear primary agriculture cultivation habitation
test_3622,partly_cloudy primary
test_3623,clear primary agriculture cultivation habitation road
test_3624,clear primary
test_3625,haze cloudy primary water
test_3626,clear primary
test_3627,clear primary agriculture cultivation
test_3628,clear primary
test_3629,clear primary agriculture cultivation
test_3630,clear primary
test_3631,clear primary
test_3632,partly_cloudy primary
test_3633,clear primary agriculture cultivation
test_3634,clear primary
test_3635,clear primary agriculture water cultivation road
test_3636,clear primary agriculture road
test_3637,clear primary
test_3638,clear primary
test_3639,clear primary agriculture habitation road
test_3640,clear primary
test_3641,clear primary agriculture cultivation habitation
test_3642,clear primary agriculture habitation road bare_ground
test_3643,partly_cloudy primary agriculture
test_3644,partly_cloudy primary
test_3645,clear primary
test_3646,clear primary agriculture road
test_3647,clear primary water
test_3648,clear primary
test_3649,clear primary agriculture water
test_3650,clear primary agriculture cultivation habitation
test_3651,clear primary agriculture water cultivation habitation road
test_3652,clear primary water
test_3653,partly_cloudy primary agriculture road
test_3654,partly_cloudy primary
test_3655,clear primary
test_3656,clear primary agriculture road
test_3657,clear primary water
test_3658,clear primary agriculture
test_3659,partly_cloudy primary agriculture water road
test_3660,clear primary
test_3661,clear primary agriculture
test_3662,partly_cloudy primary
test_3663,clear primary agriculture cultivation road
test_3664,partly_cloudy primary
test_3665,partly_cloudy primary agriculture water
test_3666,clear primary agriculture cultivation habitation
test_3667,partly_cloudy primary
test_3668,clear cloudy water
test_3669,clear primary
test_3670,clear primary agriculture cultivation road
test_3671,clear primary agriculture water bare_ground
test_3672,clear primary
test_3673,clear primary
test_3674,clear primary
test_3675,clear primary
test_3676,clear primary
test_3677,clear primary agriculture road bare_ground
test_3678,clear primary agriculture habitation road
test_3679,clear partly_cloudy primary agriculture habitation road
test_3680,clear primary
test_3681,clear primary
test_3682,clear primary
test_3683,clear primary agriculture cultivation habitation road
test_3684,partly_cloudy primary agriculture water
test_3685,haze primary
test_3686,clear primary agriculture water cultivation
test_3687,partly_cloudy primary
test_3688,cloudy
test_3689,clear primary water road selective_logging
test_3690,clear primary agriculture water habitation road
test_3691,partly_cloudy primary agriculture water
test_3692,clear primary
test_3693,clear primary
test_3694,partly_cloudy primary
test_3695,clear haze primary agriculture road
test_3696,partly_cloudy primary agriculture cultivation habitation road
test_3697,clear primary agriculture cultivation
test_3698,clear partly_cloudy primary agriculture water cultivation habitation
test_3699,clear primary
test_3700,clear primary
test_3701,clear primary
test_3702,haze cloudy primary
test_3703,clear primary
test_3704,partly_cloudy primary
test_3705,clear primary
test_3706,clear primary
test_3707,clear haze primary agriculture road
test_3708,partly_cloudy primary
test_3709,clear primary agriculture road
test_3710,clear primary agriculture cultivation
test_3711,clear primary agriculture cultivation
test_3712,clear haze primary
test_3713,clear primary water
test_3714,clear primary blooming
test_3715,clear primary
test_3716,partly_cloudy primary
test_3717,cloudy
test_3718,clear primary
test_3719,clear primary water
test_3720,clear primary agriculture road
test_3721,partly_cloudy primary
test_3722,partly_cloudy primary water road
test_3723,clear primary
test_3724,clear primary agriculture cultivation habitation road
test_3725,partly_cloudy primary
test_3726,clear primary agriculture habitation road
test_3727,clear primary water road
test_3728,cloudy
test_3729,clear primary
test_3730,clear primary
test_3731,clear primary agriculture cultivation
test_3732,clear primary agriculture water
test_3733,clear primary agriculture
test_3734,clear primary
test_3735,clear primary agriculture water road
test_3736,clear primary agriculture road
test_3737,clear primary
test_3738,clear primary agriculture habitation road
test_3739,clear primary
test_3740,clear primary
test_3741,partly_cloudy primary
test_3742,clear primary water road selective_logging
test_3743,clear primary
test_3744,clear primary agriculture water
test_3745,clear primary
test_3746,clear primary agriculture road bare_ground
test_3747,clear primary
test_3748,clear primary
test_3749,clear primary
test_3750,clear primary agriculture water cultivation habitation road
test_3751,haze cloudy primary
test_3752,partly_cloudy primary
test_3753,clear primary
test_3754,clear primary agriculture water
test_3755,clear primary agriculture cultivation
test_3756,clear primary agriculture cultivation
test_3757,clear primary
test_3758,clear primary
test_3759,clear primary
test_3760,clear primary
test_3761,clear primary
test_3762,partly_cloudy primary
test_3763,clear primary
test_3764,clear primary agriculture habitation road
test_3765,cloudy
test_3766,partly_cloudy primary
test_3767,partly_cloudy primary
test_3768,clear primary
test_3769,partly_cloudy primary
test_3770,clear primary water road
test_3771,clear haze primary water
test_3772,clear primary agriculture water cultivation habitation road
test_3773,partly_cloudy primary agriculture water
test_3774,clear primary agriculture habitation road
test_3775,clear haze primary
test_3776,haze primary agriculture water
test_3777,clear primary
test_3778,clear cloudy primary water
test_3779,clear primary
test_3780,clear primary agriculture cultivation habitation
test_3781,clear primary
test_3782,partly_cloudy primary agriculture habitation road
test_3783,partly_cloudy primary agriculture water
test_3784,clear partly_cloudy primary agriculture cultivation
test_3785,clear primary
test_3786,clear partly_cloudy primary
test_3787,clear primary agriculture cultivation
test_3788,partly_cloudy primary
test_3789,partly_cloudy primary
test_3790,partly_cloudy primary
test_3791,clear primary agriculture water road
test_3792,clear primary agriculture habitation road
test_3793,clear primary
test_3794,clear primary water
test_3795,partly_cloudy primary
test_3796,clear primary
test_3797,partly_cloudy primary
test_3798,clear primary agriculture cultivation
test_3799,clear primary agriculture cultivation
test_3800,clear primary
test_3801,clear primary agriculture cultivation
test_3802,clear primary
test_3803,clear primary agriculture road bare_ground
test_3804,haze primary agriculture road
test_3805,partly_cloudy primary water road
test_3806,clear primary blooming selective_logging
test_3807,clear primary agriculture cultivation
test_3808,clear primary agriculture road
test_3809,clear primary agriculture habitation road
test_3810,partly_cloudy primary water
test_3811,clear primary
test_3812,clear primary agriculture habitation road
test_3813,clear primary agriculture
test_3814,clear haze primary agriculture road
test_3815,clear primary water
test_3816,clear primary agriculture cultivation
test_3817,clear primary
test_3818,clear primary agriculture road
test_3819,clear primary
test_3820,clear primary
test_3821,clear primary
test_3822,clear primary agriculture cultivation habitation
test_3823,clear primary
test_3824,clear primary
test_3825,clear haze primary
test_3826,clear primary
test_3827,clear primary
test_3828,cloudy
test_3829,clear haze primary
test_3830,partly_cloudy primary agriculture water cultivation habitation
test_3831,clear primary
test_3832,clear primary
test_3833,clear primary agriculture road
test_3834,clear primary agriculture water habitation road
test_3835,clear primary
test_3836,clear primary
test_3837,haze cloudy
test_3838,clear primary
test_3839,clear primary
test_3840,partly_cloudy primary agriculture habitation road
test_3841,clear primary
test_3842,clear primary
test_3843,clear primary
test_3844,clear primary agriculture road
test_3845,clear primary
test_3846,clear primary
test_3847,clear primary
test_3848,clear haze primary
test_3849,clear primary
test_3850,clear primary
test_3851,clear primary agriculture road
test_3852,clear primary
test_3853,clear primary
test_3854,clear primary
test_3855,clear primary agriculture water habitation road
test_3856,clear primary agriculture water road
test_3857,clear primary agriculture cultivation habitation road
test_3858,clear primary agriculture water
test_3859,clear primary agriculture cultivation
test_3860,clear primary agriculture cultivation
test_3861,clear primary agriculture cultivation road
test_3862,clear primary agriculture road
test_3863,clear primary agriculture cultivation habitation road
test_3864,haze primary water
test_3865,clear primary agriculture habitation road
test_3866,clear primary agriculture cultivation
test_3867,clear primary
test_3868,clear primary agriculture water
test_3869,haze primary agriculture
test_3870,partly_cloudy primary agriculture
test_3871,clear primary
test_3872,partly_cloudy primary
test_3873,clear primary
test_3874,clear primary agriculture
test_3875,clear primary
test_3876,clear primary
test_3877,clear primary agriculture cultivation road
test_3878,clear primary
test_3879,cloudy
test_3880,clear primary agriculture cultivation
test_3881,clear primary
test_3882,clear primary agriculture
test_3883,clear primary
test_3884,clear primary
test_3885,partly_cloudy cloudy primary
test_3886,clear primary
test_3887,clear primary
test_3888,haze primary
test_3889,clear primary
test_3890,clear primary
test_3891,clear primary
test_3892,clear primary
test_3893,partly_cloudy primary
test_3894,partly_cloudy primary water road
test_3895,partly_cloudy primary agriculture cultivation
test_3896,clear primary water
test_3897,clear primary agriculture water cultivation road
test_3898,clear primary agriculture road
test_3899,partly_cloudy primary water
test_3900,clear primary
test_3901,clear primary agriculture water habitation
test_3902,clear primary agriculture water cultivation
test_3903,clear primary
test_3904,clear primary agriculture cultivation road
test_3905,clear primary
test_3906,clear primary
test_3907,clear primary agriculture habitation road
test_3908,clear primary agriculture
test_3909,clear haze primary agriculture cultivation
test_3910,clear primary agriculture water cultivation habitation road
test_3911,clear haze primary
test_3912,clear primary agriculture water cultivation road selective_logging
test_3913,clear primary
test_3914,clear primary agriculture road
test_3915,partly_cloudy cloudy primary
test_3916,clear primary
test_3917,partly_cloudy primary
test_3918,clear primary agriculture water cultivation road
test_3919,clear primary agriculture cultivation
test_3920,partly_cloudy primary water
test_3921,clear primary agriculture road
test_3922,partly_cloudy primary agriculture water road
test_3923,haze cloudy primary
test_3924,clear primary
test_3925,clear primary
test_3926,partly_cloudy primary
test_3927,clear primary
test_3928,clear primary
test_3929,clear primary agriculture water cultivation road
test_3930,clear primary
test_3931,cloudy
test_3932,clear primary
test_3933,cloudy
test_3934,partly_cloudy primary
test_3935,clear primary water habitation road
test_3936,clear primary
test_3937,clear primary agriculture cultivation
test_3938,partly_cloudy primary agriculture
test_3939,clear primary
test_3940,clear primary agriculture cultivation
test_3941,clear primary agriculture water bare_ground
test_3942,clear primary agriculture cultivation
test_3943,clear primary
test_3944,clear primary
test_3945,clear primary
test_3946,clear haze primary
test_3947,clear primary agriculture water habitation road bare_ground artisinal_mine
test_3948,clear primary agriculture cultivation
test_3949,haze cloudy primary
test_3950,clear primary
test_3951,clear primary agriculture road
test_3952,partly_cloudy primary
test_3953,clear primary agriculture water cultivation habitation
test_3954,clear primary water road selective_logging
test_3955,partly_cloudy primary agriculture water road
test_3956,cloudy
test_3957,clear primary
test_3958,partly_cloudy primary
test_3959,clear primary
test_3960,partly_cloudy primary agriculture cultivation road
test_3961,clear primary agriculture cultivation road
test_3962,clear partly_cloudy primary agriculture road
test_3963,partly_cloudy cloudy primary
test_3964,cloudy
test_3965,clear primary
test_3966,partly_cloudy primary agriculture habitation road
test_3967,clear primary agriculture road
test_3968,clear primary agriculture road
test_3969,partly_cloudy primary
test_3970,clear primary agriculture water cultivation habitation road
test_3971,clear partly_cloudy primary
test_3972,clear primary
test_3973,partly_cloudy primary agriculture road
test_3974,clear primary
test_3975,partly_cloudy cloudy
test_3976,clear primary water
test_3977,clear primary agriculture road
test_3978,clear primary
test_3979,haze primary agriculture water
test_3980,clear primary agriculture water road bare_ground
test_3981,clear primary road selective_logging
test_3982,clear primary
test_3983,clear primary agriculture
test_3984,clear primary
test_3985,clear primary
test_3986,partly_cloudy primary agriculture cultivation road
test_3987,clear cloudy water
test_3988,partly_cloudy primary agriculture road
test_3989,partly_cloudy primary agriculture road
test_3990,clear primary agriculture
test_3991,clear haze primary
test_3992,clear primary
test_3993,clear partly_cloudy primary
test_3994,clear primary water
test_3995,haze cloudy primary water
test_3996,clear primary agriculture
test_3997,clear primary water
test_3998,clear haze primary agriculture road
test_3999,clear primary water road
test_4000,clear primary
test_4001,clear primary agriculture cultivation
test_4002,partly_cloudy primary agriculture cultivation habitation road
test_4003,clear primary agriculture cultivation
test_4004,partly_cloudy primary
test_4005,haze cloudy
test_4006,clear primary agriculture water
test_4007,cloudy
test_4008,clear primary
test_4009,partly_cloudy primary agriculture road
test_4010,clear primary
test_4011,clear partly_cloudy primary
test_4012,clear primary
test_4013,partly_cloudy primary agriculture water road
test_4014,clear primary water
test_4015,clear primary
test_4016,cloudy
test_4017,partly_cloudy primary
test_4018,partly_cloudy primary agriculture water
test_4019,partly_cloudy primary agriculture road
test_4020,clear primary agriculture
test_4021,clear partly_cloudy primary agriculture cultivation habitation
test_4022,haze cloudy primary
test_4023,clear primary agriculture water road
test_4024,clear primary agriculture habitation road
test_4025,clear haze primary water
test_4026,clear partly_cloudy primary agriculture cultivation habitation
test_4027,clear haze cloudy primary water
test_4028,partly_cloudy primary agriculture habitation road
test_4029,clear primary agriculture water cultivation road
test_4030,partly_cloudy primary agriculture cultivation habitation road
test_4031,partly_cloudy primary agriculture road
test_4032,haze primary
test_4033,partly_cloudy primary
test_4034,clear primary agriculture cultivation
test_4035,clear primary water habitation road
test_4036,clear primary agriculture cultivation
test_4037,cloudy
test_4038,clear partly_cloudy primary agriculture cultivation
test_4039,partly_cloudy primary agriculture water cultivation
test_4040,clear primary
test_4041,clear primary
test_4042,partly_cloudy primary
test_4043,clear primary agriculture cultivation habitation road
test_4044,clear primary
test_4045,partly_cloudy primary
test_4046,clear primary
test_4047,partly_cloudy primary
test_4048,clear partly_cloudy primary
test_4049,clear primary
test_4050,clear primary
test_4051,clear primary agriculture water
test_4052,clear primary
test_4053,clear primary
test_4054,clear haze primary agriculture water
test_4055,clear primary agriculture cultivation
test_4056,clear primary agriculture
test_4057,clear primary
test_4058,clear primary agriculture road
test_4059,haze primary
test_4060,clear primary
test_4061,clear primary
test_4062,clear primary agriculture cultivation habitation road
test_4063,cloudy
test_4064,haze cloudy primary
test_4065,clear primary agriculture water cultivation habitation road
test_4066,clear primary
test_4067,partly_cloudy primary agriculture habitation road
test_4068,clear primary water
test_4069,clear primary water
test_4070,clear haze cloudy primary agriculture water
test_4071,clear primary water
test_4072,clear primary agriculture habitation road
test_4073,clear primary
test_4074,partly_cloudy primary agriculture cultivation
test_4075,haze partly_cloudy primary
test_4076,clear primary water
test_4077,partly_cloudy primary
test_4078,clear primary
test_4079,clear cloudy water
test_4080,clear primary
test_4081,clear primary water
test_4082,clear primary agriculture cultivation
test_4083,clear primary
test_4084,clear primary
test_4085,clear primary water road artisinal_mine
test_4086,clear primary water
test_4087,clear primary agriculture water cultivation
test_4088,clear primary
test_4089,clear primary agriculture road
test_4090,cloudy
test_4091,partly_cloudy primary agriculture water cultivation
test_4092,clear primary
test_4093,clear primary
test_4094,clear primary water habitation road bare_ground artisinal_mine
test_4095,clear primary
test_4096,haze cloudy primary
test_4097,clear primary agriculture cultivation
test_4098,clear primary agriculture habitation road
test_4099,clear primary water
test_4100,haze partly_cloudy primary agriculture cultivation
test_4101,clear primary
test_4102,clear primary
test_4103,clear haze primary
test_4104,haze cloudy primary water
test_4105,clear primary
test_4106,clear primary agriculture habitation road
test_4107,clear primary agriculture water road
test_4108,cloudy
test_4109,clear primary agriculture cultivation habitation road
test_4110,clear primary agriculture water
test_4111,partly_cloudy primary agriculture water
test_4112,haze cloudy primary water
test_4113,clear primary agriculture
test_4114,clear primary agriculture cultivation
test_4115,haze cloudy
test_4116,clear haze primary water
test_4117,clear primary agriculture cultivation
test_4118,clear haze primary agriculture water
test_4119,clear primary
test_4120,clear primary agriculture water habitation road
test_4121,clear primary
test_4122,clear primary agriculture habitation road
test_4123,clear primary agriculture cultivation road
test_4124,cloudy
test_4125,clear primary agriculture habitation road
test_4126,clear partly_cloudy primary
test_4127,clear primary blooming selective_logging
test_4128,clear primary agriculture water habitation road
test_4129,haze cloudy primary
test_4130,clear primary agriculture road
test_4131,clear primary
test_4132,clear primary agriculture cultivation
test_4133,clear primary
test_4134,clear primary agriculture cultivation road
test_4135,clear haze primary
test_4136,clear primary
test_4137,clear primary water
test_4138,clear primary
test_4139,partly_cloudy cloudy primary
test_4140,clear primary
test_4141,clear primary agriculture cultivation
test_4142,clear haze primary
test_4143,clear primary agriculture cultivation
test_4144,clear primary cultivation
test_4145,cloudy
test_4146,clear primary water road
test_4147,clear primary
test_4148,clear primary agriculture cultivation road selective_logging
test_4149,clear primary
test_4150,clear primary
test_4151,clear primary agriculture cultivation habitation road
test_4152,clear partly_cloudy primary
test_4153,partly_cloudy primary agriculture
test_4154,clear primary agriculture road
test_4155,partly_cloudy primary agriculture water road
test_4156,haze primary
test_4157,partly_cloudy primary
test_4158,clear primary water
test_4159,clear primary
test_4160,clear primary agriculture cultivation road
test_4161,clear primary agriculture water cultivation habitation road
test_4162,partly_cloudy primary agriculture water
test_4163,clear primary agriculture cultivation
test_4164,cloudy
test_4165,clear primary
test_4166,clear primary
test_4167,cloudy
test_4168,clear primary
test_4169,clear primary
test_4170,clear partly_cloudy primary water
test_4171,clear primary
test_4172,clear primary agriculture cultivation
test_4173,clear primary agriculture road
test_4174,partly_cloudy primary agriculture
test_4175,clear primary blooming
test_4176,clear primary agriculture water cultivation road
test_4177,clear partly_cloudy primary agriculture road
test_4178,clear primary
test_4179,clear haze cloudy primary agriculture water
test_4180,clear primary
test_4181,clear haze primary agriculture road
test_4182,clear primary water
test_4183,clear primary
test_4184,clear primary
test_4185,clear primary
test_4186,clear primary
test_4187,clear primary agriculture habitation road
test_4188,partly_cloudy primary
test_4189,clear partly_cloudy primary agriculture cultivation
test_4190,clear primary water road
test_4191,partly_cloudy primary water road
test_4192,clear haze primary
test_4193,clear primary agriculture cultivation habitation road
test_4194,clear primary agriculture road
test_4195,clear primary
test_4196,haze primary water
test_4197,clear primary
test_4198,clear primary water road
test_4199,clear haze primary water
test_4200,clear primary agriculture
test_4201,clear primary agriculture water
test_4202,clear primary agriculture cultivation
test_4203,clear primary agriculture cultivation habitation
test_4204,clear primary agriculture cultivation
test_4205,clear primary
test_4206,clear primary
test_4207,cloudy
test_4208,clear primary agriculture water cultivation
test_4209,clear primary agriculture water road
test_4210,partly_cloudy primary
test_4211,clear primary
test_4212,clear primary agriculture cultivation habitation road
test_4213,clear primary
test_4214,clear primary agriculture
test_4215,partly_cloudy primary
test_4216,clear cloudy primary water
test_4217,clear primary
test_4218,partly_cloudy primary agriculture cultivation
test_4219,clear primary
test_4220,partly_cloudy primary agriculture road
test_4221,clear primary agriculture habitation road
test_4222,clear primary
test_4223,clear primary agriculture cultivation
test_4224,clear primary habitation road
test_4225,clear primary agriculture bare_ground
test_4226,clear primary
test_4227,clear primary agriculture cultivation habitation road
test_4228,clear primary
test_4229,clear primary agriculture cultivation habitation road
test_4230,clear primary
test_4231,clear primary agriculture cultivation
test_4232,clear primary
test_4233,clear haze primary agriculture cultivation habitation road
test_4234,clear primary agriculture
test_4235,clear primary agriculture habitation road bare_ground
test_4236,clear primary agriculture water habitation road
test_4237,partly_cloudy primary agriculture water
test_4238,clear primary agriculture road
test_4239,partly_cloudy primary
test_4240,clear primary
test_4241,clear primary agriculture habitation road
test_4242,clear primary
test_4243,partly_cloudy primary agriculture road
test_4244,partly_cloudy primary water
test_4245,clear primary agriculture cultivation
test_4246,clear primary water habitation road
test_4247,clear primary agriculture water cultivation habitation road
test_4248,clear primary agriculture habitation road
test_4249,partly_cloudy primary
test_4250,clear primary agriculture cultivation
test_4251,clear primary blooming
test_4252,clear primary
test_4253,partly_cloudy cloudy primary water
test_4254,clear primary agriculture cultivation
test_4255,clear primary agriculture cultivation
test_4256,clear primary
test_4257,partly_cloudy cloudy primary
test_4258,clear primary
test_4259,clear primary habitation road
test_4260,clear primary
test_4261,partly_cloudy primary agriculture road
test_4262,clear primary agriculture road
test_4263,clear primary
test_4264,clear primary agriculture cultivation
test_4265,clear primary agriculture road
test_4266,clear primary road
test_4267,clear primary
test_4268,cloudy
test_4269,partly_cloudy primary agriculture water
test_4270,clear primary agriculture habitation road
test_4271,clear primary agriculture water cultivation
test_4272,clear partly_cloudy primary
test_4273,clear primary
test_4274,clear primary agriculture road
test_4275,clear primary agriculture cultivation road
test_4276,clear primary water
test_4277,clear primary
test_4278,clear partly_cloudy primary agriculture water habitation road
test_4279,cloudy
test_4280,partly_cloudy primary
test_4281,clear primary
test_4282,clear primary water
test_4283,clear primary
test_4284,clear primary agriculture road
test_4285,clear primary agriculture cultivation habitation
test_4286,clear primary agriculture cultivation
test_4287,partly_cloudy primary
test_4288,clear haze primary agriculture habitation road
test_4289,partly_cloudy primary water
test_4290,clear primary agriculture habitation road
test_4291,clear primary agriculture cultivation
test_4292,clear primary
test_4293,partly_cloudy primary
test_4294,clear primary agriculture habitation road
test_4295,partly_cloudy primary agriculture cultivation
test_4296,clear primary agriculture cultivation
test_4297,clear partly_cloudy primary
test_4298,clear partly_cloudy primary agriculture road
test_4299,partly_cloudy primary agriculture cultivation
test_4300,clear primary water road
test_4301,partly_cloudy cloudy primary water
test_4302,clear primary
test_4303,haze primary
test_4304,clear primary agriculture cultivation
test_4305,clear primary water
test_4306,clear primary
test_4307,clear primary agriculture cultivation
test_4308,partly_cloudy primary agriculture cultivation road
test_4309,partly_cloudy primary
test_4310,cloudy
test_4311,clear primary
test_4312,clear primary agriculture road
test_4313,clear primary
test_4314,clear primary
test_4315,clear primary agriculture cultivation road
test_4316,clear primary
test_4317,clear primary
test_4318,clear primary
test_4319,clear primary agriculture cultivation
test_4320,clear primary agriculture cultivation
test_4321,clear haze primary
test_4322,partly_cloudy primary agriculture
test_4323,clear primary
test_4324,partly_cloudy primary
test_4325,clear partly_cloudy primary agriculture cultivation
test_4326,partly_cloudy primary
test_4327,partly_cloudy cloudy
test_4328,clear partly_cloudy primary agriculture habitation road
test_4329,clear primary agriculture water cultivation
test_4330,clear primary agriculture road bare_ground
test_4331,partly_cloudy primary
test_4332,clear haze primary agriculture water
test_4333,clear primary
test_4334,clear primary
test_4335,clear primary
test_4336,clear primary agriculture water cultivation
test_4337,clear primary agriculture cultivation
test_4338,clear primary
test_4339,clear primary
test_4340,partly_cloudy primary agriculture cultivation
test_4341,clear primary agriculture water cultivation habitation road
test_4342,clear partly_cloudy primary agriculture cultivation
test_4343,clear primary agriculture
test_4344,clear primary agriculture
test_4345,clear primary agriculture
test_4346,clear primary
test_4347,partly_cloudy primary
test_4348,clear primary
test_4349,clear primary
test_4350,clear agriculture bare_ground
test_4351,clear primary water
test_4352,partly_cloudy primary water
test_4353,clear primary
test_4354,clear haze primary agriculture road
test_4355,partly_cloudy primary agriculture water road
test_4356,haze primary
test_4357,partly_cloudy primary
test_4358,clear primary water
test_4359,partly_cloudy primary agriculture water
test_4360,clear primary agriculture road
test_4361,clear primary water road bare_ground artisinal_mine selective_logging
test_4362,clear primary
test_4363,partly_cloudy cloudy primary agriculture water
test_4364,clear primary
test_4365,haze primary
test_4366,clear primary
test_4367,clear cloudy water
test_4368,partly_cloudy primary
test_4369,clear primary
test_4370,clear primary water
test_4371,clear primary agriculture cultivation road
test_4372,clear primary water
test_4373,clear primary agriculture water
test_4374,clear primary agriculture cultivation
test_4375,clear partly_cloudy primary agriculture
test_4376,clear primary agriculture water
test_4377,clear primary
test_4378,partly_cloudy primary
test_4379,partly_cloudy primary
test_4380,cloudy
test_4381,clear primary agriculture cultivation habitation
test_4382,clear primary agriculture road
test_4383,partly_cloudy primary agriculture water road
test_4384,clear primary
test_4385,partly_cloudy primary
test_4386,clear primary agriculture habitation road
test_4387,clear primary
test_4388,partly_cloudy primary agriculture habitation road
test_4389,clear primary
test_4390,partly_cloudy primary agriculture cultivation habitation road
test_4391,clear primary
test_4392,partly_cloudy primary
test_4393,partly_cloudy primary agriculture
test_4394,clear partly_cloudy primary agriculture road
test_4395,clear primary agriculture cultivation habitation
test_4396,clear primary
test_4397,partly_cloudy primary agriculture water cultivation habitation road
test_4398,clear partly_cloudy primary
test_4399,clear primary
test_4400,clear primary
test_4401,clear primary
test_4402,partly_cloudy primary
test_4403,clear primary
test_4404,partly_cloudy primary water road
test_4405,clear primary
test_4406,clear primary agriculture cultivation habitation
test_4407,clear primary
test_4408,partly_cloudy cloudy primary agriculture water
test_4409,haze primary agriculture cultivation
test_4410,clear primary agriculture cultivation road
test_4411,clear primary
test_4412,clear primary
test_4413,clear primary
test_4414,partly_cloudy primary agriculture cultivation
test_4415,partly_cloudy primary
test_4416,clear primary
test_4417,clear primary road selective_logging
test_4418,clear primary agriculture road
test_4419,clear primary habitation road
test_4420,clear primary
test_4421,partly_cloudy primary agriculture
test_4422,clear cloudy water
test_4423,clear primary
test_4424,clear primary habitation road
test_4425,clear cloudy water
test_4426,clear primary
test_4427,partly_cloudy primary
test_4428,clear primary
test_4429,clear primary agriculture cultivation
test_4430,clear primary
test_4431,clear haze primary agriculture cultivation
test_4432,clear primary agriculture water road
test_4433,clear primary
test_4434,haze primary
test_4435,clear primary
test_4436,clear primary agriculture cultivation
test_4437,clear primary agriculture cultivation
test_4438,clear primary
test_4439,cloudy
test_4440,clear primary
test_4441,clear primary
test_4442,clear primary agriculture road
test_4443,haze primary agriculture water habitation road
test_4444,clear primary
test_4445,clear primary agriculture water road bare_ground
test_4446,clear primary
test_4447,clear primary agriculture water cultivation
test_4448,clear primary agriculture cultivation
test_4449,clear primary
test_4450,clear primary
test_4451,clear primary agriculture
test_4452,partly_cloudy primary agriculture
test_4453,partly_cloudy primary agriculture water habitation road
test_4454,partly_cloudy cloudy primary
test_4455,haze primary water
test_4456,clear primary
test_4457,partly_cloudy primary agriculture cultivation
test_4458,clear primary
test_4459,clear primary
test_4460,clear haze primary agriculture cultivation
test_4461,clear primary
test_4462,clear partly_cloudy primary agriculture cultivation
test_4463,partly_cloudy primary agriculture cultivation
test_4464,clear primary
test_4465,clear primary agriculture habitation road
test_4466,clear primary
test_4467,clear primary agriculture
test_4468,haze primary
test_4469,clear primary agriculture water bare_ground
test_4470,clear primary agriculture cultivation
test_4471,clear primary
test_4472,clear primary
test_4473,clear primary agriculture cultivation habitation
test_4474,clear primary
test_4475,clear partly_cloudy primary
test_4476,clear primary agriculture cultivation
test_4477,clear primary blooming selective_logging
test_4478,haze cloudy
test_4479,clear primary
test_4480,clear primary
test_4481,clear primary agriculture cultivation habitation
test_4482,partly_cloudy primary
test_4483,clear primary
test_4484,clear primary agriculture water
test_4485,clear primary
test_4486,clear primary
test_4487,clear primary
test_4488,clear primary agriculture habitation road
test_4489,partly_cloudy cloudy primary agriculture
test_4490,clear primary habitation road
test_4491,partly_cloudy primary
test_4492,clear primary
test_4493,clear primary
test_4494,clear cloudy water
test_4495,clear primary
test_4496,partly_cloudy primary agriculture water habitation road
test_4497,clear primary agriculture water cultivation road
test_4498,clear primary
test_4499,clear primary agriculture road
test_4500,clear primary
test_4501,clear primary water road
test_4502,partly_cloudy primary
test_4503,clear primary agriculture road
test_4504,clear primary water
test_4505,partly_cloudy primary
test_4506,clear primary agriculture road
test_4507,partly_cloudy primary
test_4508,clear primary water
test_4509,clear primary
test_4510,partly_cloudy primary
test_4511,partly_cloudy cloudy primary
test_4512,clear primary
test_4513,clear primary water
test_4514,clear primary
test_4515,clear primary agriculture habitation road
test_4516,clear haze primary agriculture
test_4517,clear primary agriculture water road bare_ground
test_4518,clear cloudy water
test_4519,partly_cloudy primary
test_4520,clear primary
test_4521,clear primary agriculture
test_4522,clear haze primary agriculture water
test_4523,clear primary
test_4524,clear primary
test_4525,clear primary agriculture
test_4526,clear primary agriculture water cultivation road
test_4527,partly_cloudy primary
test_4528,clear primary agriculture habitation road
test_4529,clear primary
test_4530,clear primary
test_4531,clear haze primary agriculture cultivation habitation
test_4532,haze cloudy primary
test_4533,haze primary agriculture road
test_4534,clear primary agriculture water
test_4535,clear primary water
test_4536,clear primary agriculture cultivation
test_4537,clear primary agriculture road
test_4538,clear primary
test_4539,clear primary agriculture habitation road
test_4540,partly_cloudy primary agriculture
test_4541,cloudy
test_4542,clear primary
test_4543,clear primary
test_4544,clear primary
test_4545,clear primary
test_4546,clear primary
test_4547,clear primary
test_4548,clear primary agriculture cultivation
test_4549,clear primary
test_4550,clear primary
test_4551,clear primary
test_4552,haze primary
test_4553,clear primary
test_4554,clear primary blooming selective_logging
test_4555,clear primary water habitation road
test_4556,partly_cloudy cloudy primary
test_4557,clear primary agriculture water habitation road
test_4558,clear primary agriculture cultivation road
test_4559,clear primary
test_4560,partly_cloudy primary
test_4561,partly_cloudy primary agriculture cultivation
test_4562,clear primary
test_4563,clear primary
test_4564,clear primary water road selective_logging
test_4565,haze primary
test_4566,partly_cloudy primary
test_4567,clear partly_cloudy primary
test_4568,clear primary agriculture water cultivation
test_4569,partly_cloudy primary agriculture water cultivation habitation road
test_4570,clear primary agriculture road
test_4571,clear primary
test_4572,clear primary
test_4573,clear primary
test_4574,clear primary agriculture
test_4575,cloudy
test_4576,clear haze primary agriculture cultivation
test_4577,clear primary agriculture water road
test_4578,clear primary
test_4579,clear partly_cloudy primary agriculture cultivation habitation road
test_4580,clear primary
test_4581,clear primary
test_4582,haze partly_cloudy primary water
test_4583,clear primary agriculture cultivation
test_4584,partly_cloudy cloudy primary agriculture water
test_4585,clear primary agriculture road
test_4586,clear primary
test_4587,clear primary
test_4588,clear primary
test_4589,clear primary blooming selective_logging
test_4590,haze primary
test_4591,clear primary agriculture
test_4592,clear primary agriculture water habitation road
test_4593,clear primary
test_4594,clear primary
test_4595,partly_cloudy primary agriculture road
test_4596,partly_cloudy primary
test_4597,clear primary
test_4598,partly_cloudy primary
test_4599,clear primary agriculture road
test_4600,clear primary agriculture cultivation
test_4601,clear primary agriculture road
test_4602,clear primary
test_4603,haze partly_cloudy cloudy primary
test_4604,clear partly_cloudy primary
test_4605,clear primary
test_4606,haze cloudy
test_4607,clear primary
test_4608,clear primary agriculture cultivation
test_4609,clear cloudy water
test_4610,clear primary agriculture road
test_4611,clear primary
test_4612,clear primary agriculture
test_4613,clear haze primary agriculture road
test_4614,clear partly_cloudy primary water conventional_mine bare_ground artisinal_mine
test_4615,partly_cloudy primary
test_4616,partly_cloudy primary
test_4617,clear primary
test_4618,clear partly_cloudy primary
test_4619,clear haze primary agriculture water road
test_4620,clear primary
test_4621,clear primary agriculture habitation road
test_4622,clear primary
test_4623,clear primary agriculture cultivation
test_4624,clear haze primary water
test_4625,clear primary agriculture road
test_4626,clear primary agriculture habitation road
test_4627,partly_cloudy primary water
test_4628,clear primary water road
test_4629,clear primary
test_4630,clear partly_cloudy primary
test_4631,clear primary agriculture cultivation
test_4632,clear primary
test_4633,clear primary agriculture road
test_4634,clear primary
test_4635,clear partly_cloudy primary water
test_4636,cloudy
test_4637,clear primary
test_4638,clear primary
test_4639,clear primary water
test_4640,clear primary
test_4641,clear primary
test_4642,haze primary
test_4643,clear primary agriculture bare_ground
test_4644,clear primary agriculture cultivation
test_4645,clear primary
test_4646,clear primary agriculture water cultivation
test_4647,clear primary agriculture water cultivation road
test_4648,clear primary agriculture habitation road bare_ground
test_4649,clear primary
test_4650,clear primary
test_4651,clear primary
test_4652,clear primary
test_4653,haze cloudy primary
test_4654,clear primary agriculture cultivation
test_4655,clear primary agriculture road
test_4656,partly_cloudy primary
test_4657,clear primary agriculture water bare_ground
test_4658,clear primary
test_4659,clear primary
test_4660,clear primary
test_4661,clear primary
test_4662,haze cloudy primary
test_4663,clear primary agriculture water bare_ground
test_4664,partly_cloudy primary
test_4665,clear primary agriculture water cultivation
test_4666,cloudy
test_4667,clear primary
test_4668,partly_cloudy primary
test_4669,clear primary water
test_4670,clear primary agriculture water habitation road
test_4671,clear primary
test_4672,clear primary
test_4673,clear primary agriculture road
test_4674,clear haze primary agriculture cultivation
test_4675,clear primary
test_4676,cloudy
test_4677,clear primary water road selective_logging
test_4678,clear primary agriculture cultivation
test_4679,clear cloudy primary water
test_4680,clear primary agriculture cultivation
test_4681,partly_cloudy primary
test_4682,clear cloudy water
test_4683,clear primary water
test_4684,clear primary
test_4685,partly_cloudy primary agriculture habitation road
test_4686,clear primary water
test_4687,clear primary
test_4688,cloudy
test_4689,cloudy
test_4690,clear primary
test_4691,clear primary
test_4692,clear primary agriculture water
test_4693,clear primary agriculture cultivation
test_4694,clear primary
test_4695,clear cloudy water
test_4696,clear primary agriculture habitation road
test_4697,clear primary
test_4698,clear primary
test_4699,clear primary
test_4700,clear primary agriculture water habitation road
test_4701,clear cloudy water
test_4702,cloudy
test_4703,clear primary agriculture habitation road
test_4704,cloudy
test_4705,clear primary agriculture cultivation habitation road
test_4706,clear primary
test_4707,clear primary water
test_4708,clear primary agriculture water
test_4709,clear primary blooming
test_4710,clear primary
test_4711,clear primary
test_4712,clear primary agriculture water cultivation road
test_4713,clear haze primary
test_4714,clear primary
test_4715,clear primary agriculture cultivation
test_4716,clear primary
test_4717,clear haze primary
test_4718,clear primary agriculture cultivation
test_4719,clear primary
test_4720,clear primary blooming selective_logging
test_4721,partly_cloudy primary
test_4722,clear primary agriculture habitation road
test_4723,clear primary
test_4724,partly_cloudy primary agriculture road
test_4725,clear primary
test_4726,clear primary agriculture cultivation
test_4727,clear primary
test_4728,clear primary
test_4729,clear primary agriculture cultivation habitation road
test_4730,clear primary
test_4731,clear primary agriculture road
test_4732,haze cloudy primary water
test_4733,clear primary
test_4734,clear primary agriculture water road
test_4735,clear primary
test_4736,partly_cloudy primary agriculture water
test_4737,partly_cloudy primary agriculture cultivation road
test_4738,clear primary agriculture
test_4739,clear primary agriculture habitation road
test_4740,clear primary
test_4741,clear primary water bare_ground artisinal_mine
test_4742,partly_cloudy primary agriculture water
test_4743,clear partly_cloudy primary agriculture water habitation road
test_4744,clear primary
test_4745,clear primary
test_4746,clear primary
test_4747,clear primary
test_4748,cloudy
test_4749,clear primary agriculture cultivation habitation road
test_4750,clear primary
test_4751,partly_cloudy primary agriculture cultivation
test_4752,clear primary
test_4753,clear primary
test_4754,clear primary agriculture water
test_4755,partly_cloudy primary
test_4756,partly_cloudy primary agriculture cultivation
test_4757,clear primary
test_4758,clear primary agriculture water habitation road
test_4759,clear primary agriculture cultivation
test_4760,clear cloudy water
test_4761,clear primary agriculture cultivation
test_4762,clear primary
test_4763,clear primary agriculture water
test_4764,clear primary habitation road
test_4765,clear primary
test_4766,clear primary
test_4767,clear primary
test_4768,clear primary agriculture cultivation habitation
test_4769,partly_cloudy cloudy primary
test_4770,clear primary
test_4771,clear primary
test_4772,clear primary habitation road
test_4773,clear primary agriculture water cultivation habitation
test_4774,clear primary agriculture water cultivation habitation road
test_4775,clear primary agriculture bare_ground
test_4776,clear primary
test_4777,clear primary agriculture habitation road
test_4778,clear primary
test_4779,clear primary
test_4780,clear primary agriculture cultivation
test_4781,partly_cloudy primary agriculture road
test_4782,clear primary agriculture habitation road
test_4783,partly_cloudy primary agriculture
test_4784,clear primary
test_4785,clear primary
test_4786,cloudy
test_4787,clear primary agriculture habitation road
test_4788,clear primary agriculture habitation road
test_4789,clear primary agriculture water cultivation
test_4790,clear primary
test_4791,clear primary agriculture habitation road
test_4792,clear primary agriculture water road
test_4793,clear primary
test_4794,clear primary
test_4795,clear primary agriculture bare_ground
test_4796,clear primary
test_4797,clear primary agriculture road
test_4798,clear primary
test_4799,clear primary water
test_4800,partly_cloudy primary agriculture cultivation
test_4801,clear primary agriculture cultivation
test_4802,clear primary
test_4803,partly_cloudy primary agriculture water road
test_4804,clear primary agriculture habitation road
test_4805,clear primary
test_4806,clear primary agriculture water habitation road
test_4807,clear primary agriculture habitation road
test_4808,clear primary agriculture water cultivation
test_4809,partly_cloudy primary water
test_4810,cloudy
test_4811,clear primary
test_4812,clear primary
test_4813,clear primary
test_4814,clear primary agriculture
test_4815,partly_cloudy primary
test_4816,partly_cloudy primary
test_4817,clear primary agriculture water
test_4818,clear primary agriculture habitation road
test_4819,clear primary
test_4820,clear primary agriculture cultivation
test_4821,clear primary
test_4822,partly_cloudy primary agriculture road
test_4823,clear partly_cloudy primary agriculture cultivation
test_4824,clear primary
test_4825,clear primary
test_4826,clear primary agriculture road
test_4827,clear primary agriculture water cultivation habitation road
test_4828,clear primary agriculture cultivation habitation
test_4829,partly_cloudy primary
test_4830,clear primary
test_4831,clear primary agriculture road
test_4832,clear primary water
test_4833,clear primary
test_4834,clear primary
test_4835,haze primary
test_4836,clear primary
test_4837,partly_cloudy primary
test_4838,clear primary
test_4839,clear primary agriculture road
test_4840,clear primary agriculture cultivation habitation road
test_4841,clear primary agriculture habitation road
test_4842,clear primary
test_4843,cloudy
test_4844,clear primary agriculture cultivation
test_4845,partly_cloudy primary
test_4846,clear primary agriculture cultivation habitation
test_4847,clear primary
test_4848,partly_cloudy primary agriculture water
test_4849,clear primary
test_4850,cloudy
test_4851,clear partly_cloudy cloudy primary agriculture water
test_4852,clear primary
test_4853,partly_cloudy primary agriculture cultivation road
test_4854,clear primary water
test_4855,partly_cloudy primary agriculture
test_4856,partly_cloudy primary
test_4857,clear primary agriculture water habitation road
test_4858,clear primary agriculture water cultivation
test_4859,clear primary agriculture cultivation
test_4860,clear primary
test_4861,clear primary
test_4862,clear haze cloudy primary water
test_4863,clear partly_cloudy primary agriculture water cultivation
test_4864,clear primary agriculture habitation road
test_4865,partly_cloudy primary water
test_4866,haze primary agriculture cultivation
test_4867,partly_cloudy primary
test_4868,clear primary
test_4869,clear primary
test_4870,haze primary
test_4871,haze primary
test_4872,clear primary water
test_4873,clear haze primary agriculture cultivation
test_4874,haze primary
test_4875,clear primary agriculture cultivation habitation road
test_4876,clear primary agriculture cultivation
test_4877,partly_cloudy cloudy primary agriculture habitation road
test_4878,clear primary
test_4879,cloudy
test_4880,clear primary
test_4881,clear primary
test_4882,clear primary
test_4883,cloudy
test_4884,clear primary
test_4885,haze primary agriculture
test_4886,clear primary
test_4887,haze primary agriculture water road
test_4888,partly_cloudy primary water
test_4889,cloudy
test_4890,clear primary
test_4891,clear primary water
test_4892,clear primary
test_4893,clear primary water road
test_4894,clear primary agriculture water cultivation
test_4895,clear primary agriculture cultivation habitation
test_4896,clear primary water habitation road
test_4897,clear primary agriculture water habitation road
test_4898,clear primary
test_4899,clear primary
test_4900,partly_cloudy primary
test_4901,clear primary
test_4902,clear primary agriculture cultivation habitation road
test_4903,clear haze primary agriculture water
test_4904,clear primary
test_4905,clear primary
test_4906,partly_cloudy primary
test_4907,clear primary
test_4908,clear primary water
test_4909,clear primary
test_4910,clear primary
test_4911,haze cloudy
test_4912,cloudy
test_4913,clear haze primary
test_4914,clear primary water
test_4915,clear primary agriculture road
test_4916,partly_cloudy cloudy
test_4917,clear partly_cloudy primary water
test_4918,clear primary
test_4919,clear primary agriculture cultivation
test_4920,partly_cloudy primary agriculture cultivation habitation road
test_4921,clear primary
test_4922,clear primary
test_4923,partly_cloudy primary
test_4924,clear primary
test_4925,clear primary water road
test_4926,clear primary
test_4927,partly_cloudy primary agriculture cultivation habitation road
test_4928,clear primary agriculture road
test_4929,clear primary
test_4930,cloudy
test_4931,cloudy
test_4932,partly_cloudy primary
test_4933,partly_cloudy cloudy primary agriculture water
test_4934,clear primary
test_4935,haze primary water
test_4936,clear primary
test_4937,partly_cloudy primary
test_4938,clear primary
test_4939,clear primary
test_4940,clear primary agriculture road
test_4941,partly_cloudy primary
test_4942,clear haze primary agriculture cultivation
test_4943,clear partly_cloudy primary agriculture water
test_4944,haze partly_cloudy cloudy primary
test_4945,clear primary agriculture cultivation habitation
test_4946,partly_cloudy primary
test_4947,clear primary agriculture road bare_ground
test_4948,clear primary water road
test_4949,clear cloudy primary water
test_4950,clear primary agriculture road
test_4951,clear primary agriculture cultivation
test_4952,clear primary agriculture
test_4953,partly_cloudy primary agriculture water road
test_4954,partly_cloudy primary water road
test_4955,clear partly_cloudy primary agriculture cultivation road
test_4956,clear primary
test_4957,clear primary agriculture water cultivation habitation
test_4958,partly_cloudy primary agriculture road
test_4959,haze primary water
test_4960,clear primary
test_4961,clear partly_cloudy primary agriculture water
test_4962,haze primary
test_4963,clear primary agriculture water cultivation
test_4964,clear primary
test_4965,clear primary
test_4966,clear primary agriculture water road
test_4967,haze primary
test_4968,clear partly_cloudy primary agriculture
test_4969,clear haze primary agriculture water cultivation road
test_4970,clear primary agriculture cultivation
test_4971,partly_cloudy primary agriculture water
test_4972,clear primary water
test_4973,partly_cloudy primary agriculture water
test_4974,clear partly_cloudy primary agriculture water road bare_ground
test_4975,clear haze primary
test_4976,partly_cloudy primary agriculture road
test_4977,clear primary agriculture habitation road bare_ground
test_4978,clear primary agriculture water cultivation habitation road
test_4979,clear partly_cloudy primary agriculture cultivation
test_4980,haze primary agriculture water
test_4981,clear primary
test_4982,clear primary water road
test_4983,clear primary agriculture cultivation
test_4984,clear primary
test_4985,clear primary blooming selective_logging
test_4986,partly_cloudy primary
test_4987,clear haze primary agriculture
test_4988,clear primary
test_4989,partly_cloudy primary agriculture cultivation
test_4990,partly_cloudy primary
test_4991,clear primary
test_4992,clear primary
test_4993,partly_cloudy primary agriculture
test_4994,clear primary
test_4995,clear primary
test_4996,clear haze primary
test_4997,haze primary
test_4998,haze primary
test_4999,haze primary
test_5000,clear primary
test_5001,clear primary
test_5002,clear primary
test_5003,clear primary agriculture water cultivation habitation road
test_5004,clear primary
test_5005,clear primary
test_5006,partly_cloudy primary
test_5007,clear primary agriculture cultivation
test_5008,clear primary
test_5009,clear primary agriculture cultivation habitation road
test_5010,clear primary agriculture water road bare_ground
test_5011,clear primary
test_5012,clear primary
test_5013,clear primary
test_5014,clear primary agriculture road
test_5015,haze partly_cloudy primary agriculture road
test_5016,clear partly_cloudy primary agriculture water cultivation road
test_5017,clear primary agriculture cultivation
test_5018,partly_cloudy primary
test_5019,clear primary
test_5020,clear primary agriculture water cultivation
test_5021,clear primary
test_5022,partly_cloudy cloudy primary
test_5023,clear primary agriculture cultivation
test_5024,clear primary agriculture water
test_5025,clear primary
test_5026,clear primary agriculture cultivation habitation
test_5027,clear primary
test_5028,clear primary agriculture water
test_5029,partly_cloudy primary
test_5030,clear primary agriculture cultivation
test_5031,clear primary water
test_5032,partly_cloudy primary
test_5033,clear primary agriculture water road
test_5034,clear primary agriculture cultivation
test_5035,clear primary
test_5036,clear primary
test_5037,clear primary agriculture cultivation
test_5038,clear primary
test_5039,clear primary
test_5040,clear primary agriculture road
test_5041,clear primary
test_5042,clear primary
test_5043,clear primary water
test_5044,clear primary water
test_5045,clear primary agriculture water cultivation road
test_5046,clear primary
test_5047,partly_cloudy primary agriculture
test_5048,partly_cloudy cloudy primary agriculture water
test_5049,clear primary water road
test_5050,clear primary agriculture water habitation road
test_5051,clear primary water
test_5052,partly_cloudy primary agriculture road
test_5053,clear primary
test_5054,clear primary
test_5055,clear primary
test_5056,clear primary agriculture water road
test_5057,clear primary agriculture habitation road
test_5058,cloudy
test_5059,clear primary
test_5060,clear primary
test_5061,clear primary agriculture road bare_ground
test_5062,partly_cloudy primary
test_5063,partly_cloudy cloudy primary road
test_5064,clear partly_cloudy primary
test_5065,clear primary
test_5066,clear primary
test_5067,clear primary
test_5068,clear haze cloudy primary water
test_5069,clear primary
test_5070,clear primary agriculture water road
test_5071,clear primary water road artisinal_mine
test_5072,clear primary
test_5073,clear partly_cloudy primary agriculture road
test_5074,clear primary
test_5075,haze partly_cloudy cloudy primary agriculture
test_5076,clear primary
test_5077,clear cloudy water
test_5078,clear primary agriculture cultivation
test_5079,clear haze partly_cloudy cloudy primary water road
test_5080,clear primary water
test_5081,partly_cloudy primary water
test_5082,partly_cloudy primary
test_5083,clear primary agriculture water
test_5084,haze primary
test_5085,partly_cloudy cloudy primary
test_5086,clear primary
test_5087,clear primary
test_5088,cloudy
test_5089,partly_cloudy primary agriculture cultivation habitation road
test_5090,clear primary agriculture water cultivation road
test_5091,clear primary
test_5092,clear primary water
test_5093,clear primary
test_5094,cloudy water
test_5095,clear primary
test_5096,haze primary
test_5097,clear primary
test_5098,partly_cloudy primary
test_5099,clear primary
test_5100,clear primary water
test_5101,clear primary
test_5102,partly_cloudy primary
test_5103,clear primary agriculture habitation road
test_5104,clear primary
test_5105,clear primary
test_5106,partly_cloudy primary water road
test_5107,partly_cloudy primary water
test_5108,cloudy
test_5109,clear partly_cloudy primary agriculture road
test_5110,clear primary
test_5111,clear primary agriculture road
test_5112,clear primary agriculture water cultivation habitation
test_5113,clear primary
test_5114,clear primary
test_5115,clear primary
test_5116,clear primary
test_5117,partly_cloudy primary
test_5118,clear primary agriculture water cultivation
test_5119,clear partly_cloudy primary road conventional_mine bare_ground selective_logging
test_5120,clear primary
test_5121,clear primary
test_5122,clear primary water
test_5123,clear primary
test_5124,clear primary
test_5125,clear primary
test_5126,haze primary agriculture water
test_5127,clear primary agriculture water cultivation road
test_5128,partly_cloudy primary water
test_5129,clear primary
test_5130,clear primary
test_5131,clear primary agriculture water road
test_5132,haze primary
test_5133,clear primary water road bare_ground artisinal_mine
test_5134,clear primary
test_5135,clear primary agriculture road
test_5136,clear primary agriculture water bare_ground
test_5137,clear primary
test_5138,clear partly_cloudy primary agriculture water cultivation habitation road
test_5139,partly_cloudy primary
test_5140,partly_cloudy primary agriculture water road
test_5141,partly_cloudy primary agriculture road
test_5142,clear primary
test_5143,clear haze primary agriculture
test_5144,clear cloudy water
test_5145,clear haze primary agriculture water road
test_5146,clear haze primary
test_5147,clear primary
test_5148,partly_cloudy primary agriculture cultivation
test_5149,clear primary agriculture habitation road
test_5150,clear primary agriculture cultivation
test_5151,clear primary
test_5152,clear primary agriculture habitation road
test_5153,clear primary agriculture road
test_5154,clear primary agriculture cultivation
test_5155,clear primary agriculture cultivation
test_5156,clear primary water
test_5157,clear primary
test_5158,haze cloudy primary
test_5159,clear primary agriculture cultivation
test_5160,partly_cloudy primary agriculture road
test_5161,clear primary water
test_5162,clear primary agriculture water cultivation habitation
test_5163,clear primary
test_5164,partly_cloudy primary agriculture road
test_5165,clear primary agriculture habitation road
test_5166,partly_cloudy primary water
test_5167,clear primary
test_5168,clear primary agriculture habitation road
test_5169,clear primary agriculture cultivation
test_5170,clear primary agriculture water habitation
test_5171,clear primary
test_5172,clear primary water habitation
test_5173,clear primary
test_5174,clear primary
test_5175,haze primary agriculture water
test_5176,clear primary
test_5177,clear primary agriculture water cultivation
test_5178,clear primary agriculture cultivation road
test_5179,clear primary
test_5180,clear primary
test_5181,clear primary
test_5182,clear primary
test_5183,partly_cloudy primary
test_5184,haze partly_cloudy primary agriculture
test_5185,clear primary agriculture water cultivation
test_5186,haze partly_cloudy primary agriculture water
test_5187,partly_cloudy primary agriculture water
test_5188,partly_cloudy primary agriculture road
test_5189,clear primary agriculture water
test_5190,clear primary
test_5191,haze primary agriculture water
test_5192,clear primary
test_5193,clear primary agriculture water habitation road
test_5194,clear primary
test_5195,clear primary blooming selective_logging
test_5196,partly_cloudy primary agriculture road
test_5197,partly_cloudy primary
test_5198,clear primary water
test_5199,clear primary agriculture cultivation
test_5200,clear primary
test_5201,clear primary water
test_5202,clear primary
test_5203,clear primary agriculture cultivation
test_5204,clear primary agriculture
test_5205,clear primary agriculture road
test_5206,partly_cloudy primary
test_5207,clear primary
test_5208,partly_cloudy primary agriculture habitation road
test_5209,clear primary
test_5210,clear primary
test_5211,clear primary agriculture cultivation road
test_5212,partly_cloudy primary agriculture road
test_5213,clear primary agriculture cultivation habitation road
test_5214,clear primary agriculture habitation road
test_5215,clear primary
test_5216,clear primary
test_5217,partly_cloudy primary
test_5218,clear primary
test_5219,clear primary
test_5220,clear primary agriculture water habitation road
test_5221,partly_cloudy primary agriculture cultivation
test_5222,clear primary
test_5223,clear primary agriculture bare_ground
test_5224,clear primary
test_5225,partly_cloudy primary agriculture water
test_5226,clear haze primary agriculture water cultivation
test_5227,clear primary agriculture road bare_ground
test_5228,partly_cloudy cloudy primary agriculture water road
test_5229,clear primary agriculture water cultivation
test_5230,clear haze primary
test_5231,clear primary
test_5232,clear primary water habitation
test_5233,clear primary water
test_5234,clear cloudy
test_5235,clear primary agriculture cultivation habitation road
test_5236,partly_cloudy primary
test_5237,clear primary agriculture cultivation
test_5238,clear primary agriculture road
test_5239,partly_cloudy primary water
test_5240,clear primary
test_5241,clear primary agriculture habitation road
test_5242,haze cloudy
test_5243,clear primary
test_5244,clear primary
test_5245,clear primary
test_5246,clear primary agriculture water habitation road
test_5247,partly_cloudy primary
test_5248,partly_cloudy primary
test_5249,clear primary water
test_5250,clear primary water road
test_5251,clear primary
test_5252,clear primary
test_5253,clear primary
test_5254,clear primary
test_5255,clear primary
test_5256,clear primary
test_5257,clear primary
test_5258,clear haze primary
test_5259,clear primary water
test_5260,clear primary agriculture bare_ground
test_5261,clear primary
test_5262,haze primary
test_5263,clear primary agriculture
test_5264,clear primary
test_5265,partly_cloudy primary water
test_5266,cloudy
test_5267,clear primary agriculture
test_5268,clear primary
test_5269,partly_cloudy primary agriculture water road
test_5270,haze primary agriculture
test_5271,clear cloudy water
test_5272,clear partly_cloudy primary agriculture cultivation habitation road
test_5273,clear primary
test_5274,clear primary agriculture water cultivation habitation
test_5275,clear primary agriculture cultivation
test_5276,clear primary agriculture cultivation
test_5277,clear primary
test_5278,clear primary
test_5279,clear haze primary agriculture water
test_5280,partly_cloudy primary
test_5281,partly_cloudy primary
test_5282,clear primary
test_5283,clear primary
test_5284,partly_cloudy primary
test_5285,clear primary agriculture cultivation
test_5286,clear primary
test_5287,clear primary
test_5288,clear primary
test_5289,partly_cloudy primary
test_5290,clear primary agriculture
test_5291,haze cloudy primary
test_5292,clear primary
test_5293,clear primary
test_5294,partly_cloudy cloudy primary agriculture
test_5295,clear primary
test_5296,clear partly_cloudy primary
test_5297,clear primary
test_5298,partly_cloudy primary water
test_5299,clear primary
test_5300,clear primary agriculture road
test_5301,clear primary agriculture habitation road
test_5302,partly_cloudy primary agriculture road
test_5303,clear primary
test_5304,clear primary
test_5305,clear primary
test_5306,clear primary agriculture water road
test_5307,clear primary
test_5308,clear haze primary
test_5309,clear primary
test_5310,clear primary
test_5311,partly_cloudy primary
test_5312,cloudy
test_5313,partly_cloudy primary
test_5314,partly_cloudy primary
test_5315,clear primary
test_5316,clear primary
test_5317,clear primary
test_5318,clear primary
test_5319,clear primary
test_5320,clear primary
test_5321,clear primary
test_5322,clear primary
test_5323,clear primary
test_5324,clear primary
test_5325,clear primary
test_5326,clear primary
test_5327,clear primary
test_5328,cloudy
test_5329,clear primary
test_5330,partly_cloudy primary agriculture water road
test_5331,clear primary
test_5332,clear primary
test_5333,clear primary
test_5334,clear partly_cloudy primary
test_5335,clear primary agriculture cultivation
test_5336,clear primary
test_5337,clear primary
test_5338,cloudy
test_5339,clear primary
test_5340,clear primary water road selective_logging
test_5341,partly_cloudy primary agriculture water cultivation road
test_5342,clear primary water
test_5343,clear primary
test_5344,clear primary agriculture habitation road
test_5345,clear primary
test_5346,clear primary agriculture habitation road
test_5347,partly_cloudy primary
test_5348,clear haze primary agriculture water road
test_5349,clear primary
test_5350,clear primary water road
test_5351,clear primary
test_5352,partly_cloudy primary agriculture road
test_5353,partly_cloudy primary agriculture cultivation
test_5354,partly_cloudy primary agriculture water
test_5355,clear primary agriculture cultivation
test_5356,clear primary
test_5357,clear primary agriculture cultivation road
test_5358,haze cloudy primary
test_5359,clear primary agriculture
test_5360,clear primary agriculture bare_ground
test_5361,clear primary agriculture habitation road bare_ground
test_5362,clear primary water
test_5363,clear primary
test_5364,clear primary agriculture cultivation habitation road
test_5365,clear partly_cloudy primary agriculture cultivation road
test_5366,partly_cloudy primary
test_5367,cloudy
test_5368,clear primary
test_5369,clear primary agriculture cultivation habitation
test_5370,clear primary
test_5371,clear partly_cloudy primary
test_5372,haze cloudy primary
test_5373,clear primary
test_5374,clear primary agriculture cultivation
test_5375,clear primary agriculture water bare_ground
test_5376,clear primary agriculture water road
test_5377,clear primary water
test_5378,clear primary agriculture cultivation
test_5379,clear primary
test_5380,clear primary
test_5381,clear primary
test_5382,clear primary road selective_logging
test_5383,clear partly_cloudy primary water road artisinal_mine selective_logging
test_5384,clear primary
test_5385,clear primary agriculture cultivation
test_5386,clear primary
test_5387,clear primary
test_5388,haze primary water
test_5389,clear primary cultivation
test_5390,clear haze primary
test_5391,clear primary agriculture water cultivation
test_5392,clear haze primary
test_5393,clear primary
test_5394,haze partly_cloudy primary
test_5395,clear primary
test_5396,haze primary agriculture water road
test_5397,clear primary agriculture cultivation
test_5398,clear primary
test_5399,clear primary
test_5400,cloudy
test_5401,clear primary
test_5402,clear haze primary
test_5403,clear primary
test_5404,clear primary agriculture water cultivation
test_5405,partly_cloudy primary water road
test_5406,haze partly_cloudy primary agriculture cultivation
test_5407,clear primary agriculture habitation road bare_ground
test_5408,clear haze primary agriculture water cultivation habitation road
test_5409,cloudy
test_5410,clear primary agriculture habitation road
test_5411,clear primary water
test_5412,cloudy
test_5413,clear haze primary
test_5414,clear primary
test_5415,clear primary agriculture cultivation
test_5416,partly_cloudy primary agriculture water habitation road
test_5417,cloudy
test_5418,clear primary agriculture water road
test_5419,clear primary agriculture cultivation
test_5420,partly_cloudy primary
test_5421,clear primary agriculture habitation road
test_5422,clear primary water
test_5423,partly_cloudy primary
test_5424,clear primary
test_5425,clear primary agriculture water cultivation habitation
test_5426,clear partly_cloudy primary water road
test_5427,clear primary
test_5428,clear partly_cloudy primary
test_5429,clear primary
test_5430,partly_cloudy primary agriculture cultivation
test_5431,haze cloudy primary water
test_5432,clear primary agriculture cultivation habitation road
test_5433,clear primary
test_5434,partly_cloudy primary agriculture cultivation
test_5435,clear partly_cloudy primary
test_5436,clear primary
test_5437,partly_cloudy primary agriculture water
test_5438,partly_cloudy primary agriculture cultivation
test_5439,clear primary
test_5440,clear primary agriculture cultivation habitation road
test_5441,clear primary
test_5442,clear primary agriculture road
test_5443,partly_cloudy primary
test_5444,clear primary agriculture water habitation road bare_ground
test_5445,partly_cloudy primary agriculture water
test_5446,partly_cloudy primary
test_5447,clear primary agriculture cultivation
test_5448,clear primary
test_5449,clear primary road blooming selective_logging
test_5450,clear primary water
test_5451,clear partly_cloudy primary agriculture water
test_5452,clear primary
test_5453,clear primary
test_5454,clear primary water
test_5455,clear primary
test_5456,clear primary
test_5457,clear primary agriculture road
test_5458,clear primary agriculture water habitation road
test_5459,clear primary
test_5460,haze cloudy
test_5461,clear primary
test_5462,clear primary
test_5463,partly_cloudy primary
test_5464,clear primary
test_5465,partly_cloudy cloudy primary agriculture water
test_5466,clear primary water
test_5467,partly_cloudy primary agriculture water
test_5468,clear primary
test_5469,clear primary agriculture water cultivation
test_5470,clear primary
test_5471,clear primary water habitation road bare_ground artisinal_mine
test_5472,clear primary water
test_5473,cloudy
test_5474,clear partly_cloudy primary agriculture water cultivation habitation road
test_5475,haze cloudy
test_5476,clear primary agriculture habitation road
test_5477,clear primary agriculture cultivation road
test_5478,clear primary
test_5479,clear primary
test_5480,clear primary agriculture road
test_5481,clear primary
test_5482,haze partly_cloudy primary agriculture
test_5483,clear primary
test_5484,clear cloudy water
test_5485,partly_cloudy primary
test_5486,clear primary agriculture cultivation
test_5487,clear primary agriculture cultivation
test_5488,clear primary agriculture
test_5489,clear primary
test_5490,partly_cloudy primary
test_5491,clear primary agriculture cultivation
test_5492,partly_cloudy primary
test_5493,clear primary agriculture water road
test_5494,clear primary
test_5495,clear primary
test_5496,clear haze cloudy primary water
test_5497,partly_cloudy primary agriculture water
test_5498,haze primary agriculture water
test_5499,clear haze primary agriculture water habitation road
test_5500,clear primary
test_5501,clear primary
test_5502,clear primary
test_5503,clear primary agriculture cultivation
test_5504,haze cloudy primary water
test_5505,clear primary
test_5506,clear primary agriculture road
test_5507,clear primary agriculture habitation road
test_5508,clear primary agriculture habitation road
test_5509,clear primary water road
test_5510,clear primary agriculture habitation road
test_5511,clear primary
test_5512,clear primary
test_5513,clear primary agriculture water habitation road
test_5514,clear primary
test_5515,partly_cloudy primary
test_5516,clear primary agriculture cultivation
test_5517,partly_cloudy primary
test_5518,clear primary
test_5519,haze primary agriculture
test_5520,clear primary agriculture cultivation
test_5521,partly_cloudy cloudy primary
test_5522,clear primary agriculture habitation road
test_5523,partly_cloudy primary
test_5524,partly_cloudy primary
test_5525,clear primary agriculture water
test_5526,clear primary
test_5527,clear primary
test_5528,clear primary
test_5529,clear primary
test_5530,clear primary agriculture cultivation
test_5531,clear cloudy primary water
test_5532,clear primary blooming selective_logging
test_5533,clear primary habitation road
test_5534,clear primary
test_5535,cloudy
test_5536,partly_cloudy primary
test_5537,clear primary
test_5538,partly_cloudy primary agriculture habitation road
test_5539,clear primary
test_5540,partly_cloudy primary
test_5541,clear primary agriculture water cultivation habitation
test_5542,clear primary
test_5543,clear primary agriculture cultivation
test_5544,clear primary agriculture road
test_5545,clear haze primary
test_5546,clear primary agriculture water road
test_5547,clear primary
test_5548,clear primary
test_5549,clear partly_cloudy primary agriculture water cultivation
test_5550,clear primary agriculture bare_ground
test_5551,partly_cloudy primary agriculture cultivation habitation road
test_5552,partly_cloudy primary water
test_5553,clear primary
test_5554,clear primary agriculture
test_5555,haze cloudy
test_5556,clear primary
test_5557,clear primary agriculture water cultivation habitation
test_5558,clear cloudy primary water
test_5559,clear primary agriculture cultivation
test_5560,clear primary agriculture cultivation
test_5561,partly_cloudy primary agriculture road
test_5562,clear primary agriculture habitation road
test_5563,partly_cloudy primary agriculture road
test_5564,clear primary agriculture cultivation
test_5565,partly_cloudy primary
test_5566,clear primary
test_5567,partly_cloudy cloudy primary
test_5568,clear primary
test_5569,partly_cloudy primary agriculture road
test_5570,clear primary
test_5571,partly_cloudy primary
test_5572,clear primary agriculture cultivation habitation road
test_5573,partly_cloudy primary water
test_5574,clear primary water
test_5575,clear primary
test_5576,haze partly_cloudy primary agriculture water road
test_5577,clear primary
test_5578,haze cloudy primary
test_5579,clear primary
test_5580,clear primary
test_5581,clear primary
test_5582,haze cloudy
test_5583,partly_cloudy primary water
test_5584,clear primary water
test_5585,clear primary
test_5586,clear partly_cloudy primary agriculture road
test_5587,clear haze primary agriculture water
test_5588,clear primary agriculture road
test_5589,clear primary
test_5590,clear primary agriculture water cultivation habitation road
test_5591,clear primary
test_5592,partly_cloudy primary
test_5593,clear primary
test_5594,clear primary agriculture road
test_5595,clear primary
test_5596,clear primary water
test_5597,clear primary agriculture cultivation
test_5598,clear primary agriculture cultivation
test_5599,haze primary
test_5600,clear haze primary
test_5601,haze primary
test_5602,clear primary
test_5603,clear partly_cloudy primary
test_5604,partly_cloudy primary agriculture road
test_5605,partly_cloudy primary water road
test_5606,clear primary
test_5607,partly_cloudy primary
test_5608,clear primary agriculture cultivation
test_5609,partly_cloudy primary
test_5610,clear primary
test_5611,clear primary water road conventional_mine bare_ground artisinal_mine selective_logging
test_5612,clear primary agriculture cultivation
test_5613,clear haze primary
test_5614,clear primary agriculture cultivation
test_5615,clear primary water
test_5616,partly_cloudy primary agriculture
test_5617,clear haze primary
test_5618,clear primary
test_5619,clear primary agriculture water
test_5620,clear primary
test_5621,clear primary
test_5622,haze primary agriculture water
test_5623,clear primary agriculture
test_5624,clear primary
test_5625,clear primary water road
test_5626,clear primary
test_5627,clear primary water
test_5628,clear primary
test_5629,clear primary agriculture cultivation
test_5630,clear primary agriculture habitation road
test_5631,clear primary agriculture water
test_5632,clear primary
test_5633,clear partly_cloudy primary agriculture cultivation habitation road
test_5634,clear primary water
test_5635,clear primary agriculture cultivation road
test_5636,clear primary
test_5637,partly_cloudy primary agriculture cultivation
test_5638,clear primary agriculture water cultivation road
test_5639,partly_cloudy primary
test_5640,clear primary agriculture water
test_5641,clear primary
test_5642,clear primary
test_5643,clear primary
test_5644,clear primary
test_5645,clear primary agriculture water cultivation habitation road
test_5646,partly_cloudy primary
test_5647,clear primary
test_5648,clear primary
test_5649,clear primary agriculture water habitation
test_5650,clear primary
test_5651,clear partly_cloudy primary water conventional_mine artisinal_mine
test_5652,clear primary agriculture road
test_5653,partly_cloudy cloudy primary
test_5654,clear primary agriculture
test_5655,haze primary
test_5656,clear primary water
test_5657,clear primary
test_5658,clear primary blooming selective_logging
test_5659,clear primary water
test_5660,clear primary agriculture habitation road
test_5661,partly_cloudy primary agriculture water cultivation habitation road
test_5662,partly_cloudy primary
test_5663,clear primary
test_5664,clear primary
test_5665,clear primary agriculture cultivation
test_5666,clear primary
test_5667,clear primary agriculture road bare_ground
test_5668,clear primary agriculture road
test_5669,cloudy
test_5670,partly_cloudy cloudy primary agriculture
test_5671,partly_cloudy primary agriculture water
test_5672,clear partly_cloudy primary
test_5673,partly_cloudy primary agriculture water cultivation habitation
test_5674,partly_cloudy cloudy primary
test_5675,clear primary
test_5676,clear primary
test_5677,clear primary
test_5678,clear primary agriculture cultivation habitation
test_5679,clear primary water road
test_5680,clear primary
test_5681,clear primary agriculture road bare_ground
test_5682,cloudy
test_5683,clear primary agriculture road
test_5684,clear primary agriculture cultivation
test_5685,clear haze primary
test_5686,clear primary
test_5687,clear primary
test_5688,clear primary agriculture road
test_5689,clear primary agriculture habitation road
test_5690,clear primary
test_5691,partly_cloudy primary
test_5692,partly_cloudy primary agriculture
test_5693,clear primary cultivation
test_5694,clear primary agriculture road
test_5695,clear primary agriculture road
test_5696,partly_cloudy primary
test_5697,clear primary
test_5698,haze primary water
test_5699,clear primary
test_5700,clear primary
test_5701,clear primary
test_5702,clear primary
test_5703,cloudy
test_5704,clear primary agriculture cultivation
test_5705,clear primary
test_5706,clear primary
test_5707,clear primary agriculture cultivation
test_5708,clear primary water
test_5709,clear primary agriculture water
test_5710,haze cloudy
test_5711,clear haze primary
test_5712,clear primary
test_5713,clear primary
test_5714,clear primary agriculture cultivation habitation road
test_5715,clear primary agriculture habitation road bare_ground
test_5716,clear primary agriculture cultivation
test_5717,clear primary agriculture cultivation habitation road
test_5718,haze primary
test_5719,clear primary agriculture cultivation habitation road
test_5720,clear primary
test_5721,haze partly_cloudy primary
test_5722,partly_cloudy primary
test_5723,clear primary
test_5724,partly_cloudy primary
test_5725,partly_cloudy primary agriculture cultivation road
test_5726,clear primary
test_5727,clear primary
test_5728,clear partly_cloudy primary agriculture cultivation
test_5729,partly_cloudy primary
test_5730,clear primary
test_5731,partly_cloudy primary agriculture water road
test_5732,clear primary
test_5733,clear primary
test_5734,clear primary agriculture road
test_5735,clear primary
test_5736,clear partly_cloudy primary
test_5737,haze primary water
test_5738,partly_cloudy primary
test_5739,clear primary water
test_5740,clear primary agriculture habitation road
test_5741,clear primary
test_5742,clear primary agriculture water habitation road
test_5743,cloudy
test_5744,clear primary
test_5745,clear primary
test_5746,clear primary water
test_5747,clear primary
test_5748,haze primary
test_5749,clear primary
test_5750,clear primary agriculture bare_ground
test_5751,clear primary agriculture road
test_5752,clear primary water
test_5753,clear primary
test_5754,clear primary
test_5755,clear primary agriculture water road
test_5756,clear primary
test_5757,clear primary
test_5758,partly_cloudy primary agriculture water habitation road
test_5759,clear primary
test_5760,clear primary agriculture cultivation habitation
test_5761,clear primary agriculture cultivation habitation road
test_5762,clear primary road
test_5763,clear primary
test_5764,partly_cloudy primary
test_5765,clear primary
test_5766,clear primary agriculture habitation road
test_5767,clear primary agriculture bare_ground
test_5768,clear primary agriculture water cultivation
test_5769,cloudy
test_5770,clear primary water road
test_5771,partly_cloudy primary
test_5772,clear primary
test_5773,clear primary agriculture habitation road
test_5774,clear primary agriculture cultivation
test_5775,clear primary
test_5776,clear primary agriculture cultivation road
test_5777,cloudy
test_5778,clear primary agriculture water
test_5779,clear primary
test_5780,cloudy
test_5781,clear primary agriculture road
test_5782,clear primary agriculture cultivation
test_5783,clear primary
test_5784,haze partly_cloudy primary
test_5785,clear primary agriculture water habitation road
test_5786,haze primary
test_5787,clear primary
test_5788,clear primary agriculture cultivation habitation
test_5789,clear partly_cloudy primary agriculture water habitation road
test_5790,partly_cloudy primary
test_5791,clear primary
test_5792,clear primary
test_5793,clear primary agriculture cultivation habitation
test_5794,clear primary
test_5795,partly_cloudy primary water
test_5796,clear partly_cloudy primary agriculture road
test_5797,clear primary agriculture habitation road
test_5798,cloudy
test_5799,haze primary agriculture water habitation road
test_5800,partly_cloudy primary
test_5801,clear primary
test_5802,clear primary agriculture road
test_5803,clear primary
test_5804,partly_cloudy primary
test_5805,clear partly_cloudy primary
test_5806,clear primary agriculture water cultivation habitation
test_5807,clear primary agriculture cultivation
test_5808,clear primary
test_5809,clear primary
test_5810,clear primary water
test_5811,partly_cloudy primary
test_5812,clear primary agriculture water bare_ground
test_5813,clear primary
test_5814,clear primary habitation road
test_5815,clear primary agriculture habitation road
test_5816,clear primary water road
test_5817,clear primary agriculture
test_5818,haze primary agriculture water road
test_5819,clear primary
test_5820,clear primary
test_5821,clear primary water road
test_5822,clear primary
test_5823,partly_cloudy primary agriculture
test_5824,partly_cloudy primary agriculture water
test_5825,clear primary agriculture water bare_ground
test_5826,clear primary agriculture cultivation
test_5827,clear primary agriculture water habitation road
test_5828,clear primary
test_5829,partly_cloudy primary
test_5830,clear primary agriculture cultivation
test_5831,clear primary water
test_5832,clear primary
test_5833,clear primary water
test_5834,haze primary
test_5835,haze primary
test_5836,clear primary agriculture cultivation
test_5837,clear partly_cloudy primary
test_5838,clear primary
test_5839,clear primary agriculture cultivation
test_5840,clear primary agriculture cultivation
test_5841,clear primary agriculture cultivation road selective_logging
test_5842,clear primary agriculture water habitation road
test_5843,clear primary agriculture cultivation
test_5844,partly_cloudy primary agriculture cultivation
test_5845,cloudy
test_5846,clear primary agriculture habitation road bare_ground
test_5847,clear haze primary agriculture
test_5848,clear primary agriculture water cultivation habitation road
test_5849,partly_cloudy primary agriculture road
test_5850,clear primary
test_5851,clear primary water
test_5852,clear primary agriculture habitation road
test_5853,clear primary
test_5854,clear primary agriculture habitation road
test_5855,partly_cloudy primary agriculture road
test_5856,clear primary agriculture cultivation road
test_5857,partly_cloudy primary
test_5858,clear primary
test_5859,clear primary agriculture water cultivation road
test_5860,clear primary
test_5861,clear primary
test_5862,partly_cloudy primary
test_5863,clear primary water
test_5864,clear primary agriculture habitation road
test_5865,clear primary
test_5866,clear primary
test_5867,haze cloudy
test_5868,clear primary
test_5869,clear primary
test_5870,clear primary agriculture water habitation road
test_5871,partly_cloudy primary agriculture cultivation road
test_5872,partly_cloudy primary agriculture cultivation road
test_5873,clear primary agriculture water
test_5874,partly_cloudy primary agriculture road
test_5875,partly_cloudy cloudy primary water habitation road
test_5876,clear primary
test_5877,clear primary
test_5878,clear primary agriculture road
test_5879,clear haze primary agriculture road
test_5880,clear haze primary water
test_5881,clear primary
test_5882,partly_cloudy primary agriculture cultivation
test_5883,clear primary water
test_5884,clear primary
test_5885,clear primary agriculture cultivation
test_5886,clear primary agriculture cultivation
test_5887,clear primary
test_5888,partly_cloudy primary agriculture
test_5889,partly_cloudy primary agriculture
test_5890,clear primary
test_5891,partly_cloudy primary
test_5892,clear partly_cloudy primary agriculture water habitation road
test_5893,clear primary
test_5894,partly_cloudy primary agriculture water road
test_5895,clear primary
test_5896,partly_cloudy primary
test_5897,clear primary
test_5898,clear primary agriculture road
test_5899,haze partly_cloudy primary agriculture
test_5900,clear primary
test_5901,clear primary water
test_5902,partly_cloudy primary agriculture cultivation road
test_5903,clear primary
test_5904,clear primary agriculture water cultivation road
test_5905,clear primary agriculture water road
test_5906,partly_cloudy primary
test_5907,clear haze primary
test_5908,partly_cloudy primary
test_5909,partly_cloudy primary
test_5910,clear primary
test_5911,clear primary agriculture cultivation habitation road
test_5912,partly_cloudy primary agriculture cultivation road
test_5913,partly_cloudy cloudy primary
test_5914,clear primary
test_5915,clear partly_cloudy primary agriculture water cultivation road
test_5916,clear haze primary agriculture habitation road
test_5917,partly_cloudy primary agriculture habitation road conventional_mine
test_5918,clear primary
test_5919,partly_cloudy primary
test_5920,clear primary agriculture water
test_5921,clear primary agriculture water
test_5922,haze cloudy
test_5923,clear primary agriculture cultivation
test_5924,partly_cloudy primary agriculture water road
test_5925,partly_cloudy primary
test_5926,clear primary agriculture habitation road
test_5927,partly_cloudy primary
test_5928,clear primary agriculture cultivation
test_5929,clear primary
test_5930,clear primary agriculture water cultivation habitation road
test_5931,clear haze primary agriculture water road
test_5932,partly_cloudy primary
test_5933,clear primary
test_5934,partly_cloudy primary agriculture water road
test_5935,clear primary agriculture cultivation habitation road
test_5936,clear primary agriculture cultivation
test_5937,clear primary agriculture cultivation
test_5938,partly_cloudy primary agriculture habitation road
test_5939,clear primary agriculture water cultivation
test_5940,clear partly_cloudy primary agriculture habitation road
test_5941,clear primary
test_5942,clear primary
test_5943,partly_cloudy primary
test_5944,clear primary
test_5945,clear primary
test_5946,clear primary
test_5947,cloudy
test_5948,clear primary agriculture cultivation
test_5949,partly_cloudy primary
test_5950,clear primary agriculture water cultivation road
test_5951,clear primary
test_5952,haze cloudy primary
test_5953,clear primary
test_5954,clear primary agriculture habitation road
test_5955,clear primary agriculture
test_5956,clear primary
test_5957,clear partly_cloudy primary
test_5958,clear primary water
test_5959,clear primary agriculture cultivation road
test_5960,clear primary
test_5961,partly_cloudy primary
test_5962,clear haze primary agriculture habitation road
test_5963,partly_cloudy primary agriculture road
test_5964,clear partly_cloudy primary agriculture cultivation road
test_5965,clear primary agriculture cultivation habitation road
test_5966,cloudy
test_5967,clear primary blooming
test_5968,partly_cloudy primary agriculture water road
test_5969,clear primary
test_5970,clear primary agriculture habitation road bare_ground
test_5971,clear primary
test_5972,partly_cloudy primary
test_5973,clear partly_cloudy primary agriculture road
test_5974,clear primary
test_5975,clear primary
test_5976,partly_cloudy primary
test_5977,clear primary
test_5978,clear primary
test_5979,partly_cloudy primary
test_5980,clear primary agriculture road
test_5981,clear partly_cloudy primary
test_5982,clear primary agriculture road
test_5983,clear primary agriculture water cultivation road
test_5984,clear primary agriculture water road
test_5985,clear primary agriculture habitation road
test_5986,clear primary agriculture water road
test_5987,clear primary agriculture cultivation
test_5988,clear primary
test_5989,clear primary
test_5990,partly_cloudy primary
test_5991,clear primary
test_5992,partly_cloudy primary agriculture
test_5993,clear primary
test_5994,clear primary water
test_5995,clear primary
test_5996,clear partly_cloudy primary
test_5997,clear primary agriculture water cultivation road
test_5998,clear primary
test_5999,clear primary
test_6000,clear primary
test_6001,clear primary water road
test_6002,clear primary road selective_logging
test_6003,cloudy
test_6004,clear primary water artisinal_mine
test_6005,partly_cloudy primary
test_6006,clear primary agriculture road
test_6007,clear primary water bare_ground artisinal_mine
test_6008,clear primary agriculture water cultivation road
test_6009,partly_cloudy primary agriculture cultivation
test_6010,haze cloudy primary
test_6011,clear cloudy primary water
test_6012,clear primary
test_6013,clear primary agriculture water cultivation
test_6014,clear primary agriculture road
test_6015,clear primary
test_6016,partly_cloudy primary agriculture
test_6017,clear primary agriculture road
test_6018,clear primary
test_6019,clear primary agriculture road
test_6020,clear primary agriculture cultivation
test_6021,clear primary agriculture water habitation road bare_ground artisinal_mine
test_6022,cloudy
test_6023,clear primary agriculture water habitation road
test_6024,partly_cloudy primary
test_6025,clear haze primary
test_6026,partly_cloudy primary water road
test_6027,clear primary agriculture cultivation
test_6028,clear primary agriculture water cultivation road
test_6029,clear primary
test_6030,clear primary agriculture cultivation habitation
test_6031,partly_cloudy primary water
test_6032,partly_cloudy primary agriculture cultivation habitation
test_6033,clear primary
test_6034,clear primary agriculture cultivation road
test_6035,partly_cloudy primary
test_6036,haze primary
test_6037,cloudy
test_6038,clear haze primary agriculture road
test_6039,cloudy
test_6040,clear primary
test_6041,clear primary agriculture cultivation road
test_6042,clear primary agriculture
test_6043,clear primary
test_6044,partly_cloudy primary agriculture
test_6045,clear primary agriculture
test_6046,haze primary water
test_6047,clear primary
test_6048,clear primary
test_6049,clear primary agriculture road
test_6050,clear primary agriculture water
test_6051,clear primary agriculture water
test_6052,partly_cloudy primary agriculture road
test_6053,partly_cloudy primary
test_6054,clear primary agriculture cultivation
test_6055,partly_cloudy primary
test_6056,clear primary
test_6057,haze primary agriculture water road
test_6058,clear primary agriculture cultivation
test_6059,partly_cloudy primary
test_6060,partly_cloudy primary agriculture water
test_6061,clear primary agriculture cultivation
test_6062,clear primary
test_6063,clear primary
test_6064,clear haze primary agriculture road
test_6065,clear primary
test_6066,clear primary agriculture habitation road
test_6067,partly_cloudy primary agriculture habitation road
test_6068,clear primary
test_6069,clear primary agriculture habitation road
test_6070,clear primary agriculture habitation road
test_6071,clear primary
test_6072,clear primary
test_6073,clear primary
test_6074,partly_cloudy primary agriculture habitation road
test_6075,partly_cloudy cloudy primary
test_6076,clear primary
test_6077,partly_cloudy primary
test_6078,clear primary agriculture cultivation
test_6079,clear primary
test_6080,clear primary
test_6081,partly_cloudy primary
test_6082,clear primary agriculture cultivation
test_6083,clear primary agriculture water cultivation
test_6084,clear primary agriculture water cultivation road
test_6085,clear primary water
test_6086,clear primary agriculture habitation road
test_6087,clear primary agriculture cultivation habitation road
test_6088,clear primary
test_6089,clear primary
test_6090,clear primary
test_6091,clear primary
test_6092,clear primary
test_6093,clear primary
test_6094,clear partly_cloudy primary agriculture cultivation habitation
test_6095,clear primary agriculture water
test_6096,haze primary water
test_6097,clear primary road selective_logging
test_6098,clear primary agriculture water
test_6099,clear primary
test_6100,clear primary
test_6101,clear primary water
test_6102,partly_cloudy primary
test_6103,partly_cloudy primary
test_6104,clear haze primary agriculture water road
test_6105,clear primary
test_6106,clear primary agriculture habitation road
test_6107,clear primary
test_6108,clear primary
test_6109,partly_cloudy primary agriculture water
test_6110,clear primary agriculture road
test_6111,clear primary water
test_6112,clear primary
test_6113,clear primary
test_6114,clear haze primary
test_6115,clear primary agriculture bare_ground
test_6116,clear primary agriculture habitation road
test_6117,clear primary
test_6118,clear primary
test_6119,clear primary
test_6120,haze partly_cloudy primary
test_6121,clear primary water
test_6122,clear primary
test_6123,partly_cloudy cloudy primary agriculture
test_6124,clear primary
test_6125,clear primary
test_6126,clear primary agriculture bare_ground
test_6127,clear primary
test_6128,clear primary water
test_6129,clear primary water
test_6130,clear primary agriculture
test_6131,clear primary agriculture cultivation
test_6132,clear haze cloudy primary water
test_6133,clear primary
test_6134,partly_cloudy primary water
test_6135,clear primary agriculture cultivation
test_6136,clear primary
test_6137,clear primary
test_6138,clear primary
test_6139,partly_cloudy primary
test_6140,cloudy
test_6141,clear primary
test_6142,clear primary blooming
test_6143,clear primary
test_6144,clear primary
test_6145,clear primary
test_6146,clear primary
test_6147,partly_cloudy primary
test_6148,clear primary
test_6149,partly_cloudy primary
test_6150,clear primary
test_6151,clear primary water habitation road conventional_mine bare_ground artisinal_mine
test_6152,clear primary agriculture cultivation habitation
test_6153,clear primary
test_6154,clear primary
test_6155,clear primary
test_6156,clear primary
test_6157,clear primary water
test_6158,clear primary
test_6159,clear cloudy primary water
test_6160,clear primary
test_6161,clear primary agriculture habitation road
test_6162,clear primary agriculture cultivation
test_6163,clear primary
test_6164,clear partly_cloudy primary agriculture water road
test_6165,clear primary
test_6166,clear primary agriculture water road
test_6167,clear primary
test_6168,clear primary
test_6169,clear primary agriculture water
test_6170,clear primary
test_6171,clear primary agriculture cultivation road
test_6172,clear primary agriculture cultivation habitation road
test_6173,clear primary
test_6174,clear primary
test_6175,partly_cloudy primary agriculture cultivation habitation road
test_6176,clear primary
test_6177,clear primary agriculture water
test_6178,partly_cloudy primary agriculture water road
test_6179,clear primary water
test_6180,haze primary
test_6181,clear primary water
test_6182,clear primary water road
test_6183,partly_cloudy primary
test_6184,clear primary
test_6185,clear primary
test_6186,partly_cloudy primary agriculture water
test_6187,clear primary water
test_6188,clear primary agriculture habitation road
test_6189,clear primary water
test_6190,clear primary
test_6191,clear partly_cloudy primary water artisinal_mine
test_6192,clear partly_cloudy primary
test_6193,clear primary agriculture cultivation
test_6194,clear partly_cloudy primary
test_6195,haze primary
test_6196,clear partly_cloudy primary agriculture cultivation habitation road
test_6197,clear partly_cloudy primary
test_6198,clear primary agriculture road
test_6199,partly_cloudy primary agriculture cultivation
test_6200,clear primary
test_6201,clear primary agriculture habitation road bare_ground
test_6202,clear primary
test_6203,clear primary
test_6204,clear primary
test_6205,clear primary
test_6206,clear primary agriculture cultivation habitation road
test_6207,clear primary agriculture cultivation
test_6208,clear primary agriculture cultivation
test_6209,clear primary agriculture cultivation
test_6210,clear primary agriculture cultivation
test_6211,clear primary
test_6212,clear primary water
test_6213,partly_cloudy primary agriculture
test_6214,clear primary agriculture cultivation
test_6215,clear primary agriculture water road
test_6216,clear primary agriculture water road
test_6217,clear primary agriculture cultivation habitation road
test_6218,clear primary agriculture water habitation
test_6219,clear primary
test_6220,partly_cloudy primary
test_6221,clear primary
test_6222,clear primary
test_6223,clear primary
test_6224,clear primary
test_6225,partly_cloudy primary
test_6226,clear haze primary agriculture road
test_6227,partly_cloudy primary
test_6228,clear partly_cloudy primary agriculture road
test_6229,clear primary
test_6230,clear primary
test_6231,clear primary
test_6232,clear primary water
test_6233,clear primary
test_6234,clear primary agriculture road
test_6235,clear primary
test_6236,clear primary
test_6237,clear primary water road
test_6238,haze cloudy
test_6239,clear primary
test_6240,clear primary
test_6241,clear primary
test_6242,partly_cloudy primary agriculture
test_6243,clear primary
test_6244,clear primary
test_6245,partly_cloudy primary
test_6246,clear primary agriculture road
test_6247,clear cloudy water
test_6248,partly_cloudy primary
test_6249,partly_cloudy primary agriculture
test_6250,partly_cloudy primary
test_6251,partly_cloudy primary
test_6252,clear primary water
test_6253,clear primary
test_6254,clear primary water
test_6255,clear partly_cloudy primary agriculture habitation road
test_6256,haze primary
test_6257,clear primary water road
test_6258,clear primary
test_6259,clear primary agriculture cultivation
test_6260,clear partly_cloudy primary agriculture road
test_6261,clear primary agriculture
test_6262,haze primary water
test_6263,clear primary agriculture water cultivation
test_6264,clear primary
test_6265,partly_cloudy primary
test_6266,partly_cloudy primary
test_6267,clear primary agriculture water habitation road
test_6268,clear primary
test_6269,partly_cloudy primary agriculture water road
test_6270,clear primary agriculture habitation road
test_6271,clear primary
test_6272,partly_cloudy primary
test_6273,clear primary
test_6274,clear primary agriculture water habitation road
test_6275,clear primary
test_6276,clear primary cultivation selective_logging
test_6277,partly_cloudy primary water
test_6278,clear primary agriculture water road
test_6279,clear primary agriculture cultivation road
test_6280,clear primary
test_6281,clear primary agriculture cultivation
test_6282,clear primary agriculture habitation road
test_6283,clear primary
test_6284,clear primary
test_6285,clear primary
test_6286,clear primary agriculture road
test_6287,clear primary agriculture bare_ground
test_6288,clear primary agriculture habitation road
test_6289,clear haze primary agriculture road
test_6290,clear primary agriculture cultivation
test_6291,partly_cloudy primary
test_6292,clear primary
test_6293,clear primary agriculture cultivation habitation road
test_6294,partly_cloudy primary
test_6295,clear primary
test_6296,clear cloudy water
test_6297,partly_cloudy primary agriculture water
test_6298,haze cloudy primary
test_6299,partly_cloudy primary water
test_6300,haze cloudy primary
test_6301,clear primary
test_6302,clear primary
test_6303,partly_cloudy primary agriculture water
test_6304,clear primary agriculture cultivation
test_6305,partly_cloudy primary
test_6306,partly_cloudy primary agriculture road
test_6307,clear primary agriculture cultivation
test_6308,cloudy
test_6309,clear primary agriculture habitation road
test_6310,clear primary agriculture cultivation
test_6311,clear haze primary water
test_6312,clear primary agriculture habitation road
test_6313,clear primary
test_6314,clear primary
test_6315,clear primary
test_6316,partly_cloudy primary
test_6317,haze cloudy primary water
test_6318,clear primary
test_6319,partly_cloudy primary
test_6320,clear primary agriculture cultivation
test_6321,clear primary
test_6322,clear primary
test_6323,clear primary
test_6324,clear primary
test_6325,partly_cloudy primary agriculture water
test_6326,clear primary
test_6327,clear cloudy primary water
test_6328,partly_cloudy primary
test_6329,clear primary
test_6330,clear primary
test_6331,clear primary water road
test_6332,partly_cloudy primary
test_6333,clear primary
test_6334,partly_cloudy primary agriculture water
test_6335,clear primary
test_6336,clear primary
test_6337,clear primary agriculture water road
test_6338,clear primary water
test_6339,partly_cloudy primary agriculture habitation road
test_6340,partly_cloudy primary
test_6341,clear primary
test_6342,clear primary
test_6343,clear primary
test_6344,clear primary
test_6345,clear primary
test_6346,partly_cloudy primary
test_6347,clear primary agriculture cultivation road
test_6348,clear primary water road
test_6349,clear primary agriculture cultivation habitation road
test_6350,clear primary water road
test_6351,clear primary agriculture cultivation
test_6352,partly_cloudy primary
test_6353,clear partly_cloudy primary
test_6354,clear cloudy water
test_6355,clear primary
test_6356,partly_cloudy primary
test_6357,partly_cloudy primary
test_6358,clear primary
test_6359,clear primary agriculture cultivation
test_6360,partly_cloudy primary agriculture cultivation habitation road
test_6361,partly_cloudy primary water road
test_6362,cloudy
test_6363,cloudy
test_6364,partly_cloudy cloudy primary
test_6365,partly_cloudy primary
test_6366,partly_cloudy primary
test_6367,partly_cloudy primary
test_6368,clear primary agriculture cultivation habitation road
test_6369,clear primary
test_6370,clear primary
test_6371,clear primary water road
test_6372,clear primary agriculture cultivation
test_6373,clear primary
test_6374,clear primary
test_6375,clear primary water
test_6376,clear primary
test_6377,clear primary
test_6378,partly_cloudy cloudy primary water
test_6379,clear primary
test_6380,clear primary
test_6381,clear primary
test_6382,haze cloudy primary
test_6383,clear primary agriculture water habitation road
test_6384,clear primary agriculture water cultivation
test_6385,clear primary agriculture habitation road
test_6386,clear haze primary agriculture cultivation
test_6387,clear primary agriculture cultivation habitation road
test_6388,clear partly_cloudy primary agriculture water road
test_6389,clear primary
test_6390,cloudy
test_6391,clear primary agriculture water
test_6392,clear haze primary
test_6393,clear primary
test_6394,clear partly_cloudy primary
test_6395,clear primary
test_6396,clear primary
test_6397,cloudy
test_6398,clear primary
test_6399,partly_cloudy cloudy primary
test_6400,haze primary
test_6401,clear partly_cloudy primary agriculture road
test_6402,clear primary agriculture water cultivation
test_6403,clear primary
test_6404,partly_cloudy primary
test_6405,clear primary water road
test_6406,clear primary
test_6407,partly_cloudy primary
test_6408,clear primary
test_6409,haze primary
test_6410,clear primary
test_6411,clear primary agriculture
test_6412,haze cloudy primary
test_6413,clear primary agriculture habitation road
test_6414,clear primary
test_6415,clear primary agriculture cultivation
test_6416,cloudy
test_6417,cloudy
test_6418,partly_cloudy primary water
test_6419,cloudy
test_6420,clear primary
test_6421,clear primary agriculture water road
test_6422,clear primary water
test_6423,clear primary agriculture cultivation
test_6424,clear haze primary agriculture road
test_6425,clear primary
test_6426,clear primary agriculture water cultivation habitation road
test_6427,clear primary agriculture cultivation
test_6428,partly_cloudy primary
test_6429,clear primary agriculture habitation bare_ground
test_6430,cloudy
test_6431,clear primary
test_6432,cloudy
test_6433,partly_cloudy cloudy primary
test_6434,clear primary
test_6435,clear primary
test_6436,clear primary agriculture water cultivation
test_6437,cloudy
test_6438,clear primary agriculture habitation road
test_6439,partly_cloudy primary
test_6440,clear primary agriculture
test_6441,clear primary
test_6442,clear primary agriculture cultivation road
test_6443,clear primary
test_6444,clear primary agriculture road
test_6445,clear primary
test_6446,clear primary
test_6447,clear primary agriculture water habitation road
test_6448,clear primary agriculture habitation road
test_6449,clear primary agriculture road
test_6450,partly_cloudy primary
test_6451,clear primary
test_6452,clear primary
test_6453,clear primary agriculture road
test_6454,clear primary
test_6455,partly_cloudy primary agriculture water road
test_6456,partly_cloudy primary water
test_6457,clear primary agriculture road
test_6458,clear partly_cloudy primary agriculture water cultivation road
test_6459,haze primary
test_6460,clear primary water
test_6461,clear primary
test_6462,clear primary
test_6463,clear primary
test_6464,clear primary
test_6465,partly_cloudy primary agriculture
test_6466,clear primary agriculture cultivation
test_6467,clear primary road selective_logging
test_6468,clear primary blooming
test_6469,clear primary agriculture water habitation road
test_6470,clear primary water bare_ground artisinal_mine
test_6471,clear primary
test_6472,clear primary
test_6473,clear primary water
test_6474,partly_cloudy primary agriculture cultivation road
test_6475,clear primary agriculture water road
test_6476,clear primary
test_6477,clear primary water
test_6478,clear partly_cloudy primary agriculture water road
test_6479,partly_cloudy primary agriculture cultivation
test_6480,clear primary agriculture cultivation
test_6481,haze primary water
test_6482,partly_cloudy primary
test_6483,cloudy primary
test_6484,clear primary
test_6485,clear primary agriculture water road
test_6486,partly_cloudy primary
test_6487,clear haze primary water
test_6488,clear primary
test_6489,clear primary water road
test_6490,clear primary agriculture cultivation
test_6491,clear primary agriculture cultivation
test_6492,clear primary agriculture cultivation habitation road
test_6493,partly_cloudy primary
test_6494,clear primary
test_6495,haze primary
test_6496,clear primary
test_6497,clear cloudy primary water
test_6498,clear primary agriculture habitation road
test_6499,partly_cloudy primary
test_6500,clear partly_cloudy primary agriculture road
test_6501,clear primary agriculture cultivation
test_6502,clear primary agriculture water
test_6503,partly_cloudy primary agriculture water road
test_6504,clear primary water road
test_6505,partly_cloudy primary water
test_6506,clear primary agriculture
test_6507,partly_cloudy cloudy primary
test_6508,haze primary
test_6509,clear primary
test_6510,clear primary agriculture cultivation
test_6511,clear primary
test_6512,haze primary
test_6513,clear primary agriculture water habitation road
test_6514,clear primary blooming selective_logging
test_6515,clear partly_cloudy primary agriculture cultivation
test_6516,haze primary water
test_6517,clear primary
test_6518,clear primary
test_6519,clear primary agriculture cultivation habitation
test_6520,clear primary
test_6521,partly_cloudy primary
test_6522,clear primary agriculture cultivation habitation
test_6523,haze primary
test_6524,clear primary
test_6525,haze primary agriculture water
test_6526,clear primary
test_6527,partly_cloudy primary
test_6528,clear primary water
test_6529,cloudy
test_6530,clear primary agriculture cultivation
test_6531,haze primary
test_6532,clear primary
test_6533,clear primary
test_6534,clear primary
test_6535,clear primary agriculture habitation road bare_ground
test_6536,clear cloudy primary water
test_6537,clear primary
test_6538,partly_cloudy primary agriculture cultivation
test_6539,partly_cloudy primary agriculture cultivation
test_6540,clear haze primary agriculture water cultivation road
test_6541,clear partly_cloudy primary agriculture water habitation road
test_6542,clear partly_cloudy primary
test_6543,partly_cloudy primary agriculture
test_6544,partly_cloudy primary agriculture habitation road
test_6545,partly_cloudy primary agriculture habitation road
test_6546,clear primary
test_6547,clear primary blooming
test_6548,partly_cloudy primary agriculture cultivation
test_6549,clear primary
test_6550,clear primary blooming
test_6551,clear primary agriculture cultivation
test_6552,clear primary agriculture water cultivation
test_6553,clear primary water road artisinal_mine
test_6554,partly_cloudy primary water road
test_6555,clear primary
test_6556,clear primary
test_6557,clear primary
test_6558,clear primary
test_6559,partly_cloudy primary water
test_6560,clear primary agriculture cultivation
test_6561,clear partly_cloudy primary agriculture cultivation road
test_6562,clear primary
test_6563,clear primary water
test_6564,clear primary water road
test_6565,clear primary water
test_6566,clear haze primary agriculture water
test_6567,clear primary agriculture cultivation
test_6568,clear primary
test_6569,clear primary
test_6570,clear primary agriculture cultivation
test_6571,partly_cloudy primary agriculture
test_6572,clear partly_cloudy primary
test_6573,clear primary agriculture road
test_6574,partly_cloudy primary
test_6575,partly_cloudy primary water road
test_6576,partly_cloudy primary agriculture
test_6577,clear primary
test_6578,partly_cloudy primary agriculture cultivation road
test_6579,clear primary
test_6580,partly_cloudy primary agriculture water road
test_6581,clear primary agriculture water road
test_6582,clear primary agriculture road
test_6583,clear primary
test_6584,clear primary water road
test_6585,haze cloudy
test_6586,clear partly_cloudy primary
test_6587,clear primary
test_6588,clear primary agriculture road
test_6589,clear primary
test_6590,clear haze primary agriculture cultivation road
test_6591,clear haze primary
test_6592,clear primary water road
test_6593,clear cloudy water
test_6594,partly_cloudy primary
test_6595,clear primary
test_6596,partly_cloudy primary
test_6597,partly_cloudy primary
test_6598,clear primary water
test_6599,haze cloudy primary
test_6600,haze primary water
test_6601,clear haze primary agriculture water cultivation habitation road
test_6602,partly_cloudy primary
test_6603,partly_cloudy primary agriculture water
test_6604,clear primary
test_6605,clear primary agriculture cultivation habitation road
test_6606,clear primary agriculture habitation road bare_ground
test_6607,partly_cloudy cloudy primary agriculture
test_6608,clear primary blooming selective_logging
test_6609,clear primary
test_6610,clear primary
test_6611,clear primary agriculture water habitation road
test_6612,clear primary agriculture
test_6613,partly_cloudy primary agriculture water road
test_6614,clear primary
test_6615,clear primary
test_6616,clear primary
test_6617,clear primary agriculture
test_6618,clear primary agriculture cultivation
test_6619,clear primary water
test_6620,partly_cloudy primary
test_6621,partly_cloudy primary agriculture habitation road
test_6622,clear primary agriculture habitation road
test_6623,clear primary agriculture cultivation
test_6624,clear primary
test_6625,clear primary
test_6626,clear primary agriculture cultivation
test_6627,clear primary agriculture water cultivation road
test_6628,clear primary
test_6629,clear haze primary water
test_6630,clear primary agriculture
test_6631,partly_cloudy primary
test_6632,clear primary
test_6633,clear primary
test_6634,clear primary
test_6635,partly_cloudy primary agriculture
test_6636,partly_cloudy cloudy primary
test_6637,partly_cloudy primary agriculture road
test_6638,clear primary agriculture habitation road
test_6639,clear primary
test_6640,clear primary blooming
test_6641,clear primary agriculture water habitation road
test_6642,clear partly_cloudy primary
test_6643,clear primary
test_6644,partly_cloudy primary
test_6645,clear partly_cloudy primary agriculture water
test_6646,partly_cloudy primary
test_6647,clear primary agriculture road
test_6648,clear partly_cloudy primary water
test_6649,clear primary water
test_6650,clear primary
test_6651,clear primary
test_6652,clear primary agriculture cultivation
test_6653,clear haze primary agriculture road
test_6654,clear primary agriculture cultivation habitation road
test_6655,clear primary
test_6656,clear primary agriculture water
test_6657,clear primary agriculture road
test_6658,clear primary agriculture
test_6659,clear primary
test_6660,clear primary agriculture water
test_6661,clear primary water
test_6662,clear primary
test_6663,clear haze primary
test_6664,haze cloudy primary
test_6665,clear primary agriculture cultivation
test_6666,partly_cloudy primary
test_6667,clear primary
test_6668,clear primary
test_6669,clear primary water
test_6670,clear primary
test_6671,haze primary
test_6672,clear primary
test_6673,clear primary
test_6674,partly_cloudy cloudy primary water
test_6675,clear primary
test_6676,clear primary agriculture cultivation
test_6677,cloudy
test_6678,clear partly_cloudy primary agriculture cultivation habitation
test_6679,partly_cloudy primary
test_6680,clear primary
test_6681,clear primary water
test_6682,clear primary agriculture water habitation road bare_ground
test_6683,partly_cloudy primary agriculture habitation road
test_6684,clear primary agriculture
test_6685,clear primary agriculture water road
test_6686,haze primary
test_6687,clear haze primary
test_6688,clear primary
test_6689,partly_cloudy primary
test_6690,clear primary agriculture cultivation habitation road
test_6691,clear primary
test_6692,clear primary agriculture cultivation
test_6693,clear primary agriculture road
test_6694,haze cloudy primary
test_6695,partly_cloudy primary agriculture road
test_6696,clear primary water road
test_6697,clear primary agriculture cultivation
test_6698,partly_cloudy primary
test_6699,clear primary
test_6700,clear primary agriculture road
test_6701,clear haze primary
test_6702,clear primary agriculture water road
test_6703,clear primary agriculture water cultivation road
test_6704,partly_cloudy primary
test_6705,clear primary agriculture water habitation
test_6706,clear primary agriculture cultivation
test_6707,clear primary
test_6708,clear primary agriculture cultivation
test_6709,clear primary
test_6710,partly_cloudy cloudy primary
test_6711,clear primary
test_6712,haze primary agriculture water
test_6713,clear primary water
test_6714,clear primary
test_6715,clear partly_cloudy primary agriculture road
test_6716,clear primary
test_6717,clear primary
test_6718,clear primary
test_6719,partly_cloudy primary
test_6720,clear primary agriculture habitation road
test_6721,partly_cloudy primary agriculture road
test_6722,clear cloudy primary water
test_6723,clear primary agriculture cultivation habitation
test_6724,clear primary water
test_6725,clear primary
test_6726,clear primary
test_6727,partly_cloudy cloudy primary
test_6728,clear primary
test_6729,clear primary water bare_ground artisinal_mine
test_6730,partly_cloudy primary
test_6731,clear primary agriculture road
test_6732,clear primary agriculture cultivation
test_6733,clear primary
test_6734,partly_cloudy primary
test_6735,clear primary
test_6736,clear primary
test_6737,partly_cloudy primary
test_6738,clear primary
test_6739,partly_cloudy primary
test_6740,clear primary
test_6741,clear primary agriculture cultivation
test_6742,clear primary agriculture habitation road
test_6743,clear primary agriculture water habitation road
test_6744,haze primary
test_6745,clear primary agriculture cultivation
test_6746,clear primary
test_6747,clear primary agriculture cultivation
test_6748,partly_cloudy primary water
test_6749,clear partly_cloudy primary
test_6750,clear primary agriculture
test_6751,clear primary
test_6752,clear primary
test_6753,clear primary water
test_6754,partly_cloudy primary water
test_6755,clear primary agriculture road bare_ground
test_6756,clear primary agriculture habitation road
test_6757,clear primary agriculture cultivation habitation road
test_6758,clear primary
test_6759,clear primary agriculture cultivation
test_6760,clear primary
test_6761,partly_cloudy primary
test_6762,clear primary
test_6763,clear partly_cloudy primary water
test_6764,clear primary agriculture water road
test_6765,clear primary agriculture cultivation habitation road
test_6766,clear partly_cloudy primary agriculture water cultivation
test_6767,partly_cloudy primary
test_6768,clear primary
test_6769,clear primary agriculture water habitation road
test_6770,clear primary blooming
test_6771,clear primary agriculture cultivation
test_6772,clear primary
test_6773,clear haze primary agriculture water
test_6774,clear haze primary water
test_6775,clear primary
test_6776,partly_cloudy primary
test_6777,clear primary
test_6778,clear primary agriculture habitation road
test_6779,clear primary
test_6780,partly_cloudy primary agriculture water road
test_6781,clear primary
test_6782,clear primary agriculture cultivation
test_6783,clear primary
test_6784,clear primary agriculture cultivation road
test_6785,clear primary
test_6786,clear primary
test_6787,clear primary
test_6788,clear primary agriculture water cultivation
test_6789,clear primary
test_6790,clear primary
test_6791,cloudy
test_6792,clear primary
test_6793,partly_cloudy primary agriculture water cultivation habitation road
test_6794,clear primary
test_6795,partly_cloudy cloudy
test_6796,partly_cloudy primary agriculture
test_6797,clear primary
test_6798,clear cloudy water
test_6799,clear partly_cloudy primary agriculture cultivation
test_6800,clear primary
test_6801,clear primary
test_6802,partly_cloudy primary
test_6803,clear primary agriculture cultivation
test_6804,partly_cloudy primary
test_6805,partly_cloudy primary
test_6806,partly_cloudy primary agriculture road
test_6807,partly_cloudy primary agriculture
test_6808,clear primary water
test_6809,cloudy
test_6810,clear primary
test_6811,clear primary
test_6812,partly_cloudy primary
test_6813,clear primary agriculture water cultivation
test_6814,clear primary water
test_6815,clear cloudy water
test_6816,clear primary agriculture cultivation
test_6817,clear primary agriculture water cultivation road
test_6818,clear primary
test_6819,clear partly_cloudy primary agriculture
test_6820,cloudy
test_6821,clear primary
test_6822,clear primary
test_6823,clear primary water habitation road
test_6824,clear primary agriculture cultivation habitation road
test_6825,cloudy
test_6826,clear primary agriculture cultivation
test_6827,haze primary agriculture water
test_6828,clear primary agriculture road
test_6829,haze primary
test_6830,clear primary agriculture cultivation
test_6831,partly_cloudy primary
test_6832,clear primary
test_6833,partly_cloudy primary
test_6834,clear partly_cloudy primary agriculture cultivation habitation
test_6835,clear primary habitation road
test_6836,clear primary
test_6837,clear primary blooming selective_logging
test_6838,clear primary agriculture road
test_6839,clear cloudy water
test_6840,clear haze primary
test_6841,clear cloudy water
test_6842,clear primary
test_6843,clear primary
test_6844,clear primary agriculture cultivation habitation
test_6845,clear primary agriculture cultivation
test_6846,clear partly_cloudy primary agriculture water cultivation road
test_6847,clear primary agriculture cultivation habitation road
test_6848,clear primary
test_6849,clear primary agriculture water cultivation habitation road
test_6850,clear primary agriculture water habitation road
test_6851,clear primary agriculture road
test_6852,clear primary
test_6853,partly_cloudy primary agriculture road
test_6854,clear primary
test_6855,clear primary agriculture water cultivation
test_6856,partly_cloudy primary water road
test_6857,cloudy
test_6858,partly_cloudy primary
test_6859,clear primary
test_6860,partly_cloudy primary
test_6861,clear primary
test_6862,cloudy
test_6863,partly_cloudy primary water road
test_6864,clear primary agriculture water cultivation habitation
test_6865,clear haze primary agriculture water habitation road
test_6866,partly_cloudy primary
test_6867,clear haze primary water
test_6868,clear primary agriculture water road
test_6869,clear primary
test_6870,clear primary
test_6871,clear partly_cloudy primary agriculture road
test_6872,clear primary agriculture habitation road bare_ground
test_6873,clear partly_cloudy primary agriculture water cultivation
test_6874,haze primary
test_6875,partly_cloudy primary agriculture
test_6876,clear primary
test_6877,clear primary agriculture habitation road
test_6878,clear primary
test_6879,clear primary agriculture water habitation road
test_6880,partly_cloudy primary agriculture water habitation road
test_6881,clear haze primary water
test_6882,clear primary water road
test_6883,clear partly_cloudy primary
test_6884,clear cloudy water bare_ground
test_6885,clear primary water
test_6886,clear primary
test_6887,clear partly_cloudy primary agriculture habitation road
test_6888,clear primary water
test_6889,cloudy
test_6890,partly_cloudy primary
test_6891,clear haze primary agriculture cultivation
test_6892,clear primary
test_6893,cloudy
test_6894,clear primary agriculture cultivation
test_6895,partly_cloudy primary
test_6896,haze primary agriculture water road
test_6897,clear primary agriculture cultivation
test_6898,clear primary water road
test_6899,partly_cloudy primary agriculture water road
test_6900,clear primary
test_6901,partly_cloudy primary agriculture cultivation
test_6902,clear primary
test_6903,clear primary agriculture road
test_6904,cloudy
test_6905,clear primary
test_6906,clear primary
test_6907,clear primary
test_6908,cloudy
test_6909,clear primary agriculture cultivation
test_6910,clear primary
test_6911,clear primary agriculture water road
test_6912,clear primary agriculture cultivation
test_6913,cloudy
test_6914,clear primary
test_6915,partly_cloudy primary water
test_6916,clear primary agriculture road
test_6917,partly_cloudy primary agriculture
test_6918,cloudy
test_6919,clear primary
test_6920,clear primary
test_6921,clear primary water road
test_6922,clear primary
test_6923,partly_cloudy primary
test_6924,clear primary agriculture water habitation road
test_6925,clear primary water
test_6926,partly_cloudy primary
test_6927,clear primary
test_6928,clear primary
test_6929,cloudy
test_6930,haze primary
test_6931,clear primary water road
test_6932,clear primary road selective_logging
test_6933,clear primary agriculture cultivation
test_6934,partly_cloudy primary agriculture cultivation habitation
test_6935,clear primary
test_6936,clear primary agriculture
test_6937,clear primary agriculture water road
test_6938,partly_cloudy primary agriculture road
test_6939,clear cloudy primary water
test_6940,clear primary agriculture cultivation habitation road
test_6941,partly_cloudy primary agriculture water road
test_6942,clear primary agriculture road bare_ground
test_6943,clear primary agriculture water cultivation habitation road
test_6944,partly_cloudy primary agriculture water cultivation road
test_6945,clear primary
test_6946,clear haze primary
test_6947,clear primary
test_6948,clear primary
test_6949,clear primary agriculture
test_6950,clear partly_cloudy primary agriculture water road conventional_mine
test_6951,clear primary
test_6952,clear primary
test_6953,clear primary agriculture cultivation
test_6954,partly_cloudy primary agriculture
test_6955,clear primary
test_6956,partly_cloudy primary agriculture cultivation road
test_6957,clear primary
test_6958,clear primary agriculture road
test_6959,clear primary
test_6960,clear primary water
test_6961,partly_cloudy primary
test_6962,partly_cloudy primary
test_6963,clear primary agriculture water cultivation road
test_6964,clear primary agriculture water road
test_6965,clear primary
test_6966,clear primary agriculture cultivation
test_6967,clear primary agriculture water cultivation habitation road
test_6968,partly_cloudy primary
test_6969,clear primary agriculture water
test_6970,clear primary
test_6971,clear primary
test_6972,clear primary
test_6973,clear primary agriculture habitation road
test_6974,haze primary
test_6975,clear primary
test_6976,partly_cloudy primary agriculture cultivation
test_6977,haze cloudy primary
test_6978,clear haze primary agriculture road
test_6979,partly_cloudy primary
test_6980,partly_cloudy primary agriculture
test_6981,clear primary agriculture road bare_ground
test_6982,clear haze primary water
test_6983,partly_cloudy cloudy primary
test_6984,clear primary agriculture habitation road
test_6985,clear primary agriculture water cultivation road
test_6986,haze primary water
test_6987,clear primary agriculture road
test_6988,partly_cloudy primary agriculture cultivation
test_6989,clear primary
test_6990,clear primary agriculture water cultivation habitation road
test_6991,clear haze primary
test_6992,partly_cloudy primary
test_6993,clear primary
test_6994,clear cloudy water
test_6995,clear primary agriculture road
test_6996,clear primary agriculture bare_ground
test_6997,clear primary
test_6998,haze cloudy primary
test_6999,clear cloudy agriculture
test_7000,partly_cloudy primary
test_7001,clear partly_cloudy primary agriculture road
test_7002,haze primary
test_7003,clear primary
test_7004,partly_cloudy primary
test_7005,clear primary agriculture road
test_7006,cloudy
test_7007,clear primary
test_7008,haze primary agriculture road
test_7009,partly_cloudy cloudy primary agriculture water road conventional_mine
test_7010,clear primary agriculture habitation road
test_7011,clear primary water
test_7012,clear primary
test_7013,partly_cloudy primary agriculture road
test_7014,partly_cloudy primary
test_7015,partly_cloudy cloudy primary
test_7016,cloudy
test_7017,clear primary agriculture habitation road
test_7018,haze primary
test_7019,clear primary
test_7020,clear primary agriculture water road
test_7021,clear primary
test_7022,partly_cloudy primary agriculture
test_7023,clear primary agriculture cultivation
test_7024,clear primary
test_7025,clear primary agriculture habitation road
test_7026,clear primary agriculture habitation road
test_7027,clear primary
test_7028,clear primary agriculture habitation road
test_7029,clear primary
test_7030,partly_cloudy primary
test_7031,clear primary agriculture habitation road
test_7032,clear primary agriculture cultivation
test_7033,clear primary
test_7034,partly_cloudy primary
test_7035,clear primary
test_7036,clear partly_cloudy primary agriculture road
test_7037,clear primary water
test_7038,partly_cloudy primary
test_7039,clear primary
test_7040,clear cloudy primary water
test_7041,haze primary agriculture water
test_7042,clear primary
test_7043,clear primary agriculture cultivation
test_7044,clear primary water road bare_ground artisinal_mine selective_logging
test_7045,clear primary agriculture cultivation habitation road
test_7046,clear primary agriculture cultivation
test_7047,clear primary
test_7048,clear primary agriculture water cultivation
test_7049,clear primary
test_7050,partly_cloudy primary agriculture cultivation
test_7051,clear primary agriculture cultivation
test_7052,clear primary
test_7053,clear cloudy primary water
test_7054,partly_cloudy primary agriculture cultivation
test_7055,clear primary
test_7056,clear primary
test_7057,clear primary agriculture cultivation habitation road
test_7058,clear primary
test_7059,partly_cloudy primary
test_7060,haze primary
test_7061,partly_cloudy primary
test_7062,clear primary
test_7063,clear primary agriculture cultivation habitation
test_7064,clear primary agriculture water cultivation
test_7065,partly_cloudy primary agriculture water road
test_7066,haze cloudy primary
test_7067,clear primary agriculture water road
test_7068,clear primary
test_7069,haze primary
test_7070,clear primary
test_7071,clear primary agriculture cultivation
test_7072,clear primary
test_7073,clear primary
test_7074,clear primary
test_7075,partly_cloudy primary agriculture water road
test_7076,clear primary
test_7077,clear primary
test_7078,clear primary
test_7079,clear primary
test_7080,clear partly_cloudy primary agriculture road
test_7081,clear primary
test_7082,clear primary agriculture bare_ground
test_7083,clear primary
test_7084,clear primary agriculture cultivation
test_7085,clear primary blooming selective_logging
test_7086,clear primary
test_7087,clear primary
test_7088,clear primary agriculture cultivation
test_7089,clear primary
test_7090,clear primary
test_7091,clear primary
test_7092,clear primary agriculture water habitation road
test_7093,cloudy
test_7094,clear primary agriculture cultivation
test_7095,clear primary water
test_7096,clear primary agriculture cultivation
test_7097,clear primary
test_7098,clear primary agriculture bare_ground
test_7099,clear primary habitation road
test_7100,clear primary
test_7101,clear primary agriculture cultivation
test_7102,partly_cloudy primary water road
test_7103,clear primary
test_7104,clear primary
test_7105,clear primary agriculture cultivation
test_7106,partly_cloudy primary
test_7107,clear primary water
test_7108,clear primary
test_7109,clear primary agriculture road
test_7110,clear primary agriculture water cultivation habitation
test_7111,clear primary agriculture cultivation
test_7112,clear primary
test_7113,clear primary water road
test_7114,cloudy
test_7115,clear primary agriculture cultivation road
test_7116,clear primary agriculture water habitation road
test_7117,clear primary water bare_ground artisinal_mine
test_7118,clear primary
test_7119,clear primary agriculture cultivation
test_7120,clear primary agriculture road
test_7121,clear primary
test_7122,clear primary agriculture water habitation
test_7123,clear primary agriculture cultivation habitation road
test_7124,clear primary habitation road
test_7125,clear primary agriculture cultivation
test_7126,clear primary agriculture
test_7127,clear primary agriculture cultivation
test_7128,clear primary
test_7129,clear primary
test_7130,clear primary
test_7131,partly_cloudy cloudy primary
test_7132,clear primary agriculture water cultivation
test_7133,clear primary agriculture habitation road
test_7134,clear primary
test_7135,clear primary agriculture water bare_ground artisinal_mine
test_7136,cloudy
test_7137,haze partly_cloudy primary water road
test_7138,clear primary
test_7139,clear primary
test_7140,clear partly_cloudy primary
test_7141,clear primary agriculture cultivation habitation
test_7142,clear primary
test_7143,clear primary agriculture cultivation habitation
test_7144,clear primary agriculture
test_7145,partly_cloudy primary
test_7146,clear primary agriculture cultivation
test_7147,clear cloudy primary water
test_7148,partly_cloudy primary
test_7149,clear primary agriculture cultivation road
test_7150,clear primary agriculture cultivation habitation road
test_7151,clear primary agriculture habitation road
test_7152,clear primary water road
test_7153,clear primary
test_7154,clear primary
test_7155,clear primary
test_7156,clear primary agriculture water
test_7157,partly_cloudy primary
test_7158,clear haze primary agriculture water road
test_7159,clear primary water artisinal_mine
test_7160,clear primary
test_7161,partly_cloudy primary agriculture water road
test_7162,clear primary
test_7163,clear primary agriculture road
test_7164,partly_cloudy primary agriculture cultivation
test_7165,partly_cloudy primary water
test_7166,clear primary agriculture
test_7167,partly_cloudy primary agriculture
test_7168,haze primary agriculture water cultivation road
test_7169,clear primary
test_7170,clear primary agriculture
test_7171,clear primary agriculture water habitation road
test_7172,partly_cloudy primary agriculture
test_7173,partly_cloudy primary
test_7174,clear primary
test_7175,clear primary
test_7176,partly_cloudy primary
test_7177,partly_cloudy primary agriculture road
test_7178,partly_cloudy primary
test_7179,clear haze primary road
test_7180,clear primary
test_7181,clear primary
test_7182,clear primary
test_7183,partly_cloudy primary
test_7184,clear primary water road
test_7185,clear primary
test_7186,clear partly_cloudy primary
test_7187,clear primary water
test_7188,partly_cloudy primary
test_7189,clear primary agriculture water cultivation
test_7190,haze cloudy primary
test_7191,clear primary
test_7192,clear primary
test_7193,clear primary
test_7194,partly_cloudy primary agriculture water
test_7195,clear primary agriculture road
test_7196,partly_cloudy primary agriculture
test_7197,clear primary
test_7198,partly_cloudy primary
test_7199,clear primary road selective_logging
test_7200,clear partly_cloudy primary agriculture water cultivation
test_7201,clear primary
test_7202,partly_cloudy primary agriculture water
test_7203,clear primary agriculture cultivation
test_7204,clear primary agriculture
test_7205,clear primary
test_7206,clear primary agriculture
test_7207,haze primary
test_7208,clear primary
test_7209,clear primary agriculture water habitation road
test_7210,clear primary agriculture water road
test_7211,partly_cloudy primary
test_7212,partly_cloudy primary agriculture cultivation road
test_7213,clear primary
test_7214,clear primary agriculture cultivation habitation road
test_7215,clear primary
test_7216,partly_cloudy primary
test_7217,clear primary agriculture
test_7218,clear primary
test_7219,clear primary
test_7220,clear primary
test_7221,clear primary water
test_7222,clear primary agriculture cultivation road
test_7223,clear primary
test_7224,clear primary agriculture habitation road
test_7225,clear primary agriculture cultivation
test_7226,clear primary
test_7227,partly_cloudy primary
test_7228,clear primary
test_7229,clear partly_cloudy primary blooming
test_7230,clear primary
test_7231,clear primary
test_7232,partly_cloudy primary
test_7233,clear primary agriculture cultivation
test_7234,clear primary agriculture cultivation
test_7235,clear primary
test_7236,partly_cloudy primary
test_7237,clear primary agriculture water cultivation
test_7238,clear primary agriculture road
test_7239,clear primary agriculture road
test_7240,clear primary agriculture cultivation habitation
test_7241,clear primary agriculture cultivation habitation road
test_7242,clear primary
test_7243,clear primary agriculture cultivation
test_7244,clear primary
test_7245,partly_cloudy primary
test_7246,clear primary agriculture habitation road
test_7247,clear primary agriculture habitation road
test_7248,clear primary
test_7249,clear primary agriculture bare_ground
test_7250,clear primary agriculture habitation road
test_7251,clear primary
test_7252,clear primary agriculture habitation road
test_7253,clear haze primary agriculture cultivation
test_7254,clear primary
test_7255,clear primary
test_7256,partly_cloudy primary agriculture cultivation
test_7257,clear primary agriculture water habitation road bare_ground
test_7258,haze primary
test_7259,clear partly_cloudy primary agriculture water
test_7260,clear primary
test_7261,clear partly_cloudy primary water road selective_logging
test_7262,clear primary water road selective_logging
test_7263,clear primary
test_7264,partly_cloudy primary agriculture water cultivation road
test_7265,clear primary
test_7266,clear primary
test_7267,partly_cloudy primary
test_7268,partly_cloudy primary
test_7269,clear primary agriculture road
test_7270,clear primary agriculture habitation road
test_7271,clear primary
test_7272,partly_cloudy primary
test_7273,partly_cloudy primary water
test_7274,clear primary agriculture habitation road
test_7275,clear primary
test_7276,partly_cloudy primary agriculture road
test_7277,clear primary
test_7278,partly_cloudy cloudy primary
test_7279,clear primary agriculture cultivation
test_7280,clear primary
test_7281,clear primary agriculture road
test_7282,clear primary agriculture habitation road
test_7283,clear primary
test_7284,clear primary agriculture water road
test_7285,clear primary water
test_7286,partly_cloudy primary agriculture road
test_7287,clear primary agriculture cultivation road
test_7288,clear cloudy primary water
test_7289,partly_cloudy primary agriculture
test_7290,partly_cloudy primary agriculture water habitation road
test_7291,clear primary water road
test_7292,clear primary
test_7293,clear primary agriculture road
test_7294,clear primary
test_7295,partly_cloudy primary agriculture cultivation road
test_7296,clear partly_cloudy primary
test_7297,clear primary water road
test_7298,clear primary agriculture cultivation
test_7299,clear primary water road
test_7300,clear primary
test_7301,partly_cloudy primary agriculture cultivation
test_7302,clear primary
test_7303,clear primary
test_7304,partly_cloudy cloudy primary
test_7305,partly_cloudy primary agriculture water road
test_7306,clear primary agriculture
test_7307,clear primary
test_7308,clear primary
test_7309,clear primary habitation road
test_7310,clear primary water
test_7311,clear primary
test_7312,clear primary
test_7313,clear primary water
test_7314,clear partly_cloudy primary
test_7315,clear primary
test_7316,clear primary agriculture habitation road
test_7317,clear primary agriculture water habitation road
test_7318,partly_cloudy primary agriculture cultivation
test_7319,clear cloudy primary water
test_7320,partly_cloudy primary water
test_7321,clear partly_cloudy primary agriculture cultivation habitation road
test_7322,partly_cloudy primary
test_7323,clear primary agriculture habitation road
test_7324,clear primary water
test_7325,clear primary agriculture water cultivation road
test_7326,cloudy
test_7327,haze cloudy primary
test_7328,clear primary agriculture habitation road
test_7329,partly_cloudy primary agriculture cultivation
test_7330,clear primary
test_7331,clear haze primary
test_7332,clear primary water
test_7333,clear primary
test_7334,clear primary
test_7335,clear primary
test_7336,partly_cloudy primary
test_7337,clear primary
test_7338,haze primary
test_7339,partly_cloudy primary
test_7340,clear primary
test_7341,clear primary habitation road
test_7342,cloudy
test_7343,haze primary agriculture road
test_7344,clear primary
test_7345,clear primary
test_7346,clear primary agriculture water cultivation road
test_7347,partly_cloudy primary agriculture water road
test_7348,clear primary
test_7349,clear primary agriculture habitation road
test_7350,clear primary agriculture cultivation
test_7351,clear primary
test_7352,clear primary
test_7353,clear primary
test_7354,clear primary agriculture habitation road
test_7355,clear primary
test_7356,clear primary
test_7357,clear primary agriculture habitation road bare_ground
test_7358,partly_cloudy primary agriculture
test_7359,clear primary water bare_ground artisinal_mine
test_7360,clear primary
test_7361,clear primary
test_7362,partly_cloudy primary
test_7363,clear primary
test_7364,partly_cloudy primary
test_7365,partly_cloudy primary agriculture cultivation
test_7366,clear primary agriculture cultivation
test_7367,haze primary agriculture cultivation
test_7368,clear primary
test_7369,clear primary
test_7370,clear haze primary water
test_7371,clear primary agriculture road
test_7372,clear primary agriculture cultivation
test_7373,clear primary
test_7374,clear primary agriculture cultivation road
test_7375,cloudy
test_7376,clear primary agriculture cultivation
test_7377,clear primary agriculture road
test_7378,clear primary water road selective_logging
test_7379,clear haze primary agriculture road
test_7380,partly_cloudy primary
test_7381,clear primary agriculture cultivation
test_7382,clear primary
test_7383,haze cloudy primary
test_7384,partly_cloudy primary
test_7385,clear primary agriculture
test_7386,clear primary
test_7387,clear primary agriculture water habitation road conventional_mine bare_ground
test_7388,partly_cloudy primary
test_7389,clear primary agriculture cultivation road
test_7390,clear primary agriculture cultivation
test_7391,clear primary
test_7392,clear primary agriculture habitation road
test_7393,clear primary agriculture water
test_7394,clear primary
test_7395,clear primary
test_7396,clear primary agriculture water
test_7397,clear primary water road bare_ground artisinal_mine
test_7398,partly_cloudy primary
test_7399,clear primary
test_7400,clear primary agriculture cultivation
test_7401,clear primary
test_7402,clear primary
test_7403,partly_cloudy primary agriculture cultivation
test_7404,clear primary agriculture cultivation road
test_7405,partly_cloudy cloudy primary agriculture water
test_7406,clear primary
test_7407,clear primary agriculture bare_ground
test_7408,partly_cloudy primary agriculture
test_7409,clear primary
test_7410,clear primary
test_7411,cloudy
test_7412,haze cloudy primary
test_7413,clear primary
test_7414,clear primary agriculture water cultivation
test_7415,partly_cloudy primary agriculture road
test_7416,clear primary
test_7417,clear primary agriculture road
test_7418,partly_cloudy primary agriculture habitation road
test_7419,clear primary
test_7420,clear primary cultivation
test_7421,clear primary water
test_7422,clear primary
test_7423,partly_cloudy primary
test_7424,cloudy
test_7425,clear primary agriculture water road
test_7426,partly_cloudy primary agriculture water
test_7427,clear primary agriculture cultivation road
test_7428,clear primary
test_7429,clear partly_cloudy primary
test_7430,clear primary
test_7431,clear haze primary
test_7432,partly_cloudy primary
test_7433,haze primary water
test_7434,clear primary
test_7435,clear primary
test_7436,haze cloudy primary water
test_7437,clear primary water
test_7438,clear primary agriculture road
test_7439,haze primary
test_7440,clear primary
test_7441,clear primary agriculture cultivation
test_7442,partly_cloudy primary agriculture road
test_7443,partly_cloudy primary
test_7444,clear primary agriculture road bare_ground
test_7445,clear primary agriculture cultivation
test_7446,clear haze primary agriculture water cultivation habitation road
test_7447,clear primary agriculture road
test_7448,haze primary agriculture
test_7449,clear primary habitation road
test_7450,clear primary agriculture habitation road
test_7451,partly_cloudy primary
test_7452,clear primary water
test_7453,clear primary agriculture cultivation
test_7454,clear primary
test_7455,clear primary
test_7456,clear primary
test_7457,clear primary agriculture cultivation habitation road
test_7458,clear primary
test_7459,clear primary
test_7460,partly_cloudy primary
test_7461,partly_cloudy primary
test_7462,clear primary agriculture water
test_7463,clear primary agriculture cultivation
test_7464,haze primary agriculture
test_7465,clear primary agriculture road
test_7466,clear primary
test_7467,clear primary
test_7468,clear primary agriculture water habitation road
test_7469,clear primary agriculture cultivation
test_7470,clear primary blooming
test_7471,clear primary
test_7472,clear primary
test_7473,clear primary agriculture road
test_7474,clear primary agriculture cultivation
test_7475,partly_cloudy primary
test_7476,haze primary
test_7477,clear primary
test_7478,clear haze primary agriculture road
test_7479,clear primary agriculture cultivation
test_7480,clear primary
test_7481,clear primary
test_7482,partly_cloudy primary
test_7483,clear primary water road
test_7484,clear primary
test_7485,clear primary
test_7486,clear primary agriculture
test_7487,partly_cloudy primary agriculture cultivation road
test_7488,clear primary water artisinal_mine
test_7489,partly_cloudy primary agriculture water
test_7490,clear primary
test_7491,clear primary agriculture road
test_7492,clear primary agriculture road
test_7493,partly_cloudy primary
test_7494,clear primary
test_7495,clear primary agriculture cultivation habitation road
test_7496,clear primary
test_7497,clear primary
test_7498,clear primary
test_7499,clear primary
test_7500,clear primary
test_7501,clear primary agriculture water
test_7502,cloudy
test_7503,clear primary agriculture cultivation road
test_7504,partly_cloudy primary agriculture road
test_7505,clear primary
test_7506,partly_cloudy primary agriculture road
test_7507,clear primary
test_7508,cloudy
test_7509,clear primary
test_7510,partly_cloudy primary
test_7511,clear primary agriculture cultivation habitation road
test_7512,partly_cloudy primary
test_7513,clear primary agriculture cultivation habitation road
test_7514,clear primary
test_7515,clear primary
test_7516,clear primary
test_7517,clear primary agriculture habitation road
test_7518,clear primary agriculture cultivation
test_7519,clear primary water
test_7520,cloudy
test_7521,clear primary agriculture cultivation
test_7522,clear primary
test_7523,clear primary
test_7524,clear primary agriculture cultivation
test_7525,partly_cloudy primary agriculture
test_7526,partly_cloudy primary
test_7527,clear primary agriculture habitation road
test_7528,clear primary
test_7529,haze cloudy primary
test_7530,clear primary agriculture cultivation
test_7531,clear primary agriculture water cultivation habitation road
test_7532,clear primary
test_7533,clear primary
test_7534,partly_cloudy primary
test_7535,partly_cloudy primary
test_7536,clear primary
test_7537,partly_cloudy primary
test_7538,clear primary agriculture habitation road
test_7539,clear primary
test_7540,clear primary agriculture cultivation
test_7541,clear primary agriculture water road
test_7542,clear primary
test_7543,cloudy
test_7544,clear primary
test_7545,clear primary
test_7546,clear primary
test_7547,clear primary water
test_7548,clear haze primary agriculture cultivation
test_7549,clear partly_cloudy primary agriculture
test_7550,clear haze primary
test_7551,clear primary
test_7552,clear primary
test_7553,clear primary blooming
test_7554,clear primary
test_7555,partly_cloudy primary agriculture cultivation
test_7556,clear primary
test_7557,clear primary
test_7558,clear primary
test_7559,clear primary agriculture water
test_7560,clear primary
test_7561,clear primary
test_7562,clear primary
test_7563,partly_cloudy primary
test_7564,clear haze primary agriculture water road
test_7565,partly_cloudy primary agriculture road
test_7566,clear partly_cloudy primary agriculture habitation road
test_7567,clear primary agriculture road
test_7568,clear primary water
test_7569,clear haze primary agriculture water road
test_7570,clear primary
test_7571,clear primary agriculture cultivation habitation road
test_7572,partly_cloudy primary
test_7573,clear primary agriculture cultivation habitation
test_7574,clear primary agriculture water cultivation
test_7575,clear primary agriculture habitation road
test_7576,clear primary agriculture water
test_7577,cloudy
test_7578,clear primary
test_7579,clear primary
test_7580,clear haze primary agriculture road
test_7581,partly_cloudy primary
test_7582,clear primary agriculture water cultivation road
test_7583,clear primary agriculture cultivation
test_7584,clear primary
test_7585,partly_cloudy primary
test_7586,clear primary agriculture road
test_7587,clear primary agriculture road
test_7588,clear partly_cloudy primary agriculture cultivation
test_7589,clear primary agriculture road
test_7590,partly_cloudy primary
test_7591,clear primary agriculture cultivation road
test_7592,haze partly_cloudy primary agriculture water
test_7593,clear primary
test_7594,clear primary
test_7595,clear primary
test_7596,clear primary
test_7597,clear primary agriculture habitation road
test_7598,clear primary agriculture cultivation habitation road
test_7599,partly_cloudy primary
test_7600,clear primary
test_7601,clear primary
test_7602,clear primary
test_7603,clear primary
test_7604,clear primary
test_7605,clear primary
test_7606,clear primary
test_7607,clear primary agriculture water cultivation
test_7608,partly_cloudy primary
test_7609,clear primary agriculture water cultivation
test_7610,partly_cloudy primary
test_7611,clear primary
test_7612,clear primary
test_7613,clear primary
test_7614,clear primary agriculture habitation road
test_7615,clear primary
test_7616,clear primary
test_7617,clear primary agriculture cultivation habitation
test_7618,clear primary
test_7619,clear primary agriculture water habitation road
test_7620,clear primary agriculture cultivation habitation road
test_7621,partly_cloudy primary agriculture cultivation habitation road
test_7622,cloudy
test_7623,clear partly_cloudy primary
test_7624,clear partly_cloudy primary agriculture cultivation habitation road
test_7625,partly_cloudy primary agriculture water
test_7626,clear primary
test_7627,partly_cloudy primary
test_7628,clear primary agriculture cultivation
test_7629,partly_cloudy primary
test_7630,clear primary
test_7631,clear primary
test_7632,clear primary agriculture water cultivation habitation road
test_7633,cloudy
test_7634,clear primary agriculture
test_7635,clear cloudy water
test_7636,clear primary
test_7637,cloudy
test_7638,clear primary habitation road
test_7639,clear primary
test_7640,cloudy
test_7641,partly_cloudy primary
test_7642,clear primary
test_7643,clear primary
test_7644,clear primary water
test_7645,partly_cloudy primary agriculture cultivation
test_7646,clear primary agriculture habitation road
test_7647,clear primary
test_7648,clear primary agriculture road
test_7649,clear primary agriculture cultivation
test_7650,clear primary agriculture road
test_7651,clear primary agriculture water cultivation habitation
test_7652,haze cloudy primary
test_7653,partly_cloudy primary agriculture cultivation
test_7654,clear primary water road
test_7655,clear primary
test_7656,clear primary agriculture habitation road bare_ground
test_7657,clear primary
test_7658,clear primary agriculture habitation road
test_7659,clear primary
test_7660,clear primary agriculture
test_7661,clear primary
test_7662,clear primary
test_7663,cloudy
test_7664,cloudy
test_7665,clear primary agriculture cultivation road
test_7666,clear primary
test_7667,clear primary
test_7668,clear primary
test_7669,clear partly_cloudy primary agriculture cultivation
test_7670,clear primary agriculture water
test_7671,clear primary
test_7672,cloudy
test_7673,clear haze primary agriculture water habitation road
test_7674,clear primary agriculture bare_ground
test_7675,clear primary
test_7676,clear primary
test_7677,clear primary agriculture water cultivation
test_7678,clear primary
test_7679,clear primary agriculture road
test_7680,partly_cloudy primary water
test_7681,clear primary agriculture road
test_7682,clear primary
test_7683,clear primary
test_7684,clear primary
test_7685,clear primary agriculture cultivation habitation
test_7686,clear primary
test_7687,clear primary agriculture cultivation
test_7688,clear primary
test_7689,clear primary water road
test_7690,clear primary agriculture cultivation
test_7691,clear primary
test_7692,clear primary water
test_7693,clear primary
test_7694,clear primary
test_7695,clear primary
test_7696,clear primary water road selective_logging
test_7697,clear primary
test_7698,clear primary agriculture cultivation
test_7699,clear primary agriculture habitation road
test_7700,clear primary water
test_7701,partly_cloudy primary agriculture cultivation
test_7702,clear primary agriculture water bare_ground
test_7703,partly_cloudy primary agriculture cultivation
test_7704,clear primary agriculture
test_7705,partly_cloudy primary agriculture cultivation
test_7706,partly_cloudy cloudy
test_7707,haze cloudy primary
test_7708,clear primary agriculture cultivation habitation
test_7709,clear primary
test_7710,partly_cloudy primary
test_7711,clear cloudy water
test_7712,clear primary agriculture habitation road
test_7713,partly_cloudy primary agriculture cultivation
test_7714,haze cloudy
test_7715,clear primary water
test_7716,clear primary agriculture road
test_7717,clear primary
test_7718,partly_cloudy primary
test_7719,partly_cloudy primary
test_7720,partly_cloudy primary
test_7721,clear primary agriculture bare_ground
test_7722,partly_cloudy primary agriculture water
test_7723,partly_cloudy primary
test_7724,clear primary
test_7725,clear primary agriculture cultivation habitation road
test_7726,clear primary
test_7727,partly_cloudy cloudy primary agriculture
test_7728,clear primary agriculture water road
test_7729,clear primary agriculture water cultivation
test_7730,clear primary water road
test_7731,partly_cloudy primary agriculture cultivation
test_7732,clear primary
test_7733,partly_cloudy primary agriculture habitation road
test_7734,cloudy
test_7735,clear primary
test_7736,clear primary agriculture cultivation
test_7737,clear primary water
test_7738,cloudy
test_7739,clear partly_cloudy primary
test_7740,haze primary water
test_7741,clear primary agriculture
test_7742,partly_cloudy primary agriculture road
test_7743,clear primary
test_7744,clear primary agriculture cultivation habitation road
test_7745,partly_cloudy primary
test_7746,clear haze primary agriculture cultivation
test_7747,clear primary agriculture water road
test_7748,clear primary
test_7749,clear primary
test_7750,clear primary water
test_7751,clear primary
test_7752,clear primary
test_7753,clear primary
test_7754,clear primary
test_7755,partly_cloudy primary
test_7756,haze primary
test_7757,clear primary
test_7758,clear primary
test_7759,clear primary agriculture water cultivation habitation road
test_7760,partly_cloudy primary agriculture water
test_7761,clear primary agriculture cultivation
test_7762,clear primary water
test_7763,clear primary
test_7764,clear primary
test_7765,clear primary
test_7766,haze primary
test_7767,clear primary agriculture cultivation habitation road
test_7768,clear primary
test_7769,clear primary agriculture
test_7770,clear primary
test_7771,clear primary
test_7772,partly_cloudy primary agriculture water
test_7773,clear primary
test_7774,clear primary
test_7775,clear primary agriculture habitation road
test_7776,clear primary
test_7777,cloudy
test_7778,clear primary
test_7779,clear primary
test_7780,clear primary agriculture water road
test_7781,partly_cloudy cloudy primary
test_7782,clear primary agriculture cultivation road
test_7783,clear primary
test_7784,clear primary water
test_7785,clear primary
test_7786,clear primary
test_7787,clear primary
test_7788,clear partly_cloudy primary water road
test_7789,clear primary agriculture water bare_ground
test_7790,clear primary
test_7791,clear primary
test_7792,clear primary agriculture road
test_7793,clear primary
test_7794,clear haze primary water
test_7795,haze primary agriculture water road
test_7796,clear primary
test_7797,clear primary agriculture cultivation
test_7798,haze primary
test_7799,clear primary agriculture cultivation road
test_7800,clear primary
test_7801,clear haze primary water
test_7802,partly_cloudy primary agriculture cultivation habitation road
test_7803,clear primary agriculture road
test_7804,partly_cloudy primary
test_7805,clear primary
test_7806,clear primary water road conventional_mine bare_ground artisinal_mine
test_7807,clear primary
test_7808,clear primary water road
test_7809,partly_cloudy primary water
test_7810,clear primary agriculture cultivation habitation road
test_7811,clear primary water road conventional_mine bare_ground artisinal_mine
test_7812,partly_cloudy cloudy
test_7813,clear primary
test_7814,clear primary agriculture water cultivation
test_7815,cloudy
test_7816,partly_cloudy primary agriculture road
test_7817,clear primary water road
test_7818,clear primary agriculture cultivation road
test_7819,clear primary
test_7820,haze primary
test_7821,clear partly_cloudy primary water
test_7822,clear primary
test_7823,partly_cloudy primary agriculture cultivation habitation road
test_7824,clear primary habitation road
test_7825,clear primary
test_7826,clear haze primary
test_7827,clear primary
test_7828,clear primary agriculture cultivation
test_7829,partly_cloudy primary
test_7830,clear primary
test_7831,haze primary agriculture water cultivation
test_7832,clear primary agriculture habitation road bare_ground
test_7833,clear primary water
test_7834,partly_cloudy primary agriculture habitation road
test_7835,clear primary water
test_7836,clear primary
test_7837,clear primary
test_7838,clear primary
test_7839,clear primary
test_7840,clear primary
test_7841,clear primary
test_7842,clear primary
test_7843,clear haze primary
test_7844,clear primary water road
test_7845,partly_cloudy primary agriculture road
test_7846,clear primary
test_7847,partly_cloudy primary agriculture road
test_7848,clear primary agriculture cultivation
test_7849,clear primary
test_7850,clear primary agriculture cultivation habitation road
test_7851,clear haze primary agriculture road
test_7852,partly_cloudy primary
test_7853,haze primary
test_7854,partly_cloudy primary
test_7855,clear primary
test_7856,clear primary water
test_7857,partly_cloudy primary agriculture
test_7858,clear primary agriculture road
test_7859,clear primary water road
test_7860,clear haze primary agriculture cultivation
test_7861,cloudy
test_7862,clear partly_cloudy primary
test_7863,clear primary agriculture water road
test_7864,clear primary
test_7865,clear primary agriculture water
test_7866,clear primary agriculture habitation road
test_7867,clear primary agriculture cultivation road
test_7868,clear primary
test_7869,partly_cloudy primary water road
test_7870,clear primary agriculture cultivation
test_7871,clear primary
test_7872,clear cloudy water
test_7873,clear primary
test_7874,clear primary
test_7875,clear primary
test_7876,clear primary agriculture water habitation road
test_7877,clear primary
test_7878,clear primary
test_7879,clear primary
test_7880,clear primary
test_7881,clear primary agriculture cultivation
test_7882,clear primary agriculture
test_7883,partly_cloudy primary
test_7884,clear primary
test_7885,clear primary water
test_7886,clear primary
test_7887,clear primary agriculture cultivation
test_7888,haze cloudy
test_7889,clear primary
test_7890,clear primary
test_7891,partly_cloudy cloudy primary
test_7892,clear primary
test_7893,clear primary
test_7894,partly_cloudy primary agriculture road
test_7895,clear primary agriculture road
test_7896,clear primary agriculture road
test_7897,clear primary
test_7898,clear primary
test_7899,haze cloudy primary
test_7900,clear primary
test_7901,clear primary agriculture water
test_7902,clear primary agriculture cultivation habitation road
test_7903,partly_cloudy primary
test_7904,clear primary agriculture habitation road
test_7905,clear partly_cloudy primary agriculture water cultivation
test_7906,clear haze primary agriculture cultivation
test_7907,haze cloudy primary
test_7908,partly_cloudy primary agriculture road
test_7909,haze primary
test_7910,clear primary
test_7911,clear primary agriculture cultivation
test_7912,haze cloudy primary
test_7913,clear primary agriculture road
test_7914,clear primary agriculture cultivation
test_7915,clear primary road blooming selective_logging
test_7916,clear primary
test_7917,clear primary agriculture bare_ground
test_7918,clear haze primary agriculture cultivation
test_7919,clear primary
test_7920,clear primary water
test_7921,partly_cloudy cloudy primary
test_7922,clear primary agriculture cultivation
test_7923,clear primary
test_7924,cloudy
test_7925,clear primary agriculture water cultivation
test_7926,partly_cloudy primary agriculture water cultivation road
test_7927,clear primary agriculture water road
test_7928,clear primary
test_7929,clear primary blooming selective_logging
test_7930,clear primary
test_7931,clear primary
test_7932,clear primary agriculture cultivation
test_7933,clear primary
test_7934,clear primary agriculture water road
test_7935,partly_cloudy primary agriculture road
test_7936,clear primary agriculture habitation road
test_7937,clear primary
test_7938,partly_cloudy primary
test_7939,clear primary agriculture cultivation
test_7940,clear primary
test_7941,clear primary
test_7942,clear primary
test_7943,clear primary
test_7944,clear primary
test_7945,clear primary agriculture road
test_7946,partly_cloudy primary agriculture road
test_7947,clear primary
test_7948,clear primary
test_7949,clear primary agriculture cultivation
test_7950,clear primary
test_7951,clear primary agriculture habitation road
test_7952,clear primary
test_7953,clear primary agriculture cultivation habitation
test_7954,partly_cloudy primary
test_7955,clear primary agriculture cultivation
test_7956,partly_cloudy primary water
test_7957,clear haze primary
test_7958,clear primary agriculture cultivation habitation road
test_7959,partly_cloudy primary
test_7960,partly_cloudy primary agriculture
test_7961,clear primary agriculture water
test_7962,partly_cloudy primary agriculture cultivation
test_7963,partly_cloudy primary agriculture road
test_7964,clear primary
test_7965,clear primary agriculture road
test_7966,clear primary
test_7967,clear primary
test_7968,partly_cloudy primary agriculture water road
test_7969,clear primary water
test_7970,partly_cloudy primary
test_7971,partly_cloudy primary
test_7972,clear primary agriculture road
test_7973,clear primary
test_7974,haze cloudy primary
test_7975,cloudy
test_7976,clear primary
test_7977,partly_cloudy primary agriculture cultivation
test_7978,partly_cloudy primary agriculture habitation road
test_7979,partly_cloudy primary agriculture habitation road
test_7980,clear primary
test_7981,clear primary
test_7982,partly_cloudy primary agriculture cultivation
test_7983,clear partly_cloudy primary
test_7984,clear primary agriculture cultivation habitation road
test_7985,partly_cloudy primary
test_7986,partly_cloudy primary agriculture habitation road
test_7987,clear primary
test_7988,clear primary agriculture cultivation habitation road
test_7989,clear primary
test_7990,clear partly_cloudy primary agriculture water
test_7991,clear primary agriculture cultivation
test_7992,clear partly_cloudy primary agriculture water
test_7993,haze primary
test_7994,clear primary
test_7995,partly_cloudy primary agriculture water
test_7996,clear primary
test_7997,clear primary
test_7998,clear primary agriculture water cultivation
test_7999,clear primary agriculture water road
test_8000,clear primary water
test_8001,haze primary water
test_8002,clear partly_cloudy primary
test_8003,clear primary
test_8004,clear primary agriculture water habitation road
test_8005,clear primary
test_8006,clear cloudy water
test_8007,clear primary agriculture
test_8008,cloudy
test_8009,clear primary
test_8010,partly_cloudy primary water
test_8011,clear primary agriculture road
test_8012,clear primary
test_8013,partly_cloudy primary agriculture cultivation road
test_8014,clear primary agriculture water cultivation habitation
test_8015,partly_cloudy primary
test_8016,clear partly_cloudy primary agriculture road
test_8017,clear primary agriculture road
test_8018,clear primary
test_8019,cloudy
test_8020,clear primary agriculture water cultivation habitation road
test_8021,clear primary agriculture cultivation
test_8022,clear partly_cloudy primary agriculture water road
test_8023,haze cloudy primary
test_8024,clear primary water
test_8025,clear primary
test_8026,clear primary
test_8027,clear primary
test_8028,clear primary agriculture
test_8029,clear primary agriculture habitation road
test_8030,clear primary
test_8031,partly_cloudy cloudy
test_8032,clear haze primary agriculture cultivation
test_8033,clear primary agriculture
test_8034,clear primary
test_8035,clear primary agriculture water cultivation habitation road
test_8036,partly_cloudy cloudy primary
test_8037,clear primary water road
test_8038,clear primary agriculture cultivation
test_8039,clear primary water
test_8040,clear haze primary
test_8041,clear primary agriculture water cultivation
test_8042,cloudy
test_8043,clear partly_cloudy primary water road
test_8044,clear primary
test_8045,haze primary agriculture water
test_8046,clear partly_cloudy primary
test_8047,partly_cloudy cloudy primary water
test_8048,partly_cloudy cloudy primary
test_8049,partly_cloudy primary agriculture road
test_8050,clear haze primary agriculture water habitation road
test_8051,clear primary
test_8052,clear primary
test_8053,partly_cloudy primary agriculture road
test_8054,clear primary agriculture water cultivation habitation
test_8055,clear primary agriculture water
test_8056,clear primary agriculture water cultivation
test_8057,cloudy
test_8058,clear primary
test_8059,clear primary
test_8060,clear primary agriculture cultivation
test_8061,haze cloudy primary water road
test_8062,clear primary agriculture habitation road
test_8063,clear primary
test_8064,clear primary
test_8065,clear primary agriculture cultivation
test_8066,clear primary
test_8067,clear primary
test_8068,clear primary
test_8069,clear primary
test_8070,clear primary
test_8071,clear primary
test_8072,clear primary
test_8073,clear primary agriculture cultivation
test_8074,clear primary
test_8075,clear primary agriculture water habitation road
test_8076,clear haze primary water
test_8077,cloudy
test_8078,clear primary agriculture cultivation
test_8079,clear primary
test_8080,clear primary agriculture water artisinal_mine
test_8081,clear primary agriculture habitation road
test_8082,clear primary agriculture cultivation
test_8083,partly_cloudy primary agriculture water cultivation road
test_8084,clear primary agriculture habitation road bare_ground
test_8085,clear primary blooming
test_8086,clear primary agriculture water road
test_8087,clear primary agriculture habitation road
test_8088,clear primary agriculture cultivation habitation road
test_8089,clear primary water road
test_8090,clear primary
test_8091,clear primary agriculture cultivation
test_8092,clear primary agriculture bare_ground
test_8093,clear primary
test_8094,clear primary agriculture habitation road
test_8095,clear haze primary agriculture road
test_8096,clear primary
test_8097,clear primary
test_8098,clear partly_cloudy primary water road
test_8099,clear primary agriculture cultivation habitation road
test_8100,partly_cloudy primary agriculture
test_8101,clear primary
test_8102,haze cloudy
test_8103,clear primary water
test_8104,clear primary
test_8105,clear primary
test_8106,clear primary agriculture cultivation
test_8107,haze primary
test_8108,clear primary
test_8109,clear primary water road
test_8110,clear primary
test_8111,clear primary agriculture water cultivation habitation road
test_8112,clear primary agriculture water road
test_8113,clear primary
test_8114,clear primary water
test_8115,clear primary
test_8116,clear primary
test_8117,partly_cloudy primary
test_8118,partly_cloudy primary
test_8119,clear primary
test_8120,clear primary agriculture habitation road
test_8121,clear primary agriculture cultivation
test_8122,partly_cloudy primary
test_8123,clear primary agriculture road
test_8124,clear cloudy primary water road conventional_mine bare_ground artisinal_mine
test_8125,clear primary blooming selective_logging
test_8126,clear primary agriculture cultivation
test_8127,clear primary agriculture road
test_8128,clear primary agriculture water bare_ground
test_8129,clear primary agriculture cultivation
test_8130,partly_cloudy primary
test_8131,clear primary
test_8132,partly_cloudy primary
test_8133,clear primary water
test_8134,clear primary agriculture cultivation habitation road
test_8135,clear primary agriculture
test_8136,clear primary
test_8137,clear primary agriculture
test_8138,partly_cloudy primary
test_8139,clear primary
test_8140,clear primary
test_8141,clear primary agriculture road
test_8142,clear primary agriculture cultivation
test_8143,partly_cloudy primary agriculture water
test_8144,partly_cloudy primary
test_8145,clear primary agriculture
test_8146,clear primary
test_8147,partly_cloudy primary
test_8148,clear haze primary water
test_8149,partly_cloudy primary agriculture road
test_8150,clear primary water road
test_8151,clear primary agriculture water road
test_8152,clear primary agriculture cultivation
test_8153,partly_cloudy primary agriculture
test_8154,cloudy
test_8155,clear primary
test_8156,partly_cloudy primary
test_8157,partly_cloudy primary agriculture cultivation road
test_8158,clear primary
test_8159,clear primary
test_8160,clear primary
test_8161,clear primary agriculture road
test_8162,clear primary water
test_8163,clear primary agriculture cultivation habitation
test_8164,clear primary
test_8165,clear primary
test_8166,clear primary
test_8167,partly_cloudy primary
test_8168,clear primary
test_8169,clear primary agriculture cultivation
test_8170,clear primary
test_8171,clear primary
test_8172,partly_cloudy primary agriculture water cultivation
test_8173,clear primary agriculture water road
test_8174,clear primary
test_8175,clear primary agriculture cultivation
test_8176,clear primary water
test_8177,partly_cloudy primary agriculture water road
test_8178,clear primary water
test_8179,clear primary agriculture cultivation road
test_8180,cloudy water
test_8181,clear primary
test_8182,clear partly_cloudy primary
test_8183,clear primary agriculture cultivation road
test_8184,clear primary
test_8185,clear primary agriculture cultivation
test_8186,clear partly_cloudy primary agriculture cultivation
test_8187,clear primary water
test_8188,clear primary agriculture cultivation
test_8189,haze cloudy primary
test_8190,clear primary
test_8191,clear primary water
test_8192,clear primary
test_8193,clear primary agriculture habitation road
test_8194,clear primary road selective_logging
test_8195,clear primary water
test_8196,clear primary agriculture road
test_8197,clear primary
test_8198,clear primary
test_8199,clear primary agriculture cultivation
test_8200,clear primary
test_8201,clear primary agriculture cultivation
test_8202,clear primary
test_8203,partly_cloudy cloudy primary
test_8204,clear primary water road
test_8205,clear primary
test_8206,partly_cloudy primary
test_8207,clear primary agriculture habitation road bare_ground
test_8208,clear primary agriculture
test_8209,partly_cloudy primary
test_8210,clear primary
test_8211,clear primary
test_8212,clear primary
test_8213,clear primary agriculture cultivation habitation road
test_8214,clear primary agriculture cultivation
test_8215,clear primary agriculture water habitation road
test_8216,clear primary
test_8217,clear haze primary agriculture water road
test_8218,clear primary
test_8219,partly_cloudy primary
test_8220,clear primary
test_8221,clear primary agriculture habitation road
test_8222,partly_cloudy primary
test_8223,clear primary water road
test_8224,clear primary
test_8225,clear haze primary water road
test_8226,clear primary
test_8227,clear partly_cloudy primary water
test_8228,clear primary agriculture
test_8229,clear primary
test_8230,clear primary agriculture cultivation habitation
test_8231,clear primary water
test_8232,clear primary agriculture water road
test_8233,clear primary
test_8234,clear primary
test_8235,haze primary
test_8236,cloudy
test_8237,clear primary
test_8238,partly_cloudy primary
test_8239,clear primary agriculture habitation road
test_8240,clear primary
test_8241,clear partly_cloudy primary
test_8242,clear partly_cloudy primary agriculture cultivation
test_8243,clear primary agriculture road
test_8244,partly_cloudy primary agriculture water
test_8245,partly_cloudy primary
test_8246,clear primary agriculture water cultivation road
test_8247,clear primary
test_8248,clear primary water road
test_8249,clear primary
test_8250,partly_cloudy primary
test_8251,clear primary agriculture cultivation habitation
test_8252,partly_cloudy primary water road
test_8253,clear primary agriculture cultivation
test_8254,clear primary
test_8255,clear primary
test_8256,cloudy
test_8257,clear primary agriculture water bare_ground
test_8258,clear primary
test_8259,clear primary
test_8260,cloudy
test_8261,clear primary
test_8262,haze cloudy
test_8263,clear primary
test_8264,partly_cloudy primary agriculture habitation road
test_8265,partly_cloudy primary water
test_8266,clear primary
test_8267,clear primary
test_8268,clear primary agriculture habitation road
test_8269,clear primary
test_8270,clear primary
test_8271,partly_cloudy primary agriculture road
test_8272,cloudy
test_8273,clear primary
test_8274,clear primary
test_8275,clear primary water
test_8276,clear primary
test_8277,partly_cloudy primary agriculture cultivation road
test_8278,clear primary agriculture water road
test_8279,clear primary
test_8280,clear primary
test_8281,clear partly_cloudy primary agriculture cultivation habitation road
test_8282,cloudy
test_8283,clear primary agriculture road
test_8284,partly_cloudy primary water road
test_8285,clear primary agriculture cultivation road
test_8286,partly_cloudy cloudy
test_8287,clear primary agriculture water habitation road
test_8288,clear primary agriculture water habitation road
test_8289,clear primary water
test_8290,clear primary
test_8291,clear primary
test_8292,clear partly_cloudy primary water
test_8293,clear primary agriculture cultivation
test_8294,clear primary agriculture water road
test_8295,clear primary
test_8296,clear primary
test_8297,clear primary agriculture water
test_8298,clear primary agriculture water
test_8299,clear primary agriculture road
test_8300,clear primary
test_8301,partly_cloudy primary
test_8302,partly_cloudy primary
test_8303,partly_cloudy primary
test_8304,haze cloudy primary water
test_8305,clear primary
test_8306,clear primary
test_8307,clear primary
test_8308,clear primary
test_8309,clear primary water
test_8310,clear primary agriculture road
test_8311,clear haze primary
test_8312,haze partly_cloudy primary agriculture water
test_8313,clear partly_cloudy primary agriculture water road
test_8314,clear primary
test_8315,clear cloudy primary water
test_8316,clear primary agriculture cultivation habitation
test_8317,haze primary agriculture road
test_8318,partly_cloudy primary agriculture
test_8319,clear primary
test_8320,clear primary
test_8321,clear primary water road
test_8322,clear primary
test_8323,clear primary
test_8324,clear primary agriculture cultivation
test_8325,clear haze primary water
test_8326,clear primary
test_8327,clear primary agriculture water
test_8328,clear primary
test_8329,haze cloudy primary
test_8330,clear primary agriculture cultivation
test_8331,partly_cloudy primary agriculture habitation road
test_8332,clear primary
test_8333,clear partly_cloudy primary
test_8334,clear primary
test_8335,clear primary
test_8336,clear primary
test_8337,clear primary
test_8338,partly_cloudy primary
test_8339,clear primary water habitation road
test_8340,clear primary
test_8341,partly_cloudy primary agriculture water cultivation
test_8342,clear primary agriculture water road
test_8343,clear primary water
test_8344,clear primary agriculture cultivation habitation road
test_8345,partly_cloudy primary water road
test_8346,clear primary agriculture water road
test_8347,clear primary
test_8348,partly_cloudy primary
test_8349,clear primary
test_8350,partly_cloudy primary water
test_8351,clear primary
test_8352,clear primary
test_8353,clear primary agriculture water cultivation habitation road
test_8354,clear primary
test_8355,clear primary
test_8356,clear primary
test_8357,clear primary
test_8358,clear primary agriculture
test_8359,clear primary agriculture water cultivation
test_8360,clear primary
test_8361,clear primary agriculture
test_8362,clear primary agriculture cultivation
test_8363,clear partly_cloudy primary agriculture water road
test_8364,clear primary blooming selective_logging
test_8365,clear primary
test_8366,partly_cloudy primary agriculture water road
test_8367,clear primary
test_8368,clear primary agriculture habitation road
test_8369,clear primary agriculture habitation road
test_8370,clear primary
test_8371,clear primary
test_8372,clear primary
test_8373,clear primary agriculture water road
test_8374,clear primary
test_8375,clear primary
test_8376,clear primary
test_8377,clear primary habitation road
test_8378,clear primary
test_8379,partly_cloudy primary
test_8380,clear primary agriculture cultivation habitation road
test_8381,clear primary
test_8382,clear primary agriculture road
test_8383,partly_cloudy primary
test_8384,partly_cloudy primary agriculture road
test_8385,clear primary
test_8386,haze cloudy primary water
test_8387,clear primary agriculture water cultivation habitation
test_8388,partly_cloudy cloudy
test_8389,partly_cloudy primary agriculture
test_8390,clear primary agriculture water
test_8391,clear primary agriculture road
test_8392,clear primary agriculture cultivation habitation road
test_8393,clear primary agriculture cultivation
test_8394,haze primary
test_8395,clear primary agriculture bare_ground
test_8396,clear primary agriculture water
test_8397,partly_cloudy primary agriculture cultivation
test_8398,partly_cloudy primary
test_8399,partly_cloudy primary agriculture water habitation road
test_8400,clear primary agriculture cultivation
test_8401,partly_cloudy primary
test_8402,clear primary
test_8403,clear primary
test_8404,clear primary agriculture water cultivation
test_8405,clear primary
test_8406,clear primary water road
test_8407,clear partly_cloudy primary
test_8408,clear primary
test_8409,clear primary agriculture cultivation habitation
test_8410,clear primary water
test_8411,clear primary
test_8412,clear primary
test_8413,clear haze primary agriculture habitation road
test_8414,partly_cloudy primary
test_8415,clear primary water
test_8416,clear primary
test_8417,clear primary
test_8418,clear primary agriculture water habitation road bare_ground
test_8419,clear partly_cloudy primary agriculture water road
test_8420,clear primary agriculture cultivation
test_8421,clear primary
test_8422,partly_cloudy primary agriculture cultivation road
test_8423,clear primary
test_8424,partly_cloudy primary
test_8425,cloudy
test_8426,clear primary
test_8427,clear partly_cloudy primary agriculture cultivation
test_8428,clear primary agriculture cultivation
test_8429,clear primary
test_8430,clear primary
test_8431,partly_cloudy primary
test_8432,partly_cloudy primary
test_8433,partly_cloudy primary
test_8434,partly_cloudy primary
test_8435,clear primary agriculture
test_8436,partly_cloudy primary water road
test_8437,clear primary
test_8438,clear primary agriculture cultivation habitation
test_8439,clear primary agriculture road
test_8440,clear cloudy primary water
test_8441,clear primary
test_8442,partly_cloudy primary
test_8443,clear primary agriculture cultivation road
test_8444,partly_cloudy primary
test_8445,clear primary agriculture cultivation
test_8446,clear partly_cloudy primary
test_8447,clear primary agriculture road
test_8448,clear primary
test_8449,partly_cloudy primary
test_8450,clear primary agriculture road
test_8451,haze primary agriculture water road
test_8452,clear haze primary agriculture cultivation
test_8453,partly_cloudy primary
test_8454,haze partly_cloudy primary agriculture water
test_8455,clear primary agriculture road
test_8456,partly_cloudy primary agriculture cultivation
test_8457,partly_cloudy primary agriculture
test_8458,clear primary agriculture cultivation road
test_8459,clear primary
test_8460,clear partly_cloudy primary agriculture water cultivation
test_8461,clear primary
test_8462,clear primary agriculture habitation road
test_8463,clear cloudy water
test_8464,clear primary
test_8465,clear primary
test_8466,clear primary agriculture cultivation habitation
test_8467,clear primary
test_8468,clear primary
test_8469,clear primary
test_8470,clear primary agriculture habitation road
test_8471,partly_cloudy primary
test_8472,clear primary
test_8473,clear primary
test_8474,cloudy
test_8475,clear primary agriculture water cultivation habitation road
test_8476,clear primary water road
test_8477,clear primary agriculture
test_8478,clear primary
test_8479,clear primary
test_8480,clear primary
test_8481,clear primary water road
test_8482,clear primary
test_8483,clear primary agriculture road
test_8484,clear primary water habitation road conventional_mine artisinal_mine selective_logging
test_8485,clear cloudy water
test_8486,clear primary agriculture cultivation habitation road
test_8487,clear primary agriculture habitation road
test_8488,clear primary
test_8489,partly_cloudy primary
test_8490,clear partly_cloudy primary agriculture
test_8491,clear primary agriculture road
test_8492,clear primary
test_8493,clear primary
test_8494,clear primary agriculture water cultivation habitation road
test_8495,clear primary agriculture cultivation
test_8496,clear primary agriculture cultivation road
test_8497,partly_cloudy primary agriculture
test_8498,clear primary agriculture habitation road
test_8499,clear primary water road selective_logging
test_8500,partly_cloudy primary
test_8501,clear primary agriculture cultivation
test_8502,clear primary agriculture cultivation
test_8503,clear haze primary agriculture
test_8504,clear partly_cloudy primary water road
test_8505,clear primary
test_8506,clear primary
test_8507,clear primary
test_8508,clear primary
test_8509,clear primary
test_8510,clear partly_cloudy primary agriculture cultivation
test_8511,clear haze primary agriculture cultivation
test_8512,partly_cloudy primary agriculture habitation road
test_8513,haze primary agriculture water
test_8514,clear primary
test_8515,cloudy
test_8516,clear primary
test_8517,clear primary water
test_8518,cloudy
test_8519,cloudy
test_8520,clear primary agriculture cultivation
test_8521,clear primary habitation road
test_8522,clear primary agriculture
test_8523,clear cloudy water
test_8524,clear primary
test_8525,clear haze primary
test_8526,clear primary agriculture cultivation
test_8527,clear primary agriculture road
test_8528,partly_cloudy cloudy
test_8529,partly_cloudy primary agriculture water
test_8530,clear primary water
test_8531,clear primary agriculture water
test_8532,clear primary
test_8533,clear primary agriculture road
test_8534,cloudy
test_8535,clear primary
test_8536,clear primary
test_8537,clear primary
test_8538,haze cloudy
test_8539,clear primary water road
test_8540,partly_cloudy primary
test_8541,clear primary
test_8542,clear primary blooming
test_8543,clear primary agriculture cultivation habitation road
test_8544,cloudy
test_8545,partly_cloudy primary agriculture
test_8546,partly_cloudy primary
test_8547,clear partly_cloudy primary
test_8548,clear primary
test_8549,clear primary
test_8550,clear primary
test_8551,clear partly_cloudy primary agriculture cultivation
test_8552,clear primary agriculture habitation road
test_8553,clear primary
test_8554,clear primary agriculture road bare_ground
test_8555,partly_cloudy primary water
test_8556,partly_cloudy primary
test_8557,clear primary agriculture cultivation
test_8558,clear primary blooming
test_8559,clear primary
test_8560,cloudy
test_8561,clear primary agriculture water cultivation habitation road
test_8562,partly_cloudy primary
test_8563,clear primary agriculture water cultivation habitation road
test_8564,cloudy
test_8565,clear primary agriculture bare_ground
test_8566,haze primary
test_8567,clear primary water road
test_8568,clear primary
test_8569,clear primary
test_8570,clear primary
test_8571,clear primary
test_8572,clear primary agriculture water cultivation habitation road
test_8573,partly_cloudy primary
test_8574,clear primary agriculture water road
test_8575,clear primary
test_8576,clear primary
test_8577,clear primary agriculture habitation road
test_8578,partly_cloudy primary water
test_8579,clear primary
test_8580,clear partly_cloudy primary
test_8581,cloudy
test_8582,cloudy
test_8583,clear primary
test_8584,clear primary
test_8585,clear primary agriculture road
test_8586,clear primary
test_8587,clear primary
test_8588,clear primary
test_8589,clear primary agriculture cultivation
test_8590,clear primary water
test_8591,haze primary agriculture cultivation
test_8592,clear primary
test_8593,clear primary
test_8594,clear primary
test_8595,clear primary agriculture cultivation habitation road
test_8596,clear primary
test_8597,clear primary
test_8598,clear primary
test_8599,clear haze primary water
test_8600,clear primary
test_8601,partly_cloudy primary agriculture
test_8602,clear primary agriculture cultivation
test_8603,partly_cloudy primary agriculture cultivation
test_8604,clear primary agriculture cultivation
test_8605,clear primary
test_8606,clear primary
test_8607,clear primary agriculture road
test_8608,clear partly_cloudy primary
test_8609,haze primary agriculture water road
test_8610,partly_cloudy primary
test_8611,partly_cloudy primary
test_8612,partly_cloudy primary
test_8613,partly_cloudy primary agriculture road
test_8614,partly_cloudy primary
test_8615,clear primary water
test_8616,clear primary agriculture cultivation
test_8617,clear primary water
test_8618,clear primary
test_8619,haze primary
test_8620,clear primary agriculture water cultivation
test_8621,clear primary agriculture road
test_8622,partly_cloudy primary agriculture cultivation
test_8623,clear primary agriculture cultivation habitation road
test_8624,clear primary
test_8625,partly_cloudy primary
test_8626,clear primary agriculture cultivation habitation road
test_8627,clear primary
test_8628,partly_cloudy primary
test_8629,clear primary
test_8630,clear primary
test_8631,partly_cloudy primary agriculture water cultivation
test_8632,clear primary
test_8633,clear primary agriculture water road
test_8634,clear primary agriculture
test_8635,clear primary agriculture road
test_8636,clear primary agriculture cultivation road
test_8637,clear primary water
test_8638,clear primary
test_8639,partly_cloudy primary
test_8640,clear primary agriculture
test_8641,partly_cloudy primary agriculture
test_8642,clear primary agriculture cultivation habitation
test_8643,clear primary water
test_8644,haze cloudy primary
test_8645,clear primary
test_8646,clear primary
test_8647,clear primary
test_8648,partly_cloudy primary
test_8649,clear primary
test_8650,clear primary
test_8651,clear primary agriculture cultivation
test_8652,clear haze primary water
test_8653,clear primary
test_8654,clear primary water
test_8655,clear primary agriculture cultivation
test_8656,clear primary agriculture cultivation
test_8657,clear partly_cloudy primary agriculture water
test_8658,clear primary water
test_8659,clear primary water
test_8660,clear primary agriculture habitation road
test_8661,haze primary
test_8662,partly_cloudy primary agriculture water
test_8663,clear partly_cloudy primary
test_8664,clear primary agriculture cultivation
test_8665,clear primary
test_8666,clear primary agriculture water habitation road
test_8667,clear partly_cloudy primary agriculture
test_8668,clear primary
test_8669,clear primary agriculture cultivation habitation road
test_8670,clear primary
test_8671,clear primary
test_8672,haze cloudy primary
test_8673,clear primary
test_8674,clear primary agriculture water
test_8675,partly_cloudy primary agriculture water cultivation habitation road
test_8676,clear primary agriculture road
test_8677,clear primary water
test_8678,clear primary agriculture water cultivation
test_8679,cloudy
test_8680,partly_cloudy primary
test_8681,clear primary agriculture water cultivation road
test_8682,clear primary agriculture water
test_8683,clear primary
test_8684,clear haze primary agriculture road
test_8685,cloudy
test_8686,clear primary agriculture water habitation road
test_8687,clear primary agriculture habitation road
test_8688,clear partly_cloudy primary agriculture cultivation habitation road
test_8689,clear primary agriculture water cultivation
test_8690,clear primary agriculture road
test_8691,cloudy
test_8692,clear primary
test_8693,partly_cloudy primary agriculture water cultivation
test_8694,clear primary agriculture water cultivation road
test_8695,clear primary agriculture water road bare_ground
test_8696,haze cloudy primary agriculture water
test_8697,haze primary
test_8698,partly_cloudy primary agriculture water road
test_8699,clear primary
test_8700,clear primary
test_8701,partly_cloudy primary agriculture water cultivation road
test_8702,clear primary
test_8703,clear primary agriculture road
test_8704,clear primary
test_8705,cloudy
test_8706,haze cloudy
test_8707,clear primary
test_8708,clear primary
test_8709,clear partly_cloudy primary agriculture water cultivation habitation
test_8710,clear primary
test_8711,partly_cloudy primary
test_8712,cloudy water
test_8713,clear primary agriculture cultivation habitation road
test_8714,clear primary agriculture cultivation
test_8715,clear primary
test_8716,haze partly_cloudy cloudy primary
test_8717,clear primary
test_8718,clear primary
test_8719,clear primary
test_8720,clear primary agriculture habitation road bare_ground
test_8721,clear primary
test_8722,partly_cloudy primary water
test_8723,clear primary water
test_8724,partly_cloudy primary
test_8725,clear primary
test_8726,clear primary agriculture cultivation habitation
test_8727,clear primary
test_8728,clear primary
test_8729,partly_cloudy primary agriculture habitation road
test_8730,clear primary
test_8731,clear primary
test_8732,clear primary agriculture water cultivation
test_8733,clear primary
test_8734,clear partly_cloudy primary
test_8735,clear primary
test_8736,partly_cloudy primary
test_8737,clear partly_cloudy primary agriculture
test_8738,clear cloudy primary water
test_8739,partly_cloudy primary agriculture cultivation
test_8740,clear primary
test_8741,clear primary agriculture habitation road
test_8742,clear haze primary
test_8743,clear primary agriculture cultivation habitation road
test_8744,partly_cloudy cloudy primary
test_8745,clear primary
test_8746,cloudy
test_8747,partly_cloudy primary
test_8748,clear primary
test_8749,partly_cloudy primary
test_8750,clear primary water road
test_8751,clear primary habitation road
test_8752,partly_cloudy primary
test_8753,clear cloudy water
test_8754,partly_cloudy primary
test_8755,clear primary
test_8756,haze partly_cloudy cloudy primary agriculture water
test_8757,clear haze primary
test_8758,clear primary
test_8759,clear primary
test_8760,clear primary
test_8761,clear haze primary road
test_8762,clear primary agriculture water habitation road
test_8763,clear primary
test_8764,partly_cloudy primary
test_8765,clear haze primary
test_8766,clear partly_cloudy primary water
test_8767,clear primary
test_8768,partly_cloudy cloudy primary agriculture water
test_8769,clear primary water
test_8770,clear primary agriculture water cultivation
test_8771,clear primary agriculture water cultivation
test_8772,partly_cloudy primary agriculture road
test_8773,clear primary agriculture water road
test_8774,clear primary
test_8775,clear primary
test_8776,clear primary
test_8777,clear primary water road
test_8778,clear primary agriculture cultivation
test_8779,clear primary
test_8780,partly_cloudy cloudy primary
test_8781,partly_cloudy primary
test_8782,clear partly_cloudy primary
test_8783,haze cloudy primary
test_8784,clear primary agriculture habitation road
test_8785,partly_cloudy cloudy primary
test_8786,clear primary
test_8787,clear primary water
test_8788,clear primary
test_8789,clear primary
test_8790,cloudy
test_8791,clear primary
test_8792,partly_cloudy primary agriculture
test_8793,partly_cloudy primary agriculture
test_8794,clear primary water
test_8795,cloudy
test_8796,clear primary
test_8797,partly_cloudy cloudy primary water
test_8798,clear primary
test_8799,clear primary
test_8800,clear primary
test_8801,clear primary
test_8802,partly_cloudy primary
test_8803,clear primary agriculture cultivation
test_8804,haze cloudy
test_8805,clear primary
test_8806,partly_cloudy primary water
test_8807,clear primary
test_8808,clear primary
test_8809,clear primary
test_8810,clear primary
test_8811,clear primary blooming
test_8812,clear primary agriculture water cultivation habitation road
test_8813,clear primary water
test_8814,clear primary water road
test_8815,haze primary
test_8816,clear haze primary agriculture
test_8817,clear primary
test_8818,clear cloudy water
test_8819,clear partly_cloudy primary agriculture cultivation
test_8820,haze primary agriculture water road
test_8821,clear primary agriculture cultivation
test_8822,clear primary
test_8823,clear primary
test_8824,clear primary
test_8825,clear primary agriculture habitation road
test_8826,partly_cloudy primary agriculture road
test_8827,partly_cloudy primary
test_8828,clear primary
test_8829,partly_cloudy cloudy primary water road
test_8830,clear primary
test_8831,clear primary agriculture road
test_8832,clear primary agriculture bare_ground
test_8833,clear primary
test_8834,partly_cloudy cloudy primary water
test_8835,partly_cloudy primary agriculture water
test_8836,partly_cloudy primary agriculture water road
test_8837,clear primary
test_8838,clear primary
test_8839,clear primary
test_8840,clear primary agriculture road
test_8841,clear primary
test_8842,clear primary agriculture cultivation
test_8843,clear primary
test_8844,partly_cloudy primary agriculture water cultivation
test_8845,clear haze primary water road
test_8846,partly_cloudy primary
test_8847,clear primary agriculture habitation road
test_8848,clear partly_cloudy primary agriculture water road
test_8849,clear primary water
test_8850,clear primary
test_8851,partly_cloudy primary agriculture road
test_8852,partly_cloudy primary
test_8853,clear primary agriculture cultivation
test_8854,clear primary agriculture cultivation
test_8855,partly_cloudy primary
test_8856,partly_cloudy primary
test_8857,clear primary agriculture habitation road
test_8858,clear primary agriculture
test_8859,partly_cloudy primary
test_8860,partly_cloudy primary
test_8861,clear primary water road
test_8862,clear primary
test_8863,clear partly_cloudy primary agriculture cultivation
test_8864,clear primary
test_8865,clear primary
test_8866,clear primary agriculture road
test_8867,clear agriculture water road bare_ground
test_8868,clear primary
test_8869,clear primary agriculture cultivation road
test_8870,clear primary agriculture water habitation road
test_8871,haze primary agriculture cultivation road
test_8872,clear primary agriculture water road
test_8873,clear primary
test_8874,clear primary agriculture cultivation
test_8875,cloudy
test_8876,clear primary
test_8877,clear primary
test_8878,clear primary agriculture cultivation
test_8879,clear primary
test_8880,clear partly_cloudy primary agriculture cultivation
test_8881,haze primary
test_8882,partly_cloudy primary agriculture cultivation
test_8883,partly_cloudy primary agriculture road
test_8884,clear haze primary
test_8885,clear primary agriculture water habitation road
test_8886,clear primary
test_8887,clear primary
test_8888,clear primary
test_8889,clear primary
test_8890,haze primary
test_8891,partly_cloudy primary agriculture water road conventional_mine
test_8892,clear primary agriculture water
test_8893,clear partly_cloudy primary agriculture cultivation
test_8894,clear primary agriculture water cultivation
test_8895,clear primary
test_8896,clear primary agriculture cultivation
test_8897,cloudy
test_8898,clear primary
test_8899,partly_cloudy primary agriculture road
test_8900,clear primary agriculture water cultivation road
test_8901,clear partly_cloudy primary agriculture road
test_8902,partly_cloudy primary agriculture cultivation
test_8903,clear cloudy agriculture bare_ground
test_8904,clear haze primary agriculture water cultivation habitation
test_8905,clear primary agriculture
test_8906,clear primary agriculture
test_8907,clear primary agriculture
test_8908,clear primary agriculture road
test_8909,cloudy
test_8910,clear primary agriculture road
test_8911,clear primary agriculture cultivation
test_8912,clear primary agriculture cultivation
test_8913,clear primary agriculture cultivation
test_8914,partly_cloudy primary
test_8915,partly_cloudy primary agriculture
test_8916,clear primary agriculture road
test_8917,clear primary
test_8918,clear primary
test_8919,clear primary
test_8920,haze cloudy primary
test_8921,clear primary agriculture road
test_8922,clear primary
test_8923,clear primary
test_8924,clear primary agriculture habitation road
test_8925,clear haze primary agriculture cultivation
test_8926,partly_cloudy primary agriculture water road
test_8927,clear primary
test_8928,clear primary
test_8929,haze primary agriculture water road
test_8930,clear primary agriculture cultivation
test_8931,cloudy
test_8932,clear primary water road
test_8933,partly_cloudy primary
test_8934,clear primary
test_8935,clear primary
test_8936,clear haze primary agriculture road
test_8937,partly_cloudy primary agriculture cultivation road
test_8938,clear primary agriculture water road
test_8939,clear primary agriculture cultivation
test_8940,clear primary
test_8941,clear primary agriculture cultivation
test_8942,partly_cloudy cloudy primary agriculture
test_8943,clear primary blooming
test_8944,clear primary agriculture cultivation
test_8945,clear primary
test_8946,cloudy
test_8947,clear primary water
test_8948,clear primary agriculture water habitation road
test_8949,clear primary
test_8950,clear primary
test_8951,clear primary
test_8952,clear primary water road
test_8953,clear primary agriculture water habitation road
test_8954,clear haze primary agriculture road
test_8955,clear primary
test_8956,clear primary agriculture cultivation habitation
test_8957,clear primary agriculture water habitation road bare_ground
test_8958,clear primary agriculture water
test_8959,partly_cloudy primary agriculture cultivation
test_8960,clear primary agriculture cultivation
test_8961,clear primary
test_8962,clear primary
test_8963,clear primary blooming
test_8964,clear primary agriculture water habitation road
test_8965,clear primary habitation road
test_8966,clear primary
test_8967,clear primary
test_8968,clear primary agriculture
test_8969,clear primary
test_8970,clear primary
test_8971,partly_cloudy primary agriculture
test_8972,clear primary
test_8973,clear primary agriculture
test_8974,clear primary agriculture cultivation
test_8975,haze primary
test_8976,clear cloudy agriculture water bare_ground
test_8977,partly_cloudy primary
test_8978,clear primary agriculture cultivation
test_8979,clear primary
test_8980,clear primary
test_8981,partly_cloudy primary
test_8982,clear primary agriculture road
test_8983,clear primary agriculture water cultivation
test_8984,haze cloudy primary
test_8985,clear primary agriculture cultivation
test_8986,clear primary agriculture water
test_8987,haze primary agriculture cultivation
test_8988,clear primary
test_8989,haze primary
test_8990,clear primary agriculture water road bare_ground
test_8991,haze primary
test_8992,clear primary water habitation
test_8993,clear primary agriculture water road
test_8994,clear primary agriculture road
test_8995,partly_cloudy primary agriculture road
test_8996,clear primary water road artisinal_mine selective_logging
test_8997,clear primary
test_8998,clear primary
test_8999,clear primary
test_9000,haze primary
test_9001,clear primary agriculture water habitation road
test_9002,clear haze primary
test_9003,partly_cloudy primary
test_9004,haze primary
test_9005,clear primary
test_9006,clear primary agriculture cultivation
test_9007,clear primary
test_9008,clear primary habitation road
test_9009,clear primary water
test_9010,clear primary
test_9011,clear primary
test_9012,clear primary
test_9013,cloudy
test_9014,partly_cloudy cloudy primary
test_9015,cloudy
test_9016,clear primary agriculture habitation road
test_9017,partly_cloudy primary
test_9018,clear primary
test_9019,clear primary agriculture road
test_9020,clear primary
test_9021,cloudy
test_9022,partly_cloudy primary
test_9023,clear primary agriculture water cultivation
test_9024,clear primary agriculture water cultivation
test_9025,partly_cloudy primary
test_9026,partly_cloudy primary agriculture cultivation
test_9027,clear primary agriculture habitation road
test_9028,clear primary water
test_9029,clear partly_cloudy primary
test_9030,clear primary
test_9031,clear primary
test_9032,partly_cloudy primary agriculture cultivation
test_9033,haze primary agriculture water road
test_9034,clear haze primary agriculture
test_9035,clear primary
test_9036,cloudy
test_9037,clear primary
test_9038,clear primary water
test_9039,haze cloudy primary
test_9040,clear primary
test_9041,clear primary
test_9042,clear primary
test_9043,clear primary
test_9044,clear primary water road
test_9045,clear primary
test_9046,clear primary water
test_9047,partly_cloudy primary agriculture water cultivation road
test_9048,clear primary agriculture cultivation habitation
test_9049,clear primary agriculture cultivation
test_9050,clear primary agriculture habitation road
test_9051,clear primary agriculture road
test_9052,haze cloudy primary water
test_9053,clear primary water
test_9054,clear primary
test_9055,clear primary agriculture cultivation
test_9056,cloudy
test_9057,clear primary water road selective_logging
test_9058,clear primary agriculture cultivation
test_9059,clear partly_cloudy primary agriculture water
test_9060,clear primary
test_9061,clear primary
test_9062,haze cloudy
test_9063,clear primary
test_9064,clear primary agriculture water
test_9065,clear partly_cloudy primary agriculture cultivation
test_9066,clear partly_cloudy primary agriculture cultivation road
test_9067,clear primary
test_9068,clear primary
test_9069,clear primary
test_9070,clear primary water artisinal_mine
test_9071,clear haze primary agriculture cultivation
test_9072,clear primary
test_9073,clear primary
test_9074,partly_cloudy primary agriculture cultivation
test_9075,clear primary agriculture cultivation
test_9076,clear primary agriculture habitation road bare_ground
test_9077,clear primary
test_9078,partly_cloudy primary
test_9079,clear primary agriculture cultivation
test_9080,clear primary agriculture road
test_9081,clear primary
test_9082,haze primary
test_9083,clear primary
test_9084,clear primary water
test_9085,clear partly_cloudy primary agriculture cultivation
test_9086,clear primary cultivation
test_9087,clear primary agriculture water cultivation road
test_9088,partly_cloudy primary agriculture water
test_9089,haze cloudy
test_9090,clear primary
test_9091,clear primary
test_9092,clear primary agriculture road
test_9093,clear primary
test_9094,clear primary
test_9095,clear primary water
test_9096,clear primary
test_9097,partly_cloudy primary
test_9098,clear primary agriculture cultivation road
test_9099,clear primary
test_9100,haze cloudy
test_9101,cloudy
test_9102,clear primary water
test_9103,clear primary water
test_9104,partly_cloudy primary
test_9105,clear primary agriculture road
test_9106,clear primary agriculture cultivation habitation road
test_9107,clear primary agriculture cultivation
test_9108,clear primary agriculture water cultivation habitation road
test_9109,partly_cloudy primary agriculture
test_9110,clear primary agriculture cultivation
test_9111,clear primary
test_9112,clear primary agriculture road conventional_mine bare_ground
test_9113,clear primary
test_9114,partly_cloudy primary agriculture road
test_9115,clear primary
test_9116,haze partly_cloudy primary agriculture water
test_9117,clear primary agriculture cultivation
test_9118,clear primary agriculture cultivation
test_9119,clear primary
test_9120,clear primary agriculture
test_9121,partly_cloudy primary
test_9122,partly_cloudy primary
test_9123,clear primary
test_9124,clear cloudy
test_9125,partly_cloudy primary
test_9126,partly_cloudy primary
test_9127,clear primary water
test_9128,clear primary agriculture road
test_9129,clear primary agriculture water road
test_9130,clear primary
test_9131,clear primary
test_9132,haze cloudy
test_9133,clear primary
test_9134,partly_cloudy primary agriculture water
test_9135,clear primary agriculture
test_9136,clear primary
test_9137,clear primary agriculture cultivation
test_9138,clear primary
test_9139,clear primary agriculture cultivation habitation road
test_9140,partly_cloudy primary
test_9141,clear primary agriculture water
test_9142,clear primary
test_9143,clear primary
test_9144,clear primary
test_9145,clear primary agriculture cultivation
test_9146,clear primary
test_9147,partly_cloudy primary agriculture road
test_9148,clear primary water road conventional_mine bare_ground artisinal_mine
test_9149,clear primary
test_9150,partly_cloudy primary water
test_9151,clear primary agriculture habitation road
test_9152,clear primary blooming
test_9153,clear primary water
test_9154,partly_cloudy primary agriculture
test_9155,clear primary agriculture water bare_ground
test_9156,clear primary agriculture cultivation habitation road
test_9157,clear primary agriculture habitation road
test_9158,clear primary
test_9159,clear haze primary agriculture water
test_9160,clear primary agriculture habitation road
test_9161,clear primary
test_9162,clear haze primary
test_9163,partly_cloudy primary agriculture cultivation
test_9164,clear primary agriculture water cultivation
test_9165,haze primary
test_9166,clear primary agriculture water
test_9167,haze cloudy primary
test_9168,clear primary
test_9169,clear primary agriculture road
test_9170,clear primary water
test_9171,clear partly_cloudy primary
test_9172,clear primary agriculture habitation road
test_9173,clear primary agriculture cultivation habitation road
test_9174,clear partly_cloudy primary agriculture water road
test_9175,clear primary agriculture cultivation habitation road
test_9176,haze primary
test_9177,clear primary
test_9178,clear primary
test_9179,cloudy
test_9180,clear primary blooming selective_logging
test_9181,clear primary agriculture cultivation
test_9182,clear primary
test_9183,clear primary
test_9184,clear primary agriculture water habitation road
test_9185,clear primary agriculture cultivation habitation road
test_9186,cloudy
test_9187,clear primary water
test_9188,haze cloudy primary
test_9189,haze cloudy primary
test_9190,clear primary agriculture cultivation habitation road
test_9191,clear primary
test_9192,clear primary
test_9193,partly_cloudy primary
test_9194,clear primary agriculture cultivation
test_9195,clear primary
test_9196,clear primary
test_9197,partly_cloudy primary
test_9198,clear primary
test_9199,partly_cloudy primary agriculture habitation road
test_9200,clear primary
test_9201,partly_cloudy primary agriculture road
test_9202,partly_cloudy primary
test_9203,partly_cloudy primary agriculture cultivation
test_9204,clear primary
test_9205,clear partly_cloudy primary agriculture
test_9206,clear primary agriculture habitation road bare_ground
test_9207,partly_cloudy primary agriculture water
test_9208,clear primary agriculture cultivation habitation road
test_9209,clear primary agriculture habitation road
test_9210,clear primary
test_9211,clear primary
test_9212,clear primary
test_9213,clear haze primary
test_9214,clear primary agriculture cultivation
test_9215,clear primary
test_9216,clear primary agriculture water cultivation habitation
test_9217,clear haze primary water
test_9218,partly_cloudy primary agriculture cultivation habitation road
test_9219,haze cloudy primary
test_9220,partly_cloudy primary agriculture cultivation
test_9221,clear primary agriculture water cultivation
test_9222,clear primary agriculture cultivation
test_9223,partly_cloudy primary
test_9224,clear primary
test_9225,clear primary agriculture water
test_9226,clear cloudy water
test_9227,partly_cloudy primary agriculture cultivation road
test_9228,clear primary agriculture cultivation
test_9229,clear primary agriculture road
test_9230,clear primary
test_9231,clear primary agriculture cultivation road
test_9232,clear partly_cloudy primary agriculture cultivation
test_9233,clear primary water
test_9234,cloudy
test_9235,clear primary agriculture water road
test_9236,clear primary agriculture cultivation
test_9237,clear primary
test_9238,partly_cloudy primary
test_9239,clear primary agriculture bare_ground
test_9240,clear primary agriculture
test_9241,clear primary
test_9242,clear primary
test_9243,clear primary
test_9244,clear primary agriculture cultivation
test_9245,clear primary
test_9246,partly_cloudy primary agriculture cultivation road
test_9247,clear primary
test_9248,haze cloudy
test_9249,haze cloudy primary
test_9250,partly_cloudy primary
test_9251,partly_cloudy primary agriculture water
test_9252,clear primary agriculture habitation road
test_9253,clear partly_cloudy primary
test_9254,partly_cloudy primary agriculture cultivation
test_9255,partly_cloudy primary
test_9256,clear primary agriculture cultivation habitation road
test_9257,clear primary water habitation
test_9258,clear primary
test_9259,clear primary
test_9260,clear primary
test_9261,clear haze primary
test_9262,cloudy
test_9263,clear cloudy water
test_9264,partly_cloudy primary water
test_9265,clear primary water road
test_9266,clear primary
test_9267,partly_cloudy primary
test_9268,clear primary
test_9269,partly_cloudy primary agriculture road
test_9270,clear cloudy water
test_9271,clear primary agriculture water cultivation
test_9272,clear partly_cloudy primary agriculture road
test_9273,clear primary
test_9274,clear primary
test_9275,clear primary
test_9276,clear primary agriculture road
test_9277,partly_cloudy primary
test_9278,partly_cloudy primary agriculture cultivation
test_9279,clear primary
test_9280,haze cloudy primary
test_9281,partly_cloudy primary
test_9282,clear partly_cloudy primary agriculture water cultivation habitation road
test_9283,clear primary
test_9284,partly_cloudy primary agriculture road
test_9285,clear primary
test_9286,partly_cloudy cloudy primary agriculture
test_9287,clear primary agriculture water habitation road
test_9288,clear primary agriculture habitation road
test_9289,cloudy
test_9290,clear primary
test_9291,partly_cloudy cloudy
test_9292,partly_cloudy primary
test_9293,partly_cloudy primary
test_9294,clear primary
test_9295,haze cloudy
test_9296,clear primary
test_9297,clear primary
test_9298,partly_cloudy primary agriculture cultivation
test_9299,clear primary
test_9300,clear primary
test_9301,partly_cloudy primary
test_9302,clear primary
test_9303,clear primary
test_9304,clear primary
test_9305,clear primary
test_9306,clear primary agriculture cultivation habitation road
test_9307,clear haze primary agriculture water road
test_9308,clear primary
test_9309,clear primary agriculture habitation road
test_9310,partly_cloudy primary
test_9311,clear haze primary water road
test_9312,partly_cloudy primary agriculture water
test_9313,cloudy
test_9314,clear primary agriculture cultivation road
test_9315,cloudy
test_9316,clear primary agriculture habitation road
test_9317,clear primary agriculture cultivation
test_9318,clear primary
test_9319,clear primary
test_9320,partly_cloudy cloudy primary agriculture water
test_9321,clear primary agriculture cultivation
test_9322,clear primary
test_9323,clear primary
test_9324,partly_cloudy primary agriculture
test_9325,clear primary cultivation
test_9326,clear primary water road selective_logging
test_9327,haze primary
test_9328,haze primary
test_9329,clear primary water
test_9330,clear primary
test_9331,clear primary agriculture road
test_9332,clear primary agriculture cultivation
test_9333,clear primary
test_9334,partly_cloudy primary
test_9335,clear primary agriculture cultivation habitation road
test_9336,clear primary
test_9337,partly_cloudy primary agriculture cultivation road
test_9338,clear primary agriculture cultivation road
test_9339,partly_cloudy primary
test_9340,clear primary
test_9341,clear primary
test_9342,clear primary
test_9343,partly_cloudy primary
test_9344,clear primary agriculture cultivation habitation road
test_9345,clear primary agriculture cultivation road
test_9346,clear primary agriculture cultivation
test_9347,clear primary
test_9348,clear primary
test_9349,clear primary
test_9350,partly_cloudy primary
test_9351,partly_cloudy cloudy primary
test_9352,partly_cloudy primary agriculture water cultivation
test_9353,clear primary agriculture habitation road
test_9354,clear primary water
test_9355,clear primary agriculture water habitation road
test_9356,haze primary
test_9357,clear primary
test_9358,clear primary water road
test_9359,clear primary
test_9360,clear primary
test_9361,clear primary agriculture cultivation
test_9362,clear partly_cloudy primary agriculture water cultivation
test_9363,cloudy
test_9364,clear primary
test_9365,clear partly_cloudy primary
test_9366,clear haze primary agriculture cultivation
test_9367,cloudy
test_9368,clear primary
test_9369,clear primary
test_9370,partly_cloudy primary water
test_9371,clear primary
test_9372,clear primary
test_9373,clear primary agriculture road
test_9374,clear primary agriculture habitation road
test_9375,clear primary agriculture cultivation
test_9376,clear primary water
test_9377,clear primary road selective_logging
test_9378,clear primary agriculture road
test_9379,clear primary
test_9380,clear primary
test_9381,clear primary
test_9382,cloudy
test_9383,clear primary agriculture water road
test_9384,partly_cloudy primary agriculture cultivation
test_9385,partly_cloudy primary
test_9386,clear primary agriculture habitation road
test_9387,clear primary agriculture cultivation habitation
test_9388,clear primary agriculture cultivation
test_9389,clear primary
test_9390,clear primary agriculture water habitation road
test_9391,clear primary agriculture cultivation
test_9392,clear primary
test_9393,clear primary
test_9394,clear primary
test_9395,clear primary
test_9396,clear primary agriculture water bare_ground
test_9397,partly_cloudy primary agriculture cultivation habitation road
test_9398,clear primary
test_9399,clear primary agriculture cultivation
test_9400,clear primary
test_9401,clear primary agriculture road
test_9402,clear primary agriculture water
test_9403,clear primary agriculture cultivation road
test_9404,clear primary
test_9405,clear primary agriculture water cultivation
test_9406,partly_cloudy primary
test_9407,partly_cloudy primary agriculture cultivation
test_9408,partly_cloudy primary agriculture habitation road
test_9409,partly_cloudy cloudy primary
test_9410,partly_cloudy primary agriculture road
test_9411,clear primary agriculture water cultivation
test_9412,clear primary agriculture habitation road
test_9413,clear primary
test_9414,partly_cloudy primary agriculture water road
test_9415,clear primary agriculture cultivation habitation road
test_9416,partly_cloudy primary agriculture road
test_9417,partly_cloudy cloudy primary
test_9418,partly_cloudy cloudy primary water
test_9419,clear primary agriculture habitation road
test_9420,clear primary
test_9421,clear primary
test_9422,clear primary
test_9423,clear primary
test_9424,clear primary
test_9425,clear primary
test_9426,clear primary water
test_9427,clear primary
test_9428,clear primary agriculture cultivation habitation road
test_9429,partly_cloudy primary agriculture road
test_9430,clear primary habitation road
test_9431,clear primary agriculture habitation road
test_9432,clear partly_cloudy primary agriculture cultivation
test_9433,clear primary
test_9434,haze primary agriculture water road
test_9435,clear primary agriculture cultivation road
test_9436,partly_cloudy primary
test_9437,clear primary agriculture
test_9438,partly_cloudy primary agriculture road
test_9439,partly_cloudy primary
test_9440,clear primary
test_9441,clear primary
test_9442,partly_cloudy cloudy primary
test_9443,partly_cloudy primary agriculture water road
test_9444,clear partly_cloudy primary
test_9445,partly_cloudy primary agriculture water road
test_9446,cloudy
test_9447,clear primary
test_9448,clear haze primary agriculture road
test_9449,haze primary
test_9450,clear primary agriculture water cultivation habitation road
test_9451,clear primary
test_9452,partly_cloudy primary agriculture water road
test_9453,clear primary
test_9454,clear primary
test_9455,clear primary agriculture habitation road
test_9456,clear primary
test_9457,clear primary
test_9458,clear primary agriculture water cultivation
test_9459,clear primary agriculture cultivation habitation
test_9460,cloudy
test_9461,clear primary agriculture cultivation
test_9462,cloudy
test_9463,clear primary agriculture water cultivation habitation road
test_9464,cloudy
test_9465,clear partly_cloudy primary agriculture cultivation
test_9466,cloudy
test_9467,clear primary agriculture cultivation
test_9468,clear primary agriculture road
test_9469,clear primary
test_9470,clear primary
test_9471,clear primary water artisinal_mine
test_9472,clear primary
test_9473,clear primary
test_9474,clear primary
test_9475,clear primary
test_9476,clear primary agriculture cultivation road
test_9477,clear primary agriculture water cultivation
test_9478,clear primary
test_9479,clear primary
test_9480,clear primary
test_9481,partly_cloudy primary
test_9482,haze primary
test_9483,clear primary
test_9484,partly_cloudy primary agriculture road
test_9485,clear primary agriculture cultivation
test_9486,clear primary water road
test_9487,clear primary
test_9488,partly_cloudy primary agriculture water cultivation
test_9489,clear primary
test_9490,partly_cloudy primary
test_9491,clear primary
test_9492,partly_cloudy primary
test_9493,clear primary agriculture bare_ground
test_9494,clear primary
test_9495,partly_cloudy primary agriculture water cultivation
test_9496,clear cloudy water
test_9497,clear primary
test_9498,clear primary
test_9499,clear primary agriculture habitation road
test_9500,clear primary agriculture water
test_9501,clear primary water
test_9502,clear primary
test_9503,clear partly_cloudy primary agriculture habitation road
test_9504,partly_cloudy primary
test_9505,clear primary
test_9506,partly_cloudy primary agriculture habitation road
test_9507,clear primary
test_9508,clear primary
test_9509,clear primary agriculture cultivation
test_9510,clear haze primary agriculture cultivation
test_9511,clear primary water
test_9512,clear primary
test_9513,partly_cloudy primary agriculture water
test_9514,clear partly_cloudy primary
test_9515,partly_cloudy primary
test_9516,clear primary
test_9517,clear cloudy water
test_9518,partly_cloudy primary
test_9519,clear primary agriculture road
test_9520,partly_cloudy primary agriculture road
test_9521,clear primary
test_9522,clear primary
test_9523,cloudy
test_9524,partly_cloudy primary
test_9525,clear primary agriculture cultivation habitation road
test_9526,clear primary agriculture cultivation
test_9527,clear haze primary agriculture
test_9528,clear haze primary
test_9529,clear primary agriculture road
test_9530,clear primary water
test_9531,clear primary water road
test_9532,clear primary
test_9533,clear primary agriculture bare_ground
test_9534,cloudy
test_9535,haze primary agriculture water road
test_9536,partly_cloudy cloudy primary
test_9537,clear primary water
test_9538,clear primary
test_9539,clear primary agriculture water cultivation
test_9540,clear primary
test_9541,clear primary agriculture cultivation road
test_9542,cloudy
test_9543,clear primary
test_9544,partly_cloudy primary
test_9545,clear primary
test_9546,clear primary
test_9547,clear primary agriculture water habitation road
test_9548,clear primary
test_9549,clear primary agriculture cultivation
test_9550,partly_cloudy primary
test_9551,partly_cloudy primary agriculture cultivation
test_9552,clear primary
test_9553,clear primary agriculture water cultivation
test_9554,clear primary
test_9555,clear primary
test_9556,clear primary agriculture road
test_9557,clear primary water road
test_9558,haze primary
test_9559,clear primary agriculture cultivation
test_9560,clear primary agriculture habitation road
test_9561,clear primary
test_9562,clear primary agriculture cultivation
test_9563,clear primary water
test_9564,partly_cloudy primary
test_9565,clear primary agriculture cultivation
test_9566,clear primary
test_9567,clear primary agriculture water habitation
test_9568,clear primary water
test_9569,clear primary
test_9570,clear primary water road
test_9571,clear primary cultivation habitation
test_9572,clear primary blooming
test_9573,haze cloudy
test_9574,clear primary
test_9575,clear primary agriculture cultivation
test_9576,clear cloudy primary water
test_9577,clear primary
test_9578,haze cloudy
test_9579,clear primary water
test_9580,clear primary agriculture cultivation habitation road
test_9581,clear primary water
test_9582,clear primary agriculture cultivation habitation road
test_9583,partly_cloudy primary
test_9584,clear primary
test_9585,clear primary
test_9586,partly_cloudy primary
test_9587,clear cloudy primary water
test_9588,haze primary water
test_9589,partly_cloudy cloudy primary
test_9590,clear primary water
test_9591,clear primary agriculture
test_9592,partly_cloudy primary agriculture road
test_9593,partly_cloudy primary
test_9594,haze primary water
test_9595,clear partly_cloudy primary agriculture cultivation
test_9596,clear primary
test_9597,clear primary
test_9598,clear primary agriculture water road
test_9599,clear primary
test_9600,clear primary agriculture cultivation
test_9601,partly_cloudy primary
test_9602,partly_cloudy primary agriculture water road
test_9603,clear primary
test_9604,clear primary blooming selective_logging
test_9605,clear primary
test_9606,clear primary
test_9607,clear partly_cloudy primary
test_9608,partly_cloudy primary agriculture road
test_9609,clear primary agriculture cultivation habitation road
test_9610,clear primary agriculture cultivation
test_9611,clear primary water road
test_9612,cloudy
test_9613,clear primary agriculture cultivation
test_9614,clear primary agriculture water
test_9615,clear primary agriculture road
test_9616,partly_cloudy primary agriculture road
test_9617,clear primary agriculture water cultivation
test_9618,clear primary
test_9619,partly_cloudy primary
test_9620,clear primary
test_9621,clear primary
test_9622,clear haze primary
test_9623,partly_cloudy primary
test_9624,partly_cloudy primary
test_9625,clear primary
test_9626,partly_cloudy primary water
test_9627,clear primary
test_9628,clear primary
test_9629,clear primary agriculture cultivation habitation road
test_9630,partly_cloudy primary agriculture road
test_9631,clear haze primary agriculture habitation road
test_9632,clear primary
test_9633,clear primary agriculture water habitation road
test_9634,clear primary
test_9635,clear primary agriculture water cultivation habitation
test_9636,clear primary
test_9637,clear primary water
test_9638,partly_cloudy primary
test_9639,clear primary agriculture water cultivation
test_9640,partly_cloudy primary
test_9641,clear primary blooming
test_9642,clear primary
test_9643,clear primary agriculture cultivation
test_9644,clear primary
test_9645,clear primary
test_9646,partly_cloudy primary
test_9647,clear primary
test_9648,clear primary
test_9649,clear primary agriculture cultivation
test_9650,clear primary agriculture water
test_9651,partly_cloudy cloudy
test_9652,cloudy
test_9653,clear primary agriculture habitation road
test_9654,clear primary agriculture habitation road bare_ground
test_9655,partly_cloudy primary agriculture
test_9656,clear primary agriculture cultivation
test_9657,haze primary
test_9658,haze primary
test_9659,clear primary agriculture road
test_9660,clear primary
test_9661,clear primary water road
test_9662,clear primary
test_9663,clear haze primary
test_9664,clear primary
test_9665,clear primary agriculture cultivation road
test_9666,clear primary water road
test_9667,clear primary
test_9668,clear primary
test_9669,haze primary
test_9670,partly_cloudy primary water
test_9671,clear primary agriculture cultivation road
test_9672,partly_cloudy primary agriculture cultivation habitation
test_9673,clear primary agriculture habitation road
test_9674,clear primary
test_9675,clear primary agriculture water cultivation road
test_9676,clear primary water
test_9677,clear primary
test_9678,clear haze primary water
test_9679,clear primary agriculture road
test_9680,clear primary agriculture water road bare_ground
test_9681,clear primary water habitation
test_9682,clear primary water road
test_9683,clear primary water road artisinal_mine selective_logging
test_9684,clear primary agriculture habitation road
test_9685,partly_cloudy primary
test_9686,cloudy
test_9687,clear primary
test_9688,clear primary
test_9689,partly_cloudy primary
test_9690,partly_cloudy primary agriculture habitation road
test_9691,clear cloudy primary water
test_9692,clear haze primary agriculture cultivation habitation
test_9693,clear partly_cloudy primary agriculture cultivation
test_9694,clear primary road selective_logging
test_9695,clear primary agriculture cultivation habitation road
test_9696,partly_cloudy primary
test_9697,clear primary
test_9698,clear primary agriculture water cultivation habitation
test_9699,clear primary
test_9700,clear primary agriculture water road
test_9701,haze partly_cloudy primary agriculture water road
test_9702,clear primary
test_9703,clear primary
test_9704,clear primary
test_9705,clear primary agriculture water cultivation
test_9706,clear primary
test_9707,haze primary
test_9708,clear primary water bare_ground artisinal_mine
test_9709,clear primary agriculture water cultivation road
test_9710,clear primary agriculture cultivation
test_9711,clear primary
test_9712,clear primary
test_9713,clear primary
test_9714,clear primary agriculture water
test_9715,clear primary
test_9716,partly_cloudy primary agriculture
test_9717,clear primary water road
test_9718,partly_cloudy primary agriculture cultivation
test_9719,clear primary
test_9720,clear primary agriculture water road
test_9721,partly_cloudy primary agriculture cultivation
test_9722,partly_cloudy primary
test_9723,haze primary
test_9724,partly_cloudy primary agriculture water habitation road conventional_mine
test_9725,clear primary agriculture water road
test_9726,clear primary agriculture habitation road
test_9727,clear partly_cloudy primary agriculture water habitation road
test_9728,clear primary
test_9729,clear primary agriculture water cultivation
test_9730,clear primary
test_9731,clear primary agriculture cultivation
test_9732,clear primary agriculture cultivation
test_9733,clear primary
test_9734,clear primary agriculture cultivation habitation
test_9735,clear primary agriculture cultivation
test_9736,cloudy
test_9737,haze cloudy primary
test_9738,clear primary agriculture water
test_9739,clear primary
test_9740,partly_cloudy primary agriculture water road
test_9741,clear primary
test_9742,clear primary agriculture water road
test_9743,clear primary agriculture road
test_9744,clear primary
test_9745,clear primary road
test_9746,partly_cloudy primary
test_9747,haze primary
test_9748,clear primary agriculture cultivation habitation road
test_9749,haze primary
test_9750,clear partly_cloudy primary agriculture
test_9751,clear primary
test_9752,clear primary
test_9753,clear partly_cloudy primary
test_9754,partly_cloudy primary agriculture cultivation habitation
test_9755,clear partly_cloudy primary water
test_9756,clear primary
test_9757,partly_cloudy primary
test_9758,partly_cloudy primary agriculture cultivation habitation
test_9759,clear primary
test_9760,partly_cloudy primary agriculture road
test_9761,clear primary water
test_9762,clear primary blooming selective_logging
test_9763,clear primary
test_9764,clear primary
test_9765,clear primary agriculture cultivation road
test_9766,partly_cloudy primary agriculture water
test_9767,partly_cloudy primary
test_9768,clear primary water
test_9769,clear partly_cloudy primary agriculture road
test_9770,cloudy
test_9771,clear primary
test_9772,cloudy
test_9773,partly_cloudy primary agriculture water road
test_9774,clear primary
test_9775,partly_cloudy primary water
test_9776,clear primary agriculture habitation road
test_9777,clear partly_cloudy primary
test_9778,haze primary
test_9779,haze cloudy primary
test_9780,clear primary agriculture habitation road
test_9781,clear primary
test_9782,clear primary agriculture habitation road
test_9783,haze cloudy primary
test_9784,clear partly_cloudy primary
test_9785,clear primary agriculture habitation road
test_9786,clear primary agriculture cultivation road
test_9787,clear primary
test_9788,clear primary
test_9789,partly_cloudy primary agriculture cultivation
test_9790,partly_cloudy cloudy primary
test_9791,partly_cloudy primary water
test_9792,haze cloudy
test_9793,partly_cloudy cloudy primary agriculture
test_9794,clear primary water bare_ground artisinal_mine
test_9795,clear primary agriculture road
test_9796,clear primary agriculture cultivation habitation
test_9797,partly_cloudy primary agriculture cultivation
test_9798,clear primary
test_9799,clear primary
test_9800,clear primary water
test_9801,clear partly_cloudy primary agriculture water cultivation
test_9802,clear haze partly_cloudy primary agriculture water road
test_9803,clear primary agriculture cultivation habitation
test_9804,clear primary
test_9805,clear primary agriculture road
test_9806,partly_cloudy primary
test_9807,clear primary
test_9808,clear primary water road
test_9809,clear primary
test_9810,clear primary agriculture water
test_9811,clear primary
test_9812,clear primary agriculture
test_9813,clear partly_cloudy primary agriculture
test_9814,clear primary
test_9815,clear primary
test_9816,haze cloudy primary
test_9817,clear primary agriculture
test_9818,clear haze partly_cloudy primary water
test_9819,clear primary
test_9820,clear primary agriculture cultivation
test_9821,partly_cloudy primary
test_9822,clear primary agriculture cultivation
test_9823,clear primary water road bare_ground artisinal_mine
test_9824,partly_cloudy primary agriculture water cultivation
test_9825,clear primary
test_9826,partly_cloudy primary
test_9827,haze primary agriculture water road
test_9828,clear primary agriculture cultivation road
test_9829,clear primary agriculture road
test_9830,clear primary
test_9831,clear primary
test_9832,clear primary water road
test_9833,partly_cloudy primary
test_9834,clear primary agriculture cultivation road
test_9835,clear primary agriculture water cultivation
test_9836,haze cloudy primary
test_9837,clear primary
test_9838,clear primary
test_9839,partly_cloudy primary
test_9840,clear primary agriculture road
test_9841,partly_cloudy primary
test_9842,clear primary
test_9843,cloudy
test_9844,clear primary
test_9845,clear primary agriculture
test_9846,clear primary agriculture water cultivation
test_9847,haze primary
test_9848,clear primary
test_9849,haze cloudy primary water
test_9850,clear primary
test_9851,clear primary water road
test_9852,clear primary agriculture water cultivation habitation road
test_9853,clear primary agriculture water cultivation habitation
test_9854,clear primary
test_9855,partly_cloudy primary agriculture water
test_9856,clear haze primary
test_9857,clear primary
test_9858,clear primary agriculture road
test_9859,cloudy
test_9860,cloudy
test_9861,partly_cloudy primary agriculture habitation
test_9862,partly_cloudy primary
test_9863,clear partly_cloudy primary
test_9864,clear primary agriculture habitation road
test_9865,clear primary agriculture cultivation
test_9866,clear primary agriculture water cultivation habitation
test_9867,clear haze primary agriculture road
test_9868,clear primary agriculture habitation road
test_9869,clear primary
test_9870,partly_cloudy primary agriculture cultivation
test_9871,partly_cloudy primary
test_9872,clear primary
test_9873,clear primary water
test_9874,clear primary
test_9875,partly_cloudy primary agriculture cultivation
test_9876,clear primary agriculture water cultivation
test_9877,clear primary
test_9878,haze primary
test_9879,clear primary
test_9880,clear primary
test_9881,partly_cloudy primary
test_9882,clear primary agriculture habitation road
test_9883,clear primary water
test_9884,clear primary
test_9885,clear primary
test_9886,clear primary
test_9887,clear partly_cloudy primary agriculture habitation road
test_9888,clear primary water
test_9889,clear primary
test_9890,clear primary agriculture cultivation habitation road
test_9891,clear primary agriculture water cultivation
test_9892,partly_cloudy cloudy primary agriculture water
test_9893,clear primary
test_9894,partly_cloudy cloudy primary agriculture water
test_9895,partly_cloudy primary
test_9896,clear haze primary
test_9897,clear primary agriculture cultivation road
test_9898,clear primary habitation road
test_9899,clear primary
test_9900,clear partly_cloudy primary agriculture water
test_9901,clear primary
test_9902,partly_cloudy primary
test_9903,partly_cloudy primary agriculture road
test_9904,clear primary
test_9905,clear primary agriculture cultivation
test_9906,clear primary agriculture water road
test_9907,clear primary agriculture habitation road
test_9908,clear primary agriculture cultivation
test_9909,partly_cloudy primary agriculture cultivation habitation road
test_9910,clear primary
test_9911,clear primary agriculture cultivation habitation road
test_9912,clear haze primary agriculture water
test_9913,clear primary agriculture road
test_9914,clear primary
test_9915,clear primary agriculture water
test_9916,partly_cloudy primary
test_9917,clear primary
test_9918,clear primary agriculture cultivation road
test_9919,clear primary
test_9920,haze primary
test_9921,partly_cloudy primary agriculture
test_9922,haze primary water
test_9923,haze primary agriculture water road
test_9924,clear haze primary
test_9925,clear primary agriculture cultivation
test_9926,clear primary
test_9927,clear primary
test_9928,clear primary
test_9929,clear primary agriculture water cultivation habitation road
test_9930,partly_cloudy primary
test_9931,haze primary
test_9932,clear primary
test_9933,clear primary agriculture road
test_9934,clear primary agriculture cultivation
test_9935,clear primary
test_9936,clear primary agriculture habitation road
test_9937,clear primary agriculture cultivation habitation
test_9938,clear haze primary agriculture cultivation
test_9939,clear primary
test_9940,clear primary agriculture cultivation
test_9941,clear primary agriculture water
test_9942,partly_cloudy primary agriculture cultivation
test_9943,clear primary
test_9944,clear primary road
test_9945,clear primary
test_9946,clear primary agriculture road
test_9947,partly_cloudy primary
test_9948,clear partly_cloudy primary agriculture water cultivation
test_9949,clear primary
test_9950,haze primary
test_9951,clear primary agriculture
test_9952,clear primary agriculture cultivation road
test_9953,clear primary agriculture cultivation road
test_9954,clear primary agriculture water road
test_9955,clear primary
test_9956,partly_cloudy primary agriculture cultivation
test_9957,partly_cloudy primary
test_9958,clear primary water
test_9959,clear primary agriculture water habitation road
test_9960,clear primary agriculture cultivation
test_9961,clear primary
test_9962,clear primary agriculture water
test_9963,clear primary
test_9964,clear partly_cloudy primary
test_9965,clear primary
test_9966,haze primary
test_9967,clear haze primary
test_9968,clear primary
test_9969,clear primary agriculture cultivation
test_9970,clear primary water
test_9971,clear partly_cloudy primary
test_9972,clear primary
test_9973,clear primary agriculture road
test_9974,clear primary
test_9975,clear primary agriculture habitation road
test_9976,clear primary agriculture water
test_9977,clear primary
test_9978,partly_cloudy primary
test_9979,partly_cloudy primary
test_9980,clear primary
test_9981,clear primary
test_9982,clear primary agriculture cultivation
test_9983,clear primary agriculture water habitation road
test_9984,clear primary agriculture cultivation habitation
test_9985,clear primary
test_9986,clear primary agriculture road
test_9987,haze primary
test_9988,clear primary
test_9989,clear primary agriculture cultivation habitation
test_9990,partly_cloudy cloudy primary
test_9991,clear partly_cloudy primary water
test_9992,clear primary agriculture habitation road
test_9993,clear primary water
test_9994,partly_cloudy primary agriculture water road
test_9995,clear primary
test_9996,partly_cloudy primary agriculture
test_9997,clear partly_cloudy primary agriculture cultivation
test_9998,clear primary
test_9999,haze primary
test_10000,clear primary
test_10001,partly_cloudy primary
test_10002,clear cloudy water
test_10003,partly_cloudy primary agriculture water road
test_10004,clear primary
test_10005,clear primary agriculture road
test_10006,clear primary
test_10007,partly_cloudy primary agriculture cultivation
test_10008,clear primary agriculture water habitation road
test_10009,clear primary
test_10010,partly_cloudy primary agriculture water
test_10011,haze cloudy primary
test_10012,clear primary
test_10013,clear haze primary agriculture habitation road
test_10014,clear primary
test_10015,clear primary
test_10016,clear primary
test_10017,cloudy
test_10018,clear primary agriculture cultivation
test_10019,clear primary water
test_10020,clear partly_cloudy primary agriculture road
test_10021,clear primary
test_10022,clear partly_cloudy primary
test_10023,clear primary agriculture road
test_10024,clear partly_cloudy primary
test_10025,clear primary
test_10026,clear primary
test_10027,clear primary
test_10028,partly_cloudy primary
test_10029,clear primary
test_10030,partly_cloudy primary
test_10031,clear primary agriculture cultivation road
test_10032,clear primary water road
test_10033,clear partly_cloudy primary agriculture cultivation habitation
test_10034,clear primary agriculture water cultivation habitation
test_10035,clear primary
test_10036,clear primary
test_10037,clear primary agriculture
test_10038,clear primary agriculture habitation road
test_10039,clear primary agriculture
test_10040,clear primary
test_10041,clear primary agriculture cultivation road
test_10042,clear primary water road
test_10043,clear primary
test_10044,clear primary agriculture habitation road
test_10045,clear primary
test_10046,cloudy
test_10047,clear primary agriculture habitation road
test_10048,cloudy
test_10049,clear primary
test_10050,clear partly_cloudy primary water road
test_10051,clear primary
test_10052,clear primary
test_10053,clear primary
test_10054,clear primary agriculture water cultivation habitation
test_10055,clear primary agriculture cultivation road
test_10056,partly_cloudy primary
test_10057,clear primary agriculture habitation road
test_10058,clear primary
test_10059,clear primary agriculture water
test_10060,clear primary
test_10061,clear primary
test_10062,clear cloudy primary water
test_10063,clear primary
test_10064,clear primary water bare_ground artisinal_mine
test_10065,clear primary
test_10066,clear primary
test_10067,clear primary
test_10068,clear haze primary agriculture habitation road
test_10069,haze primary
test_10070,clear primary
test_10071,clear primary
test_10072,clear primary
test_10073,clear primary water
test_10074,partly_cloudy primary
test_10075,clear primary
test_10076,partly_cloudy primary agriculture cultivation
test_10077,clear primary
test_10078,clear primary agriculture water cultivation habitation road
test_10079,clear primary
test_10080,clear primary agriculture water cultivation habitation
test_10081,clear primary agriculture water habitation road
test_10082,clear primary
test_10083,clear primary
test_10084,clear primary water road
test_10085,partly_cloudy primary
test_10086,clear primary
test_10087,clear primary
test_10088,clear primary agriculture cultivation habitation road
test_10089,haze cloudy
test_10090,partly_cloudy primary agriculture
test_10091,clear primary water
test_10092,clear primary
test_10093,clear primary
test_10094,haze cloudy primary
test_10095,clear primary water
test_10096,clear primary water road
test_10097,partly_cloudy primary agriculture cultivation habitation road
test_10098,clear primary
test_10099,clear haze primary
test_10100,clear primary
test_10101,haze cloudy primary water
test_10102,clear primary
test_10103,partly_cloudy primary
test_10104,clear primary
test_10105,partly_cloudy primary
test_10106,clear primary
test_10107,partly_cloudy primary
test_10108,haze primary
test_10109,partly_cloudy primary agriculture road
test_10110,cloudy
test_10111,partly_cloudy cloudy
test_10112,clear primary agriculture cultivation
test_10113,clear primary agriculture road
test_10114,clear primary agriculture water
test_10115,clear primary
test_10116,clear primary
test_10117,clear primary agriculture
test_10118,clear primary
test_10119,clear haze primary
test_10120,clear primary
test_10121,cloudy
test_10122,haze primary
test_10123,clear primary
test_10124,haze primary
test_10125,clear primary agriculture water cultivation
test_10126,partly_cloudy primary
test_10127,clear primary
test_10128,clear primary
test_10129,clear primary
test_10130,partly_cloudy primary agriculture road
test_10131,clear primary water artisinal_mine
test_10132,clear primary agriculture road
test_10133,partly_cloudy primary agriculture cultivation
test_10134,clear primary agriculture cultivation habitation road
test_10135,partly_cloudy primary agriculture water
test_10136,clear primary agriculture water cultivation habitation
test_10137,clear haze primary water
test_10138,clear primary agriculture cultivation
test_10139,clear primary agriculture road
test_10140,clear primary
test_10141,clear primary water road
test_10142,clear primary agriculture cultivation
test_10143,clear primary
test_10144,haze partly_cloudy primary water road
test_10145,clear primary agriculture cultivation
test_10146,partly_cloudy cloudy primary
test_10147,clear primary
test_10148,partly_cloudy primary agriculture road
test_10149,clear primary
test_10150,clear primary
test_10151,clear primary agriculture water road
test_10152,clear primary
test_10153,clear primary water
test_10154,clear primary agriculture habitation road bare_ground
test_10155,clear primary
test_10156,clear primary habitation road
test_10157,clear partly_cloudy primary agriculture water
test_10158,cloudy
test_10159,clear primary agriculture
test_10160,clear primary water
test_10161,clear haze primary agriculture cultivation
test_10162,clear haze primary
test_10163,partly_cloudy primary agriculture road
test_10164,clear primary water
test_10165,partly_cloudy primary
test_10166,clear primary
test_10167,clear primary
test_10168,clear primary
test_10169,clear primary agriculture water cultivation habitation road
test_10170,clear primary agriculture cultivation
test_10171,clear primary
test_10172,clear primary
test_10173,clear primary
test_10174,clear primary agriculture road
test_10175,clear partly_cloudy primary agriculture cultivation road
test_10176,clear primary agriculture habitation road
test_10177,partly_cloudy primary agriculture cultivation
test_10178,clear primary water
test_10179,clear primary
test_10180,clear primary agriculture cultivation road
test_10181,haze primary
test_10182,partly_cloudy primary agriculture water road
test_10183,partly_cloudy primary agriculture cultivation
test_10184,clear primary agriculture water bare_ground
test_10185,haze cloudy primary
test_10186,clear primary
test_10187,clear primary agriculture habitation road
test_10188,clear primary
test_10189,partly_cloudy primary
test_10190,partly_cloudy primary
test_10191,clear primary
test_10192,clear primary agriculture road
test_10193,clear primary water
test_10194,clear primary
test_10195,clear primary
test_10196,clear primary agriculture road
test_10197,clear primary agriculture water habitation road
test_10198,partly_cloudy primary
test_10199,haze primary
test_10200,clear primary
test_10201,clear primary agriculture road bare_ground
test_10202,partly_cloudy cloudy primary agriculture water
test_10203,clear primary agriculture water road
test_10204,partly_cloudy primary water
test_10205,clear primary agriculture road bare_ground
test_10206,clear primary
test_10207,clear primary agriculture cultivation
test_10208,clear primary
test_10209,clear primary
test_10210,clear primary agriculture cultivation road
test_10211,cloudy
test_10212,partly_cloudy primary
test_10213,clear primary
test_10214,partly_cloudy primary
test_10215,clear primary
test_10216,clear primary
test_10217,clear primary agriculture cultivation
test_10218,clear primary agriculture cultivation road
test_10219,clear primary agriculture cultivation habitation road
test_10220,clear primary
test_10221,partly_cloudy primary
test_10222,partly_cloudy primary
test_10223,clear partly_cloudy primary agriculture cultivation
test_10224,clear primary
test_10225,partly_cloudy primary agriculture
test_10226,clear partly_cloudy primary agriculture cultivation
test_10227,partly_cloudy primary
test_10228,clear primary blooming
test_10229,haze partly_cloudy primary
test_10230,clear primary agriculture habitation road bare_ground
test_10231,clear primary agriculture habitation road
test_10232,clear primary
test_10233,clear haze primary water
test_10234,clear primary blooming selective_logging
test_10235,clear primary agriculture habitation road
test_10236,clear partly_cloudy primary
test_10237,clear primary
test_10238,clear primary
test_10239,clear primary
test_10240,clear primary agriculture water
test_10241,clear primary
test_10242,clear haze primary agriculture water
test_10243,partly_cloudy cloudy primary
test_10244,clear primary
test_10245,clear primary agriculture water
test_10246,clear primary
test_10247,clear primary habitation road
test_10248,clear primary
test_10249,clear primary agriculture cultivation
test_10250,cloudy
test_10251,clear primary agriculture cultivation
test_10252,clear primary agriculture water bare_ground
test_10253,clear primary water road
test_10254,partly_cloudy primary agriculture road
test_10255,clear partly_cloudy primary water
test_10256,clear primary
test_10257,clear haze primary
test_10258,clear primary water road
test_10259,clear primary agriculture water cultivation road
test_10260,partly_cloudy primary
test_10261,clear primary agriculture habitation road
test_10262,haze primary
test_10263,clear primary agriculture water road
test_10264,clear primary agriculture road
test_10265,partly_cloudy primary water
test_10266,clear primary
test_10267,clear haze primary
test_10268,cloudy
test_10269,clear primary agriculture water habitation road
test_10270,clear primary
test_10271,clear primary agriculture water habitation road
test_10272,clear primary agriculture road
test_10273,partly_cloudy primary agriculture road
test_10274,cloudy
test_10275,clear primary
test_10276,clear primary agriculture habitation road
test_10277,cloudy
test_10278,partly_cloudy primary agriculture cultivation habitation
test_10279,clear primary agriculture water habitation road
test_10280,partly_cloudy cloudy primary
test_10281,clear primary
test_10282,clear primary agriculture cultivation
test_10283,clear primary water
test_10284,clear primary agriculture cultivation habitation road
test_10285,clear primary agriculture water
test_10286,clear primary agriculture water
test_10287,haze cloudy primary
test_10288,partly_cloudy primary water road
test_10289,clear partly_cloudy primary agriculture cultivation habitation
test_10290,clear primary
test_10291,clear primary agriculture water
test_10292,clear primary agriculture water habitation road
test_10293,haze cloudy primary
test_10294,clear primary water
test_10295,clear primary
test_10296,clear primary
test_10297,clear primary
test_10298,clear primary
test_10299,clear primary
test_10300,clear primary
test_10301,clear primary
test_10302,clear primary
test_10303,clear primary water
test_10304,clear primary
test_10305,clear primary
test_10306,clear primary agriculture cultivation habitation road
test_10307,partly_cloudy primary agriculture
test_10308,clear primary agriculture habitation road
test_10309,partly_cloudy primary water
test_10310,clear partly_cloudy primary agriculture cultivation
test_10311,clear primary
test_10312,clear primary agriculture cultivation
test_10313,clear primary
test_10314,clear cloudy primary water
test_10315,clear primary water road selective_logging
test_10316,clear primary
test_10317,clear primary
test_10318,clear primary water artisinal_mine
test_10319,clear primary
test_10320,clear primary agriculture cultivation
test_10321,clear primary
test_10322,clear primary
test_10323,partly_cloudy primary agriculture cultivation
test_10324,clear primary agriculture cultivation
test_10325,partly_cloudy primary
test_10326,clear primary blooming
test_10327,clear primary agriculture habitation road
test_10328,clear primary
test_10329,clear primary water
test_10330,clear primary
test_10331,clear cloudy primary water bare_ground
test_10332,clear primary
test_10333,clear primary
test_10334,clear primary
test_10335,clear cloudy water
test_10336,clear primary agriculture water cultivation
test_10337,clear primary agriculture water cultivation
test_10338,partly_cloudy primary agriculture water
test_10339,clear haze primary agriculture cultivation
test_10340,clear primary agriculture water habitation road
test_10341,clear primary
test_10342,cloudy
test_10343,clear primary
test_10344,clear primary
test_10345,clear primary water habitation road
test_10346,partly_cloudy primary
test_10347,clear primary
test_10348,cloudy
test_10349,clear primary water road
test_10350,haze partly_cloudy cloudy primary
test_10351,clear primary
test_10352,clear primary
test_10353,clear primary agriculture cultivation
test_10354,clear primary
test_10355,clear primary
test_10356,clear primary
test_10357,clear primary
test_10358,clear primary water
test_10359,clear primary water road
test_10360,clear primary agriculture cultivation
test_10361,clear primary
test_10362,clear primary
test_10363,clear partly_cloudy primary agriculture habitation road
test_10364,clear primary
test_10365,haze primary
test_10366,clear primary
test_10367,partly_cloudy primary agriculture road
test_10368,clear cloudy primary agriculture water
test_10369,partly_cloudy primary agriculture cultivation
test_10370,clear primary agriculture habitation road
test_10371,haze primary agriculture water
test_10372,clear primary
test_10373,clear primary
test_10374,clear primary
test_10375,clear primary
test_10376,clear primary agriculture cultivation habitation road
test_10377,clear partly_cloudy primary agriculture road
test_10378,clear primary agriculture water road
test_10379,clear haze primary
test_10380,clear primary agriculture cultivation habitation road
test_10381,clear primary
test_10382,clear primary
test_10383,clear primary
test_10384,clear primary agriculture cultivation habitation
test_10385,clear primary
test_10386,clear primary
test_10387,clear haze primary agriculture cultivation habitation road
test_10388,clear primary agriculture water road
test_10389,clear primary agriculture habitation road
test_10390,clear primary
test_10391,cloudy
test_10392,clear primary
test_10393,partly_cloudy primary
test_10394,clear haze primary
test_10395,clear primary agriculture cultivation road
test_10396,clear partly_cloudy primary
test_10397,haze primary
test_10398,clear primary
test_10399,haze primary
test_10400,clear primary agriculture habitation road
test_10401,clear partly_cloudy primary agriculture cultivation
test_10402,clear primary agriculture cultivation habitation road
test_10403,clear primary water bare_ground artisinal_mine
test_10404,clear partly_cloudy primary agriculture cultivation
test_10405,clear primary agriculture habitation road
test_10406,partly_cloudy primary agriculture water
test_10407,clear partly_cloudy primary
test_10408,clear primary agriculture cultivation
test_10409,haze primary agriculture cultivation
test_10410,clear primary water road bare_ground artisinal_mine
test_10411,clear haze primary agriculture habitation
test_10412,clear primary
test_10413,clear primary
test_10414,clear primary blooming selective_logging
test_10415,clear primary
test_10416,clear primary agriculture road
test_10417,clear primary
test_10418,clear primary agriculture water cultivation habitation road
test_10419,cloudy
test_10420,clear primary agriculture cultivation
test_10421,clear primary
test_10422,clear primary
test_10423,clear primary
test_10424,clear partly_cloudy primary
test_10425,clear primary
test_10426,clear primary agriculture cultivation
test_10427,clear primary
test_10428,partly_cloudy primary agriculture cultivation habitation
test_10429,partly_cloudy primary
test_10430,clear primary
test_10431,clear primary
test_10432,partly_cloudy primary water
test_10433,partly_cloudy primary
test_10434,clear primary agriculture cultivation
test_10435,haze primary
test_10436,clear primary agriculture cultivation
test_10437,cloudy
test_10438,clear primary
test_10439,clear primary
test_10440,clear primary
test_10441,clear primary
test_10442,clear primary
test_10443,clear primary agriculture water cultivation
test_10444,clear primary
test_10445,clear primary road
test_10446,clear primary water
test_10447,clear primary water
test_10448,clear primary
test_10449,haze partly_cloudy primary agriculture
test_10450,clear primary agriculture road
test_10451,clear primary
test_10452,clear primary agriculture water
test_10453,clear primary
test_10454,clear primary
test_10455,haze primary water
test_10456,partly_cloudy primary agriculture
test_10457,clear primary water habitation road conventional_mine bare_ground artisinal_mine
test_10458,clear primary water road
test_10459,partly_cloudy cloudy primary agriculture
test_10460,clear primary agriculture road
test_10461,clear primary
test_10462,clear partly_cloudy primary agriculture cultivation habitation road
test_10463,partly_cloudy primary agriculture
test_10464,clear primary agriculture road
test_10465,partly_cloudy primary agriculture road
test_10466,clear primary
test_10467,cloudy
test_10468,clear cloudy water
test_10469,clear primary agriculture water habitation road
test_10470,clear primary
test_10471,clear primary agriculture
test_10472,clear primary
test_10473,clear primary habitation road
test_10474,clear primary water
test_10475,clear primary cultivation
test_10476,clear primary agriculture cultivation
test_10477,clear primary
test_10478,clear primary cultivation
test_10479,clear primary
test_10480,clear primary agriculture cultivation
test_10481,haze primary
test_10482,clear primary
test_10483,clear primary water
test_10484,clear primary water road
test_10485,clear partly_cloudy primary
test_10486,clear primary agriculture water cultivation
test_10487,clear primary water road
test_10488,clear primary agriculture cultivation habitation road
test_10489,clear primary
test_10490,partly_cloudy primary
test_10491,clear primary
test_10492,clear primary agriculture cultivation habitation
test_10493,clear primary
test_10494,clear partly_cloudy primary
test_10495,clear primary agriculture road
test_10496,clear primary agriculture cultivation
test_10497,clear primary
test_10498,clear haze primary agriculture water
test_10499,clear cloudy primary water
test_10500,clear partly_cloudy primary agriculture habitation road
test_10501,clear primary
test_10502,clear primary
test_10503,clear cloudy primary water
test_10504,partly_cloudy primary agriculture cultivation habitation road
test_10505,partly_cloudy primary water
test_10506,clear primary agriculture cultivation road
test_10507,clear primary
test_10508,clear primary
test_10509,partly_cloudy primary water
test_10510,clear primary agriculture water cultivation
test_10511,haze partly_cloudy primary water
test_10512,partly_cloudy primary
test_10513,clear primary agriculture water road
test_10514,clear primary
test_10515,clear primary
test_10516,clear primary agriculture water habitation road
test_10517,partly_cloudy cloudy primary
test_10518,clear primary
test_10519,clear primary
test_10520,clear primary
test_10521,haze partly_cloudy primary water
test_10522,clear primary agriculture water road
test_10523,clear partly_cloudy primary
test_10524,clear primary agriculture road
test_10525,clear primary
test_10526,clear primary agriculture road bare_ground
test_10527,partly_cloudy primary agriculture cultivation
test_10528,clear primary agriculture
test_10529,clear primary
test_10530,partly_cloudy primary agriculture road
test_10531,partly_cloudy primary water road
test_10532,clear primary
test_10533,clear primary water road
test_10534,clear primary agriculture cultivation habitation road
test_10535,clear primary
test_10536,cloudy
test_10537,clear primary agriculture water
test_10538,haze cloudy primary
test_10539,clear primary
test_10540,haze cloudy primary
test_10541,partly_cloudy primary
test_10542,clear primary water road bare_ground artisinal_mine
test_10543,haze partly_cloudy primary
test_10544,clear primary agriculture water road
test_10545,clear primary
test_10546,cloudy
test_10547,clear haze primary agriculture
test_10548,clear primary agriculture road bare_ground
test_10549,clear primary agriculture water cultivation habitation road
test_10550,clear primary
test_10551,clear primary
test_10552,haze cloudy primary water
test_10553,clear primary agriculture road
test_10554,clear primary agriculture cultivation
test_10555,partly_cloudy primary
test_10556,clear primary blooming
test_10557,partly_cloudy cloudy primary agriculture
test_10558,partly_cloudy cloudy primary water
test_10559,haze primary
test_10560,partly_cloudy primary
test_10561,clear primary
test_10562,clear primary water road selective_logging
test_10563,clear primary water road bare_ground artisinal_mine
test_10564,clear primary agriculture cultivation habitation road
test_10565,clear primary
test_10566,clear primary
test_10567,partly_cloudy primary
test_10568,clear primary agriculture cultivation
test_10569,clear primary
test_10570,clear primary
test_10571,clear primary
test_10572,clear primary
test_10573,clear primary water
test_10574,partly_cloudy primary
test_10575,haze primary
test_10576,clear primary agriculture road
test_10577,clear haze primary
test_10578,clear primary
test_10579,partly_cloudy primary water road
test_10580,partly_cloudy primary agriculture water
test_10581,clear primary
test_10582,clear primary agriculture cultivation
test_10583,partly_cloudy primary
test_10584,clear primary
test_10585,clear primary agriculture cultivation habitation road
test_10586,clear primary agriculture cultivation
test_10587,clear primary agriculture water road
test_10588,clear primary
test_10589,clear primary water road
test_10590,clear primary
test_10591,clear primary agriculture cultivation road
test_10592,partly_cloudy primary agriculture road
test_10593,clear primary agriculture water
test_10594,clear primary
test_10595,clear haze cloudy primary water
test_10596,partly_cloudy primary agriculture cultivation habitation road
test_10597,clear haze primary agriculture road
test_10598,clear primary agriculture road
test_10599,clear primary
test_10600,clear primary water
test_10601,partly_cloudy primary
test_10602,clear primary agriculture water cultivation habitation
test_10603,clear primary agriculture
test_10604,haze primary
test_10605,clear primary agriculture cultivation habitation
test_10606,clear primary
test_10607,clear primary
test_10608,haze primary
test_10609,clear primary
test_10610,clear primary
test_10611,partly_cloudy primary agriculture water habitation
test_10612,haze cloudy primary
test_10613,partly_cloudy primary agriculture cultivation habitation
test_10614,clear haze primary agriculture water
test_10615,clear primary agriculture water cultivation
test_10616,clear primary
test_10617,partly_cloudy primary water
test_10618,clear primary
test_10619,partly_cloudy primary
test_10620,partly_cloudy primary
test_10621,clear primary agriculture
test_10622,partly_cloudy primary agriculture
test_10623,clear primary agriculture
test_10624,partly_cloudy primary agriculture road
test_10625,partly_cloudy primary agriculture water road conventional_mine
test_10626,clear primary water road
test_10627,clear primary
test_10628,clear primary
test_10629,clear primary
test_10630,clear primary agriculture water cultivation habitation road
test_10631,clear primary
test_10632,clear primary
test_10633,clear primary
test_10634,clear primary
test_10635,partly_cloudy primary agriculture cultivation
test_10636,clear haze primary water
test_10637,clear primary agriculture habitation road
test_10638,clear primary
test_10639,clear primary agriculture habitation road
test_10640,clear cloudy primary water
test_10641,clear primary
test_10642,clear primary
test_10643,partly_cloudy primary agriculture water road
test_10644,clear primary agriculture cultivation
test_10645,partly_cloudy primary
test_10646,clear primary agriculture cultivation habitation road
test_10647,clear primary agriculture habitation road
test_10648,clear primary
test_10649,haze cloudy primary
test_10650,clear primary
test_10651,partly_cloudy primary water
test_10652,clear primary agriculture water cultivation road
test_10653,clear primary water
test_10654,haze cloudy primary
test_10655,clear primary
test_10656,clear primary
test_10657,clear primary blooming
test_10658,clear primary
test_10659,clear primary water
test_10660,clear primary
test_10661,partly_cloudy primary
test_10662,clear primary agriculture road bare_ground
test_10663,clear primary agriculture water habitation road
test_10664,clear primary water road
test_10665,clear primary agriculture cultivation habitation road
test_10666,clear primary agriculture habitation road
test_10667,clear primary agriculture habitation road
test_10668,clear primary
test_10669,cloudy
test_10670,clear primary
test_10671,haze cloudy
test_10672,clear primary agriculture habitation road bare_ground
test_10673,clear primary
test_10674,partly_cloudy primary
test_10675,clear primary agriculture road
test_10676,clear primary
test_10677,clear primary
test_10678,clear primary
test_10679,partly_cloudy primary agriculture cultivation road
test_10680,clear primary agriculture cultivation
test_10681,cloudy
test_10682,clear haze primary water
test_10683,clear primary agriculture water cultivation
test_10684,clear primary
test_10685,clear primary
test_10686,clear primary
test_10687,clear primary
test_10688,clear primary
test_10689,clear primary
test_10690,clear primary agriculture water
test_10691,clear primary agriculture cultivation
test_10692,partly_cloudy primary agriculture
test_10693,clear primary
test_10694,clear primary habitation road
test_10695,partly_cloudy primary
test_10696,clear primary agriculture cultivation
test_10697,clear cloudy agriculture water bare_ground
test_10698,clear primary
test_10699,clear primary water
test_10700,clear primary agriculture
test_10701,partly_cloudy primary agriculture cultivation
test_10702,clear primary water road
test_10703,clear primary
test_10704,clear primary
test_10705,clear primary agriculture cultivation habitation road
test_10706,clear primary
test_10707,haze primary water
test_10708,clear primary
test_10709,clear primary
test_10710,clear primary water artisinal_mine
test_10711,clear primary
test_10712,clear primary agriculture habitation road
test_10713,clear primary
test_10714,clear primary water
test_10715,clear primary habitation road
test_10716,clear primary
test_10717,clear primary agriculture water habitation road
test_10718,clear primary
test_10719,partly_cloudy primary
test_10720,clear primary
test_10721,clear primary
test_10722,clear primary
test_10723,clear primary agriculture water cultivation habitation
test_10724,partly_cloudy primary agriculture habitation road
test_10725,clear primary agriculture cultivation
test_10726,clear primary agriculture road
test_10727,partly_cloudy primary agriculture water road
test_10728,partly_cloudy primary
test_10729,clear primary
test_10730,clear primary agriculture water cultivation
test_10731,clear primary
test_10732,partly_cloudy cloudy primary water
test_10733,haze partly_cloudy primary agriculture cultivation
test_10734,cloudy
test_10735,clear primary agriculture cultivation
test_10736,clear primary water
test_10737,clear primary water bare_ground artisinal_mine
test_10738,partly_cloudy primary
test_10739,partly_cloudy primary
test_10740,clear primary agriculture cultivation
test_10741,partly_cloudy cloudy
test_10742,partly_cloudy cloudy primary
test_10743,clear primary agriculture cultivation
test_10744,clear primary
test_10745,clear primary agriculture water road
test_10746,clear partly_cloudy primary agriculture road
test_10747,clear primary agriculture water
test_10748,clear primary agriculture water habitation road
test_10749,clear primary
test_10750,clear partly_cloudy primary water habitation road conventional_mine bare_ground artisinal_mine
test_10751,clear primary
test_10752,partly_cloudy primary
test_10753,clear primary
test_10754,clear primary
test_10755,clear primary
test_10756,clear primary agriculture water habitation road
test_10757,clear primary
test_10758,clear primary
test_10759,haze cloudy
test_10760,haze cloudy
test_10761,clear primary
test_10762,haze primary agriculture water
test_10763,clear primary
test_10764,partly_cloudy primary agriculture water road
test_10765,partly_cloudy primary agriculture
test_10766,clear primary
test_10767,clear primary agriculture water cultivation
test_10768,cloudy
test_10769,clear primary agriculture road
test_10770,clear primary
test_10771,clear primary
test_10772,clear primary agriculture
test_10773,clear primary agriculture cultivation
test_10774,clear primary agriculture
test_10775,partly_cloudy primary agriculture road
test_10776,clear primary agriculture cultivation
test_10777,clear primary
test_10778,clear primary agriculture water cultivation
test_10779,clear primary water road
test_10780,clear primary agriculture cultivation habitation
test_10781,clear primary
test_10782,clear primary agriculture road
test_10783,clear primary
test_10784,clear primary
test_10785,clear primary
test_10786,clear primary water bare_ground artisinal_mine
test_10787,clear primary agriculture habitation road
test_10788,clear primary agriculture cultivation
test_10789,clear primary agriculture road
test_10790,clear primary
test_10791,clear primary agriculture cultivation
test_10792,clear primary water
test_10793,clear primary
test_10794,partly_cloudy primary agriculture
test_10795,clear primary water road
test_10796,clear primary agriculture water cultivation habitation road
test_10797,clear primary agriculture water habitation road
test_10798,partly_cloudy primary agriculture road
test_10799,clear primary agriculture bare_ground
test_10800,clear cloudy primary water
test_10801,haze primary
test_10802,clear primary
test_10803,clear primary agriculture road
test_10804,clear primary water road
test_10805,clear primary
test_10806,clear primary agriculture water cultivation
test_10807,clear primary agriculture cultivation road
test_10808,clear primary agriculture cultivation
test_10809,clear primary
test_10810,clear partly_cloudy primary agriculture cultivation
test_10811,clear primary agriculture cultivation
test_10812,clear primary
test_10813,clear primary
test_10814,clear primary agriculture habitation road
test_10815,partly_cloudy primary
test_10816,clear haze primary agriculture cultivation
test_10817,clear primary agriculture
test_10818,clear primary agriculture water habitation road
test_10819,partly_cloudy primary
test_10820,clear haze primary agriculture water road
test_10821,clear primary agriculture cultivation habitation
test_10822,clear primary
test_10823,clear primary water road
test_10824,clear primary agriculture water
test_10825,partly_cloudy primary
test_10826,clear primary agriculture water cultivation
test_10827,haze primary
test_10828,clear primary
test_10829,clear primary water
test_10830,clear haze primary water
test_10831,clear primary
test_10832,clear primary
test_10833,clear primary agriculture cultivation
test_10834,clear primary agriculture habitation road
test_10835,clear primary
test_10836,clear primary
test_10837,partly_cloudy primary agriculture cultivation road
test_10838,clear primary agriculture habitation road conventional_mine bare_ground
test_10839,partly_cloudy primary agriculture
test_10840,clear primary agriculture cultivation habitation
test_10841,clear primary agriculture bare_ground
test_10842,partly_cloudy primary agriculture water
test_10843,clear primary
test_10844,partly_cloudy primary agriculture water road
test_10845,haze primary agriculture
test_10846,cloudy
test_10847,clear haze primary agriculture cultivation
test_10848,haze primary agriculture water road
test_10849,clear primary
test_10850,clear primary
test_10851,clear primary
test_10852,partly_cloudy primary water
test_10853,partly_cloudy primary
test_10854,partly_cloudy cloudy primary
test_10855,clear primary
test_10856,partly_cloudy primary
test_10857,partly_cloudy cloudy primary
test_10858,clear primary agriculture cultivation
test_10859,clear primary
test_10860,clear primary agriculture
test_10861,clear primary agriculture water cultivation
test_10862,clear primary
test_10863,clear primary agriculture road
test_10864,clear primary water
test_10865,clear primary water
test_10866,clear primary
test_10867,partly_cloudy primary agriculture
test_10868,clear primary agriculture cultivation habitation road
test_10869,clear haze primary
test_10870,clear primary
test_10871,clear primary
test_10872,haze cloudy primary agriculture water road
test_10873,haze primary water
test_10874,clear primary agriculture habitation road
test_10875,partly_cloudy primary
test_10876,clear primary
test_10877,clear primary
test_10878,partly_cloudy primary
test_10879,clear primary
test_10880,partly_cloudy primary
test_10881,haze partly_cloudy primary agriculture cultivation
test_10882,partly_cloudy primary
test_10883,clear primary
test_10884,clear primary agriculture water cultivation road
test_10885,clear primary
test_10886,haze primary
test_10887,clear primary agriculture cultivation road
test_10888,clear primary blooming
test_10889,clear haze primary
test_10890,partly_cloudy primary agriculture water road
test_10891,clear primary
test_10892,clear primary
test_10893,clear primary agriculture road
test_10894,partly_cloudy primary
test_10895,clear primary water road
test_10896,haze primary water
test_10897,cloudy
test_10898,partly_cloudy primary agriculture water
test_10899,clear primary agriculture
test_10900,clear primary
test_10901,clear primary agriculture water cultivation habitation road
test_10902,haze cloudy
test_10903,clear primary agriculture water road
test_10904,clear primary
test_10905,cloudy
test_10906,partly_cloudy primary water
test_10907,clear primary
test_10908,partly_cloudy primary agriculture habitation road
test_10909,clear haze primary agriculture water
test_10910,clear primary agriculture water habitation road
test_10911,clear primary
test_10912,partly_cloudy primary
test_10913,clear primary
test_10914,clear primary agriculture water cultivation
test_10915,clear primary
test_10916,clear primary blooming
test_10917,clear primary agriculture habitation road
test_10918,clear primary
test_10919,clear haze primary agriculture
test_10920,clear primary
test_10921,partly_cloudy primary
test_10922,clear haze primary
test_10923,clear primary agriculture cultivation habitation
test_10924,partly_cloudy primary agriculture water cultivation
test_10925,clear primary agriculture water
test_10926,partly_cloudy primary agriculture road
test_10927,partly_cloudy primary
test_10928,clear primary
test_10929,clear primary agriculture cultivation road
test_10930,clear primary agriculture habitation road
test_10931,haze cloudy
test_10932,cloudy
test_10933,clear primary agriculture cultivation habitation road
test_10934,clear primary
test_10935,clear partly_cloudy primary agriculture cultivation
test_10936,clear primary water
test_10937,clear primary water
test_10938,clear primary agriculture cultivation
test_10939,clear primary
test_10940,clear primary water road
test_10941,clear primary
test_10942,cloudy
test_10943,clear primary
test_10944,clear primary agriculture
test_10945,clear partly_cloudy primary
test_10946,clear primary
test_10947,partly_cloudy primary agriculture
test_10948,clear primary agriculture water road
test_10949,clear primary agriculture road
test_10950,clear primary water
test_10951,clear primary
test_10952,clear primary water
test_10953,clear primary water
test_10954,partly_cloudy primary
test_10955,clear primary agriculture cultivation
test_10956,clear primary
test_10957,partly_cloudy primary agriculture habitation road
test_10958,clear primary
test_10959,clear primary
test_10960,clear primary
test_10961,clear primary agriculture water bare_ground
test_10962,clear primary
test_10963,clear primary
test_10964,clear primary water
test_10965,clear primary agriculture cultivation
test_10966,haze cloudy primary
test_10967,clear primary agriculture road
test_10968,clear primary
test_10969,haze primary
test_10970,cloudy
test_10971,clear partly_cloudy primary
test_10972,clear primary agriculture cultivation
test_10973,clear primary
test_10974,cloudy
test_10975,cloudy
test_10976,clear primary agriculture cultivation road
test_10977,clear primary
test_10978,clear primary
test_10979,clear primary water
test_10980,clear primary agriculture road
test_10981,clear primary
test_10982,partly_cloudy primary
test_10983,partly_cloudy primary
test_10984,clear primary
test_10985,clear primary agriculture
test_10986,partly_cloudy primary
test_10987,clear primary
test_10988,clear primary agriculture road
test_10989,clear primary
test_10990,clear primary
test_10991,haze primary
test_10992,clear primary
test_10993,partly_cloudy primary
test_10994,clear primary
test_10995,clear primary agriculture road
test_10996,clear haze primary
test_10997,clear primary water
test_10998,clear partly_cloudy primary agriculture cultivation
test_10999,haze cloudy primary
test_11000,partly_cloudy primary agriculture water habitation road
test_11001,partly_cloudy cloudy water
test_11002,clear primary agriculture cultivation road
test_11003,clear primary
test_11004,clear primary
test_11005,clear primary agriculture cultivation
test_11006,clear primary agriculture cultivation
test_11007,partly_cloudy primary
test_11008,clear primary agriculture cultivation habitation road
test_11009,partly_cloudy cloudy primary
test_11010,clear primary
test_11011,clear haze primary
test_11012,clear primary
test_11013,clear primary
test_11014,clear primary agriculture cultivation
test_11015,clear primary water road
test_11016,clear primary water artisinal_mine
test_11017,clear primary road
test_11018,clear primary
test_11019,partly_cloudy primary
test_11020,clear primary agriculture cultivation road
test_11021,clear primary
test_11022,partly_cloudy primary
test_11023,partly_cloudy primary
test_11024,clear primary
test_11025,clear primary agriculture cultivation habitation road
test_11026,clear primary agriculture water
test_11027,clear haze primary agriculture cultivation
test_11028,haze primary agriculture cultivation
test_11029,partly_cloudy primary
test_11030,clear primary
test_11031,clear primary agriculture cultivation
test_11032,clear primary
test_11033,clear primary agriculture cultivation
test_11034,partly_cloudy primary agriculture water
test_11035,clear primary
test_11036,partly_cloudy primary agriculture
test_11037,partly_cloudy primary agriculture
test_11038,clear primary agriculture water habitation road
test_11039,clear primary agriculture
test_11040,clear primary agriculture cultivation
test_11041,clear haze primary agriculture water road
test_11042,partly_cloudy primary agriculture cultivation
test_11043,haze cloudy
test_11044,clear haze primary agriculture
test_11045,clear primary cultivation
test_11046,clear primary
test_11047,clear primary
test_11048,partly_cloudy primary
test_11049,clear haze primary
test_11050,partly_cloudy primary agriculture water cultivation
test_11051,partly_cloudy primary
test_11052,clear primary
test_11053,clear primary agriculture cultivation
test_11054,clear primary
test_11055,clear primary agriculture habitation road
test_11056,clear primary water
test_11057,clear primary
test_11058,clear primary
test_11059,clear primary water
test_11060,clear primary agriculture water
test_11061,clear primary
test_11062,clear primary water road
test_11063,clear primary
test_11064,clear primary cultivation
test_11065,clear primary
test_11066,clear primary agriculture water cultivation road
test_11067,clear primary water
test_11068,clear primary water
test_11069,clear primary water
test_11070,clear cloudy agriculture bare_ground
test_11071,clear primary water
test_11072,clear primary agriculture cultivation
test_11073,clear primary
test_11074,clear primary agriculture road
test_11075,clear primary agriculture road bare_ground
test_11076,clear primary water
test_11077,haze cloudy
test_11078,partly_cloudy primary
test_11079,clear primary agriculture water habitation road
test_11080,clear primary
test_11081,clear primary water road
test_11082,partly_cloudy primary
test_11083,clear primary agriculture road
test_11084,clear primary
test_11085,clear primary agriculture road bare_ground
test_11086,clear primary water
test_11087,clear primary
test_11088,partly_cloudy primary
test_11089,clear haze primary
test_11090,clear primary
test_11091,clear primary agriculture cultivation habitation road
test_11092,clear primary agriculture road bare_ground
test_11093,clear primary agriculture habitation road
test_11094,clear haze primary agriculture water habitation road
test_11095,clear primary
test_11096,clear primary agriculture cultivation road
test_11097,clear primary water
test_11098,partly_cloudy primary agriculture road
test_11099,clear haze primary agriculture habitation
test_11100,clear primary
test_11101,clear primary agriculture road
test_11102,clear primary agriculture water cultivation habitation road
test_11103,clear primary
test_11104,haze cloudy primary
test_11105,clear primary
test_11106,clear primary agriculture water habitation road
test_11107,clear primary agriculture cultivation
test_11108,clear primary
test_11109,clear partly_cloudy primary agriculture road
test_11110,clear primary agriculture cultivation
test_11111,clear haze primary agriculture cultivation
test_11112,cloudy
test_11113,clear primary agriculture cultivation
test_11114,clear haze primary water
test_11115,clear primary
test_11116,partly_cloudy cloudy primary water
test_11117,clear primary
test_11118,partly_cloudy primary
test_11119,clear cloudy water
test_11120,clear primary
test_11121,partly_cloudy primary
test_11122,clear partly_cloudy primary agriculture habitation road
test_11123,clear primary water
test_11124,clear primary
test_11125,partly_cloudy primary agriculture
test_11126,clear partly_cloudy primary agriculture cultivation habitation road
test_11127,partly_cloudy primary agriculture cultivation
test_11128,clear primary agriculture water cultivation
test_11129,clear primary agriculture road
test_11130,clear partly_cloudy primary
test_11131,clear primary
test_11132,cloudy
test_11133,clear primary agriculture habitation road
test_11134,partly_cloudy primary agriculture road
test_11135,haze primary
test_11136,partly_cloudy primary agriculture
test_11137,clear primary
test_11138,clear primary agriculture cultivation
test_11139,clear primary
test_11140,clear haze primary agriculture water road
test_11141,haze primary agriculture water
test_11142,clear primary
test_11143,clear primary
test_11144,clear primary
test_11145,partly_cloudy primary
test_11146,clear primary agriculture road
test_11147,clear primary
test_11148,haze cloudy primary
test_11149,clear partly_cloudy primary water
test_11150,partly_cloudy primary
test_11151,clear primary
test_11152,clear primary
test_11153,clear primary agriculture cultivation habitation road
test_11154,clear primary agriculture water bare_ground
test_11155,cloudy
test_11156,clear primary agriculture road
test_11157,partly_cloudy primary
test_11158,clear haze primary
test_11159,clear primary agriculture cultivation habitation road
test_11160,partly_cloudy primary
test_11161,clear primary water
test_11162,cloudy
test_11163,clear primary
test_11164,clear primary
test_11165,clear haze cloudy primary water
test_11166,clear haze primary agriculture
test_11167,clear primary
test_11168,clear primary agriculture road
test_11169,partly_cloudy primary
test_11170,clear primary agriculture habitation road
test_11171,clear primary
test_11172,clear primary
test_11173,partly_cloudy primary agriculture cultivation
test_11174,clear primary agriculture road
test_11175,clear primary water
test_11176,clear primary agriculture cultivation road
test_11177,clear haze primary
test_11178,clear primary
test_11179,clear primary
test_11180,clear primary
test_11181,clear primary
test_11182,clear primary
test_11183,clear primary agriculture cultivation road
test_11184,partly_cloudy primary agriculture
test_11185,clear primary
test_11186,clear primary water
test_11187,haze cloudy primary
test_11188,clear primary agriculture water cultivation
test_11189,clear partly_cloudy primary
test_11190,clear primary water
test_11191,clear primary water
test_11192,clear primary
test_11193,clear primary agriculture cultivation
test_11194,clear primary water
test_11195,clear primary water road
test_11196,clear primary
test_11197,clear primary
test_11198,clear primary
test_11199,clear primary
test_11200,clear primary
test_11201,clear primary
test_11202,partly_cloudy primary
test_11203,clear cloudy water
test_11204,partly_cloudy primary agriculture water habitation road
test_11205,partly_cloudy primary
test_11206,clear primary agriculture cultivation
test_11207,haze primary
test_11208,clear primary
test_11209,clear primary agriculture cultivation road
test_11210,clear haze primary agriculture road
test_11211,clear primary agriculture cultivation habitation
test_11212,clear primary
test_11213,clear primary
test_11214,clear primary agriculture cultivation habitation road
test_11215,haze primary
test_11216,clear primary
test_11217,clear primary
test_11218,clear primary
test_11219,partly_cloudy primary agriculture road
test_11220,clear primary agriculture water cultivation
test_11221,partly_cloudy primary agriculture cultivation habitation road
test_11222,clear primary agriculture road
test_11223,partly_cloudy primary
test_11224,clear primary agriculture water
test_11225,clear primary
test_11226,partly_cloudy cloudy primary
test_11227,clear primary
test_11228,clear primary
test_11229,clear primary agriculture water road
test_11230,clear primary agriculture cultivation
test_11231,clear primary agriculture cultivation
test_11232,clear primary agriculture habitation road
test_11233,clear primary
test_11234,clear primary
test_11235,clear primary water
test_11236,clear primary agriculture cultivation
test_11237,clear primary
test_11238,partly_cloudy primary agriculture water road
test_11239,clear primary
test_11240,partly_cloudy primary agriculture road
test_11241,clear primary agriculture cultivation habitation road
test_11242,clear primary agriculture habitation road
test_11243,partly_cloudy cloudy primary
test_11244,partly_cloudy primary agriculture cultivation habitation road
test_11245,partly_cloudy primary agriculture water
test_11246,partly_cloudy primary agriculture water
test_11247,clear primary
test_11248,clear primary agriculture water cultivation
test_11249,clear primary habitation road
test_11250,clear primary
test_11251,partly_cloudy cloudy primary
test_11252,clear primary
test_11253,clear primary agriculture habitation road
test_11254,clear primary
test_11255,clear primary agriculture habitation road
test_11256,cloudy
test_11257,partly_cloudy primary
test_11258,clear primary selective_logging
test_11259,clear primary
test_11260,clear primary agriculture cultivation habitation road
test_11261,clear primary
test_11262,clear primary
test_11263,clear haze primary
test_11264,clear primary agriculture habitation road
test_11265,clear primary
test_11266,partly_cloudy primary water
test_11267,clear haze primary
test_11268,clear primary
test_11269,clear primary
test_11270,cloudy
test_11271,clear primary
test_11272,clear primary agriculture habitation road bare_ground
test_11273,clear primary
test_11274,clear primary agriculture water cultivation
test_11275,clear primary
test_11276,clear cloudy primary agriculture water
test_11277,clear primary agriculture cultivation
test_11278,clear primary
test_11279,partly_cloudy primary
test_11280,clear primary
test_11281,clear primary agriculture habitation road
test_11282,clear primary
test_11283,clear primary agriculture road
test_11284,clear primary
test_11285,clear primary water habitation road bare_ground artisinal_mine
test_11286,clear primary
test_11287,clear primary agriculture road bare_ground
test_11288,clear primary
test_11289,clear primary
test_11290,partly_cloudy primary agriculture water road
test_11291,clear primary
test_11292,clear partly_cloudy primary water
test_11293,clear primary
test_11294,clear primary
test_11295,clear primary water
test_11296,clear primary water
test_11297,clear primary
test_11298,clear primary
test_11299,clear primary agriculture water cultivation habitation
test_11300,clear primary agriculture cultivation
test_11301,haze partly_cloudy primary agriculture road
test_11302,clear primary agriculture road
test_11303,partly_cloudy primary agriculture cultivation
test_11304,clear primary agriculture water road
test_11305,clear primary
test_11306,clear primary
test_11307,clear primary
test_11308,partly_cloudy primary agriculture
test_11309,clear partly_cloudy primary
test_11310,clear primary agriculture water bare_ground
test_11311,partly_cloudy primary agriculture water cultivation habitation road
test_11312,clear primary agriculture cultivation road
test_11313,clear primary
test_11314,clear primary agriculture cultivation
test_11315,clear primary
test_11316,clear primary water
test_11317,clear primary
test_11318,clear primary
test_11319,partly_cloudy primary agriculture water
test_11320,clear cloudy water
test_11321,clear haze primary
test_11322,clear primary agriculture road
test_11323,cloudy
test_11324,clear primary
test_11325,clear primary
test_11326,clear primary water road
test_11327,clear primary agriculture cultivation
test_11328,clear primary
test_11329,clear primary agriculture cultivation
test_11330,clear primary
test_11331,clear primary agriculture cultivation
test_11332,clear primary agriculture cultivation
test_11333,clear primary agriculture road
test_11334,clear primary road
test_11335,partly_cloudy primary agriculture cultivation
test_11336,clear primary agriculture cultivation
test_11337,clear primary agriculture
test_11338,clear primary
test_11339,partly_cloudy primary agriculture cultivation
test_11340,partly_cloudy primary
test_11341,clear primary agriculture cultivation
test_11342,clear primary agriculture cultivation
test_11343,partly_cloudy primary
test_11344,clear primary agriculture cultivation road
test_11345,clear primary water road
test_11346,clear primary agriculture water cultivation habitation road
test_11347,partly_cloudy primary
test_11348,clear haze primary agriculture water
test_11349,clear primary agriculture road
test_11350,partly_cloudy primary
test_11351,clear primary
test_11352,clear primary
test_11353,partly_cloudy primary
test_11354,clear primary
test_11355,clear primary agriculture habitation road
test_11356,clear primary
test_11357,clear primary
test_11358,clear haze primary
test_11359,haze primary
test_11360,clear primary
test_11361,clear primary
test_11362,partly_cloudy primary
test_11363,clear primary
test_11364,clear primary
test_11365,partly_cloudy cloudy primary
test_11366,clear primary
test_11367,clear partly_cloudy primary agriculture cultivation road
test_11368,haze primary
test_11369,partly_cloudy primary agriculture cultivation habitation
test_11370,clear primary
test_11371,clear primary
test_11372,clear primary road
test_11373,clear primary
test_11374,clear primary
test_11375,clear primary agriculture cultivation
test_11376,clear primary water road
test_11377,clear primary
test_11378,clear primary agriculture
test_11379,clear primary
test_11380,clear cloudy primary water
test_11381,clear primary
test_11382,clear primary
test_11383,clear primary water
test_11384,clear primary water road
test_11385,clear primary
test_11386,haze cloudy primary
test_11387,clear primary agriculture cultivation habitation road
test_11388,partly_cloudy primary
test_11389,partly_cloudy primary
test_11390,clear primary
test_11391,clear primary agriculture road
test_11392,partly_cloudy primary
test_11393,partly_cloudy primary
test_11394,partly_cloudy primary agriculture cultivation
test_11395,haze primary
test_11396,clear primary
test_11397,clear primary agriculture cultivation
test_11398,clear primary agriculture cultivation habitation
test_11399,clear primary agriculture cultivation habitation road
test_11400,clear primary agriculture cultivation road
test_11401,clear primary
test_11402,clear primary agriculture cultivation habitation road
test_11403,clear primary road
test_11404,clear primary
test_11405,partly_cloudy primary agriculture
test_11406,partly_cloudy primary
test_11407,clear primary
test_11408,clear partly_cloudy primary agriculture habitation road
test_11409,partly_cloudy primary agriculture road
test_11410,partly_cloudy primary agriculture habitation road
test_11411,partly_cloudy primary
test_11412,cloudy
test_11413,clear primary
test_11414,clear primary water road
test_11415,clear primary agriculture habitation road
test_11416,clear primary
test_11417,clear primary
test_11418,clear primary
test_11419,clear primary agriculture
test_11420,clear primary
test_11421,partly_cloudy primary agriculture habitation road
test_11422,clear primary
test_11423,cloudy
test_11424,partly_cloudy primary agriculture cultivation habitation road
test_11425,partly_cloudy primary
test_11426,clear primary agriculture cultivation
test_11427,partly_cloudy primary agriculture cultivation
test_11428,clear primary
test_11429,clear primary water
test_11430,clear primary agriculture cultivation
test_11431,clear primary
test_11432,clear primary
test_11433,clear primary
test_11434,clear primary
test_11435,clear primary
test_11436,clear primary agriculture cultivation
test_11437,partly_cloudy primary agriculture
test_11438,clear primary agriculture habitation road
test_11439,cloudy
test_11440,clear primary
test_11441,clear primary
test_11442,clear primary habitation road
test_11443,clear primary agriculture cultivation
test_11444,partly_cloudy primary
test_11445,clear primary agriculture
test_11446,clear primary
test_11447,clear primary agriculture cultivation road
test_11448,clear primary agriculture cultivation road
test_11449,partly_cloudy primary
test_11450,partly_cloudy primary
test_11451,clear primary water
test_11452,clear primary agriculture road
test_11453,clear primary
test_11454,partly_cloudy primary agriculture water habitation road
test_11455,clear primary
test_11456,clear primary agriculture habitation road
test_11457,clear primary
test_11458,partly_cloudy primary water road
test_11459,partly_cloudy primary agriculture cultivation road
test_11460,clear primary
test_11461,clear primary
test_11462,clear primary agriculture water road
test_11463,clear primary
test_11464,clear primary
test_11465,clear primary
test_11466,clear haze primary
test_11467,clear primary
test_11468,clear primary
test_11469,clear primary
test_11470,cloudy
test_11471,partly_cloudy primary agriculture water road
test_11472,clear primary water road blooming selective_logging
test_11473,clear primary agriculture
test_11474,partly_cloudy primary
test_11475,clear primary agriculture
test_11476,clear primary water
test_11477,clear primary
test_11478,clear primary agriculture road
test_11479,clear primary agriculture habitation road
test_11480,clear primary
test_11481,haze primary
test_11482,clear primary agriculture cultivation
test_11483,clear primary
test_11484,clear primary
test_11485,clear partly_cloudy primary
test_11486,clear primary
test_11487,clear primary agriculture road
test_11488,clear primary
test_11489,clear primary
test_11490,clear primary
test_11491,clear primary
test_11492,clear primary
test_11493,cloudy
test_11494,clear primary
test_11495,haze primary water
test_11496,clear primary
test_11497,partly_cloudy primary
test_11498,clear primary
test_11499,clear primary
test_11500,clear primary
test_11501,clear primary agriculture cultivation
test_11502,clear partly_cloudy primary agriculture water conventional_mine bare_ground artisinal_mine
test_11503,clear primary agriculture cultivation habitation road
test_11504,clear primary agriculture water cultivation habitation road
test_11505,clear primary water
test_11506,haze primary agriculture water road
test_11507,clear primary agriculture cultivation
test_11508,clear primary
test_11509,clear primary agriculture road
test_11510,partly_cloudy cloudy primary
test_11511,clear primary
test_11512,clear primary water
test_11513,partly_cloudy primary
test_11514,clear primary water
test_11515,clear primary
test_11516,cloudy
test_11517,clear primary agriculture cultivation habitation road
test_11518,clear primary agriculture road
test_11519,clear primary agriculture cultivation habitation
test_11520,clear primary agriculture cultivation
test_11521,clear primary
test_11522,clear primary agriculture road
test_11523,clear primary agriculture cultivation habitation road
test_11524,clear partly_cloudy primary
test_11525,partly_cloudy primary agriculture
test_11526,clear primary habitation road
test_11527,clear primary
test_11528,clear primary agriculture cultivation
test_11529,clear primary agriculture water bare_ground
test_11530,clear primary
test_11531,clear primary agriculture bare_ground
test_11532,clear primary
test_11533,clear primary water habitation
test_11534,clear primary
test_11535,clear primary
test_11536,clear primary agriculture cultivation habitation
test_11537,partly_cloudy primary
test_11538,clear primary
test_11539,clear primary
test_11540,clear primary agriculture cultivation
test_11541,clear primary
test_11542,partly_cloudy primary
test_11543,clear primary
test_11544,clear primary
test_11545,clear haze primary
test_11546,clear primary agriculture cultivation habitation road
test_11547,clear primary
test_11548,clear primary
test_11549,haze primary agriculture
test_11550,cloudy
test_11551,partly_cloudy primary agriculture road
test_11552,clear haze primary
test_11553,partly_cloudy primary agriculture road
test_11554,clear primary agriculture cultivation
test_11555,clear primary
test_11556,partly_cloudy primary agriculture water road
test_11557,partly_cloudy primary
test_11558,clear primary agriculture water cultivation
test_11559,clear haze primary agriculture water habitation road
test_11560,clear haze primary agriculture habitation road
test_11561,clear primary
test_11562,clear primary agriculture cultivation habitation road
test_11563,clear cloudy water
test_11564,clear primary agriculture water
test_11565,clear primary agriculture habitation road bare_ground
test_11566,partly_cloudy primary agriculture road
test_11567,clear primary agriculture cultivation road
test_11568,clear primary water artisinal_mine
test_11569,clear primary agriculture cultivation habitation road
test_11570,clear primary
test_11571,clear primary
test_11572,clear primary agriculture habitation road bare_ground
test_11573,clear primary
test_11574,cloudy
test_11575,clear primary
test_11576,clear haze primary agriculture cultivation
test_11577,partly_cloudy primary
test_11578,clear primary agriculture cultivation
test_11579,clear primary agriculture cultivation
test_11580,clear primary
test_11581,clear primary water
test_11582,clear primary agriculture water cultivation habitation
test_11583,clear primary agriculture road
test_11584,clear primary agriculture road
test_11585,partly_cloudy primary
test_11586,clear primary agriculture water cultivation
test_11587,clear primary
test_11588,clear primary
test_11589,clear primary agriculture road
test_11590,clear primary agriculture road
test_11591,clear primary water
test_11592,clear primary
test_11593,clear primary
test_11594,haze primary
test_11595,clear primary
test_11596,clear primary
test_11597,clear primary
test_11598,clear partly_cloudy primary agriculture road
test_11599,clear primary
test_11600,clear primary
test_11601,partly_cloudy primary
test_11602,clear primary agriculture water bare_ground
test_11603,clear primary
test_11604,clear primary
test_11605,clear primary agriculture cultivation
test_11606,clear primary
test_11607,clear primary agriculture bare_ground
test_11608,clear primary
test_11609,clear primary agriculture habitation road
test_11610,clear primary agriculture cultivation
test_11611,clear primary
test_11612,clear primary
test_11613,clear primary agriculture water road
test_11614,partly_cloudy primary
test_11615,partly_cloudy primary agriculture cultivation
test_11616,clear primary agriculture water road
test_11617,clear primary agriculture cultivation habitation
test_11618,clear haze primary water
test_11619,clear primary
test_11620,clear primary
test_11621,partly_cloudy primary agriculture road
test_11622,clear primary agriculture
test_11623,partly_cloudy cloudy primary
test_11624,cloudy
test_11625,clear primary
test_11626,clear primary
test_11627,clear primary agriculture water cultivation road
test_11628,clear haze primary agriculture water road
test_11629,partly_cloudy primary
test_11630,clear primary agriculture habitation road
test_11631,clear primary
test_11632,clear primary agriculture cultivation
test_11633,partly_cloudy primary agriculture road
test_11634,clear primary water
test_11635,partly_cloudy primary
test_11636,partly_cloudy cloudy primary
test_11637,clear primary
test_11638,partly_cloudy primary agriculture water
test_11639,clear primary
test_11640,clear primary
test_11641,clear primary
test_11642,clear primary
test_11643,partly_cloudy primary agriculture water
test_11644,clear primary agriculture road
test_11645,partly_cloudy primary water
test_11646,clear partly_cloudy primary agriculture road
test_11647,clear primary
test_11648,clear primary water
test_11649,clear primary
test_11650,partly_cloudy primary agriculture habitation road
test_11651,clear primary
test_11652,clear primary agriculture water cultivation habitation road
test_11653,partly_cloudy primary agriculture
test_11654,partly_cloudy primary
test_11655,partly_cloudy primary agriculture water
test_11656,partly_cloudy primary agriculture
test_11657,clear primary
test_11658,partly_cloudy primary agriculture cultivation
test_11659,clear primary agriculture bare_ground
test_11660,clear primary agriculture water
test_11661,clear primary agriculture habitation road
test_11662,clear primary
test_11663,clear primary agriculture water
test_11664,clear partly_cloudy primary
test_11665,clear primary agriculture cultivation road
test_11666,haze cloudy
test_11667,clear partly_cloudy primary
test_11668,clear primary
test_11669,clear primary agriculture water habitation road
test_11670,clear primary
test_11671,clear primary agriculture habitation road
test_11672,clear primary
test_11673,partly_cloudy cloudy
test_11674,clear primary
test_11675,clear haze primary
test_11676,partly_cloudy primary
test_11677,partly_cloudy primary agriculture cultivation
test_11678,partly_cloudy primary
test_11679,clear primary
test_11680,clear primary agriculture cultivation
test_11681,cloudy
test_11682,partly_cloudy primary
test_11683,clear primary
test_11684,clear primary
test_11685,haze cloudy primary water road
test_11686,partly_cloudy primary
test_11687,clear primary agriculture road
test_11688,clear primary water
test_11689,partly_cloudy primary
test_11690,haze primary
test_11691,clear primary
test_11692,clear primary
test_11693,partly_cloudy primary
test_11694,clear primary agriculture cultivation
test_11695,clear haze primary
test_11696,clear primary agriculture cultivation
test_11697,clear primary
test_11698,partly_cloudy primary agriculture
test_11699,clear primary agriculture water road
test_11700,partly_cloudy primary
test_11701,clear primary
test_11702,clear primary agriculture cultivation
test_11703,clear primary water
test_11704,partly_cloudy primary agriculture habitation road
test_11705,clear primary
test_11706,clear primary agriculture water
test_11707,clear primary
test_11708,clear primary water habitation road
test_11709,clear primary water road selective_logging
test_11710,clear primary
test_11711,partly_cloudy primary
test_11712,clear haze primary agriculture water road
test_11713,partly_cloudy primary agriculture habitation road
test_11714,cloudy
test_11715,clear primary habitation road
test_11716,partly_cloudy primary agriculture
test_11717,clear primary agriculture habitation road
test_11718,clear primary agriculture habitation road
test_11719,partly_cloudy primary
test_11720,partly_cloudy primary agriculture cultivation
test_11721,partly_cloudy primary
test_11722,clear primary water road
test_11723,clear primary
test_11724,clear primary
test_11725,clear primary
test_11726,clear primary agriculture habitation road
test_11727,clear primary water
test_11728,partly_cloudy primary agriculture road
test_11729,clear haze primary agriculture road
test_11730,haze primary
test_11731,clear primary agriculture water
test_11732,clear primary agriculture cultivation
test_11733,clear primary agriculture cultivation
test_11734,clear primary
test_11735,clear primary water
test_11736,clear primary
test_11737,clear primary agriculture water habitation road
test_11738,haze primary agriculture cultivation
test_11739,clear primary
test_11740,clear primary agriculture road
test_11741,clear primary
test_11742,clear primary
test_11743,clear primary
test_11744,cloudy
test_11745,partly_cloudy primary agriculture water road
test_11746,clear primary water
test_11747,clear primary agriculture water
test_11748,partly_cloudy primary agriculture water
test_11749,clear partly_cloudy primary agriculture water
test_11750,clear primary agriculture road
test_11751,clear primary
test_11752,clear primary agriculture cultivation habitation
test_11753,clear primary agriculture road
test_11754,clear primary agriculture cultivation road
test_11755,clear primary agriculture cultivation
test_11756,haze cloudy
test_11757,clear primary agriculture cultivation
test_11758,clear primary
test_11759,clear primary agriculture water habitation road
test_11760,clear primary
test_11761,clear primary agriculture water habitation road
test_11762,partly_cloudy primary
test_11763,clear haze primary agriculture cultivation
test_11764,clear primary agriculture water
test_11765,partly_cloudy primary water road
test_11766,clear primary
test_11767,cloudy
test_11768,clear primary
test_11769,clear primary road selective_logging
test_11770,clear primary agriculture water habitation road
test_11771,clear primary
test_11772,haze primary agriculture water road
test_11773,clear primary water
test_11774,clear primary
test_11775,clear primary water artisinal_mine
test_11776,clear haze primary
test_11777,clear primary
test_11778,clear primary agriculture habitation road
test_11779,clear haze primary
test_11780,clear primary water
test_11781,clear primary
test_11782,clear partly_cloudy primary
test_11783,clear primary
test_11784,clear primary agriculture cultivation
test_11785,clear primary
test_11786,clear primary agriculture water road
test_11787,clear cloudy water
test_11788,haze primary water road
test_11789,clear primary
test_11790,clear primary agriculture cultivation
test_11791,clear primary agriculture road
test_11792,clear primary agriculture cultivation road
test_11793,clear primary
test_11794,cloudy
test_11795,partly_cloudy primary agriculture cultivation habitation road
test_11796,partly_cloudy primary
test_11797,clear primary
test_11798,partly_cloudy primary agriculture road
test_11799,clear primary
test_11800,clear primary water bare_ground artisinal_mine selective_logging
test_11801,partly_cloudy primary agriculture road
test_11802,clear primary
test_11803,clear primary agriculture
test_11804,clear primary agriculture cultivation
test_11805,clear primary
test_11806,clear primary
test_11807,clear primary
test_11808,clear primary agriculture water road
test_11809,clear primary
test_11810,clear primary agriculture bare_ground
test_11811,clear primary
test_11812,partly_cloudy cloudy water
test_11813,haze primary
test_11814,clear primary
test_11815,clear primary
test_11816,haze primary
test_11817,clear primary
test_11818,clear primary
test_11819,clear primary agriculture water road
test_11820,clear primary agriculture
test_11821,partly_cloudy primary agriculture road
test_11822,clear primary blooming
test_11823,clear primary
test_11824,clear haze primary agriculture habitation road
test_11825,clear primary
test_11826,partly_cloudy primary agriculture road
test_11827,clear primary
test_11828,partly_cloudy primary
test_11829,partly_cloudy primary agriculture water road
test_11830,clear primary water road
test_11831,clear primary water
test_11832,cloudy
test_11833,clear primary agriculture
test_11834,clear primary agriculture road
test_11835,clear primary
test_11836,clear partly_cloudy primary agriculture water
test_11837,clear primary
test_11838,clear haze primary agriculture water road
test_11839,clear haze primary
test_11840,cloudy
test_11841,clear haze primary water
test_11842,clear primary agriculture cultivation
test_11843,clear partly_cloudy primary agriculture water
test_11844,clear primary agriculture cultivation
test_11845,partly_cloudy primary water
test_11846,clear primary
test_11847,partly_cloudy primary
test_11848,clear primary agriculture cultivation road
test_11849,partly_cloudy primary agriculture cultivation
test_11850,partly_cloudy primary
test_11851,partly_cloudy primary
test_11852,clear primary cultivation blooming selective_logging
test_11853,clear primary
test_11854,clear primary
test_11855,clear primary
test_11856,clear primary water
test_11857,clear primary
test_11858,clear primary
test_11859,clear haze primary
test_11860,partly_cloudy primary
test_11861,partly_cloudy primary agriculture road
test_11862,clear primary
test_11863,clear primary water
test_11864,partly_cloudy primary water
test_11865,partly_cloudy primary agriculture cultivation road
test_11866,clear primary agriculture water
test_11867,clear primary agriculture water road
test_11868,partly_cloudy primary
test_11869,clear primary
test_11870,clear primary agriculture cultivation
test_11871,clear primary
test_11872,partly_cloudy primary
test_11873,partly_cloudy primary
test_11874,clear primary
test_11875,clear primary
test_11876,clear primary
test_11877,haze primary agriculture water
test_11878,clear primary agriculture cultivation road
test_11879,clear primary
test_11880,clear primary agriculture road
test_11881,clear primary agriculture water habitation
test_11882,clear partly_cloudy primary
test_11883,clear primary agriculture water road
test_11884,clear primary agriculture road
test_11885,clear primary
test_11886,partly_cloudy primary
test_11887,clear primary agriculture habitation road
test_11888,clear haze primary agriculture cultivation
test_11889,cloudy
test_11890,partly_cloudy primary agriculture water
test_11891,clear primary
test_11892,clear primary agriculture cultivation
test_11893,clear primary agriculture road bare_ground
test_11894,clear primary
test_11895,clear primary
test_11896,partly_cloudy primary
test_11897,clear primary agriculture cultivation
test_11898,clear primary agriculture water
test_11899,partly_cloudy primary
test_11900,clear primary
test_11901,clear primary agriculture water habitation road
test_11902,clear primary agriculture road
test_11903,clear primary agriculture road
test_11904,clear primary agriculture road
test_11905,clear haze primary agriculture water cultivation
test_11906,clear haze primary
test_11907,haze cloudy
test_11908,cloudy
test_11909,clear primary agriculture habitation road
test_11910,clear primary agriculture road
test_11911,clear primary
test_11912,cloudy
test_11913,clear primary
test_11914,clear primary agriculture cultivation
test_11915,cloudy
test_11916,haze cloudy
test_11917,clear primary road selective_logging
test_11918,clear primary
test_11919,partly_cloudy primary
test_11920,clear primary agriculture cultivation
test_11921,clear primary agriculture road
test_11922,partly_cloudy primary agriculture
test_11923,clear primary
test_11924,clear primary agriculture habitation road
test_11925,partly_cloudy primary agriculture
test_11926,clear primary agriculture bare_ground
test_11927,cloudy
test_11928,partly_cloudy primary
test_11929,clear primary
test_11930,clear primary
test_11931,partly_cloudy primary
test_11932,clear primary
test_11933,haze primary
test_11934,haze primary
test_11935,clear primary water
test_11936,clear primary
test_11937,clear primary agriculture water road artisinal_mine
test_11938,clear haze primary water
test_11939,clear primary water road
test_11940,clear primary agriculture cultivation road
test_11941,clear primary water road
test_11942,clear primary water road
test_11943,clear primary agriculture road
test_11944,partly_cloudy primary
test_11945,clear primary agriculture cultivation road
test_11946,clear primary
test_11947,partly_cloudy primary
test_11948,clear primary agriculture road
test_11949,clear primary
test_11950,partly_cloudy cloudy primary
test_11951,clear primary
test_11952,clear primary
test_11953,clear primary
test_11954,clear haze primary water
test_11955,clear primary water
test_11956,clear primary water
test_11957,partly_cloudy primary
test_11958,clear primary agriculture road
test_11959,partly_cloudy primary agriculture water cultivation habitation
test_11960,clear primary agriculture cultivation
test_11961,partly_cloudy primary
test_11962,clear primary agriculture road
test_11963,clear primary
test_11964,clear primary
test_11965,clear primary
test_11966,clear primary
test_11967,clear haze primary agriculture water
test_11968,clear primary
test_11969,partly_cloudy primary agriculture water
test_11970,clear primary road selective_logging
test_11971,clear primary water road
test_11972,haze primary
test_11973,clear primary
test_11974,clear primary agriculture
test_11975,clear primary water
test_11976,clear primary
test_11977,clear primary
test_11978,clear primary
test_11979,clear primary agriculture bare_ground
test_11980,partly_cloudy primary
test_11981,clear primary water
test_11982,clear primary
test_11983,clear primary agriculture water habitation road
test_11984,clear primary agriculture water
test_11985,cloudy
test_11986,clear primary water
test_11987,clear primary water road selective_logging
test_11988,clear primary water
test_11989,clear primary water road
test_11990,clear haze primary agriculture water
test_11991,cloudy
test_11992,partly_cloudy primary
test_11993,clear primary water road
test_11994,clear primary agriculture road
test_11995,clear primary agriculture cultivation
test_11996,haze cloudy primary
test_11997,clear primary
test_11998,clear primary road
test_11999,clear primary agriculture water cultivation habitation
test_12000,partly_cloudy primary
test_12001,clear primary
test_12002,clear primary agriculture cultivation
test_12003,partly_cloudy primary
test_12004,cloudy
test_12005,cloudy
test_12006,partly_cloudy primary
test_12007,clear primary
test_12008,partly_cloudy primary
test_12009,clear primary agriculture water
test_12010,clear primary
test_12011,clear primary
test_12012,haze primary agriculture water road
test_12013,clear primary
test_12014,clear primary water road
test_12015,clear primary agriculture road bare_ground
test_12016,cloudy
test_12017,partly_cloudy primary
test_12018,clear primary
test_12019,clear partly_cloudy primary
test_12020,clear primary agriculture cultivation
test_12021,partly_cloudy primary
test_12022,clear primary
test_12023,clear primary
test_12024,clear primary
test_12025,clear primary
test_12026,clear partly_cloudy primary
test_12027,clear primary agriculture
test_12028,clear primary water road
test_12029,clear primary agriculture cultivation
test_12030,clear primary water road
test_12031,clear primary
test_12032,clear primary
test_12033,partly_cloudy primary
test_12034,clear primary agriculture cultivation
test_12035,clear primary
test_12036,partly_cloudy primary agriculture cultivation habitation road
test_12037,clear primary agriculture water habitation road
test_12038,clear primary agriculture road
test_12039,clear haze primary agriculture cultivation
test_12040,partly_cloudy primary
test_12041,clear primary agriculture cultivation
test_12042,clear primary agriculture water bare_ground
test_12043,clear primary agriculture road
test_12044,partly_cloudy primary agriculture road
test_12045,clear primary
test_12046,clear primary water road
test_12047,haze primary agriculture water road
test_12048,clear partly_cloudy primary agriculture cultivation habitation road
test_12049,clear primary
test_12050,clear partly_cloudy primary agriculture road
test_12051,clear primary water
test_12052,partly_cloudy primary agriculture cultivation road
test_12053,partly_cloudy primary
test_12054,clear primary
test_12055,clear primary
test_12056,partly_cloudy cloudy primary
test_12057,clear primary water
test_12058,clear primary agriculture water
test_12059,clear primary
test_12060,haze primary
test_12061,clear primary
test_12062,haze primary
test_12063,clear primary agriculture habitation road
test_12064,partly_cloudy primary agriculture habitation road
test_12065,clear haze primary
test_12066,clear primary agriculture water
test_12067,clear primary agriculture cultivation road
test_12068,clear primary
test_12069,clear primary
test_12070,clear primary agriculture road
test_12071,partly_cloudy primary agriculture road
test_12072,clear primary agriculture habitation road
test_12073,clear primary agriculture road
test_12074,clear haze partly_cloudy primary water
test_12075,clear primary
test_12076,clear primary
test_12077,haze primary
test_12078,clear primary
test_12079,clear primary water
test_12080,partly_cloudy primary
test_12081,clear primary water
test_12082,clear primary agriculture cultivation habitation
test_12083,clear primary water
test_12084,partly_cloudy primary
test_12085,clear primary
test_12086,partly_cloudy cloudy primary
test_12087,clear primary agriculture road
test_12088,clear primary water
test_12089,cloudy
test_12090,clear primary agriculture cultivation habitation road
test_12091,clear primary water road
test_12092,clear primary
test_12093,clear primary
test_12094,clear primary
test_12095,partly_cloudy primary agriculture
test_12096,clear primary agriculture habitation road
test_12097,clear primary water road conventional_mine bare_ground artisinal_mine
test_12098,clear primary agriculture cultivation habitation road
test_12099,clear primary agriculture water road
test_12100,partly_cloudy primary
test_12101,clear primary
test_12102,cloudy
test_12103,clear partly_cloudy primary
test_12104,clear primary water
test_12105,partly_cloudy primary
test_12106,clear primary agriculture cultivation
test_12107,partly_cloudy primary
test_12108,clear primary
test_12109,clear primary
test_12110,clear primary
test_12111,clear primary water road
test_12112,clear partly_cloudy primary
test_12113,clear primary
test_12114,clear primary
test_12115,clear primary
test_12116,clear primary agriculture cultivation
test_12117,clear primary water habitation
test_12118,clear primary agriculture road
test_12119,clear primary agriculture water
test_12120,partly_cloudy primary
test_12121,clear primary agriculture road
test_12122,clear primary agriculture cultivation
test_12123,clear primary water
test_12124,clear primary
test_12125,clear primary agriculture bare_ground
test_12126,haze primary agriculture cultivation
test_12127,clear primary water road
test_12128,clear primary
test_12129,clear primary agriculture water
test_12130,cloudy
test_12131,clear primary
test_12132,partly_cloudy primary agriculture road
test_12133,partly_cloudy primary
test_12134,clear primary water road
test_12135,clear primary agriculture
test_12136,haze primary
test_12137,clear haze primary water
test_12138,clear primary agriculture habitation road
test_12139,clear primary
test_12140,clear primary water
test_12141,clear primary agriculture
test_12142,clear haze primary agriculture cultivation habitation
test_12143,clear primary
test_12144,clear primary agriculture habitation road
test_12145,clear haze primary agriculture
test_12146,clear primary agriculture cultivation habitation road
test_12147,clear primary water road selective_logging
test_12148,partly_cloudy primary agriculture cultivation
test_12149,clear haze primary agriculture water
test_12150,haze primary
test_12151,haze primary agriculture water
test_12152,partly_cloudy primary
test_12153,clear primary agriculture cultivation
test_12154,clear primary water road artisinal_mine
test_12155,clear primary
test_12156,clear primary
test_12157,clear primary
test_12158,partly_cloudy primary agriculture cultivation
test_12159,partly_cloudy primary agriculture road
test_12160,clear primary agriculture habitation road bare_ground
test_12161,clear primary
test_12162,clear primary agriculture cultivation habitation
test_12163,clear partly_cloudy primary
test_12164,clear primary water road
test_12165,clear primary
test_12166,clear primary water
test_12167,clear primary blooming
test_12168,clear primary agriculture water
test_12169,clear primary
test_12170,clear primary water
test_12171,clear primary
test_12172,clear primary
test_12173,clear haze primary
test_12174,partly_cloudy primary
test_12175,clear primary
test_12176,clear primary
test_12177,clear primary
test_12178,clear primary agriculture cultivation
test_12179,clear primary
test_12180,clear primary
test_12181,clear primary
test_12182,cloudy
test_12183,partly_cloudy primary water
test_12184,clear primary water road
test_12185,clear primary agriculture cultivation road
test_12186,partly_cloudy primary
test_12187,clear primary
test_12188,clear primary
test_12189,partly_cloudy primary
test_12190,clear primary water
test_12191,clear primary
test_12192,clear primary
test_12193,clear primary
test_12194,haze partly_cloudy cloudy primary
test_12195,haze cloudy primary
test_12196,partly_cloudy primary agriculture habitation road
test_12197,clear primary agriculture water road
test_12198,clear primary
test_12199,clear primary
test_12200,clear primary
test_12201,clear primary agriculture cultivation habitation road
test_12202,clear primary
test_12203,clear primary
test_12204,clear primary
test_12205,clear primary
test_12206,clear primary agriculture cultivation habitation road
test_12207,clear primary agriculture cultivation habitation
test_12208,haze cloudy primary
test_12209,clear partly_cloudy primary agriculture cultivation habitation
test_12210,clear cloudy water
test_12211,clear primary agriculture road
test_12212,haze primary
test_12213,clear primary
test_12214,clear primary agriculture cultivation habitation road
test_12215,clear primary
test_12216,clear primary
test_12217,haze primary
test_12218,clear primary
test_12219,clear primary agriculture cultivation
test_12220,partly_cloudy primary agriculture road
test_12221,partly_cloudy primary agriculture road
test_12222,clear primary
test_12223,clear primary
test_12224,clear primary agriculture cultivation
test_12225,clear primary
test_12226,clear primary
test_12227,clear primary
test_12228,clear primary
test_12229,clear primary agriculture cultivation habitation
test_12230,clear primary
test_12231,haze partly_cloudy primary
test_12232,clear primary water
test_12233,clear primary
test_12234,clear primary
test_12235,clear primary
test_12236,cloudy
test_12237,clear primary
test_12238,clear primary
test_12239,clear primary
test_12240,clear primary agriculture habitation road
test_12241,clear primary agriculture water cultivation habitation road
test_12242,partly_cloudy primary water
test_12243,clear primary
test_12244,clear primary
test_12245,clear primary agriculture water
test_12246,clear primary agriculture water cultivation habitation road
test_12247,partly_cloudy primary agriculture cultivation habitation road
test_12248,clear primary agriculture road
test_12249,clear primary agriculture road
test_12250,partly_cloudy primary agriculture cultivation
test_12251,clear primary water road selective_logging
test_12252,clear cloudy primary water
test_12253,clear primary agriculture
test_12254,cloudy
test_12255,clear primary
test_12256,clear primary
test_12257,clear primary agriculture cultivation
test_12258,clear primary agriculture water road
test_12259,clear primary agriculture habitation road
test_12260,clear primary
test_12261,clear primary
test_12262,clear primary agriculture road
test_12263,clear primary agriculture cultivation
test_12264,clear primary agriculture
test_12265,partly_cloudy primary
test_12266,partly_cloudy primary agriculture water road
test_12267,clear primary agriculture cultivation
test_12268,clear primary agriculture water road selective_logging
test_12269,clear primary water road
test_12270,partly_cloudy primary
test_12271,clear cloudy water
test_12272,partly_cloudy primary
test_12273,clear primary agriculture
test_12274,clear primary
test_12275,clear primary
test_12276,clear primary
test_12277,clear primary agriculture road
test_12278,clear primary water bare_ground artisinal_mine
test_12279,clear primary agriculture cultivation
test_12280,clear primary
test_12281,clear primary
test_12282,cloudy
test_12283,clear primary agriculture habitation road
test_12284,clear primary
test_12285,clear primary
test_12286,partly_cloudy primary
test_12287,clear haze primary agriculture water
test_12288,clear partly_cloudy primary
test_12289,haze primary agriculture cultivation
test_12290,clear partly_cloudy primary agriculture habitation road
test_12291,clear primary agriculture cultivation road
test_12292,clear primary agriculture cultivation
test_12293,cloudy
test_12294,clear primary agriculture water
test_12295,clear primary water road
test_12296,clear primary
test_12297,partly_cloudy primary agriculture
test_12298,clear primary agriculture water cultivation
test_12299,clear primary
test_12300,partly_cloudy primary
test_12301,clear primary water
test_12302,clear primary agriculture water road
test_12303,clear primary agriculture cultivation
test_12304,clear primary agriculture water
test_12305,partly_cloudy primary
test_12306,partly_cloudy primary agriculture
test_12307,clear primary
test_12308,clear primary
test_12309,clear primary agriculture habitation road
test_12310,clear primary agriculture bare_ground
test_12311,partly_cloudy primary agriculture
test_12312,partly_cloudy cloudy primary water
test_12313,partly_cloudy primary
test_12314,partly_cloudy primary
test_12315,haze primary agriculture
test_12316,clear partly_cloudy primary
test_12317,clear primary agriculture habitation road
test_12318,clear primary
test_12319,clear primary
test_12320,clear primary agriculture water cultivation habitation road
test_12321,partly_cloudy primary agriculture habitation road
test_12322,clear primary water
test_12323,clear primary
test_12324,clear primary
test_12325,haze primary
test_12326,clear haze primary agriculture water road
test_12327,clear primary
test_12328,clear primary agriculture habitation road
test_12329,partly_cloudy primary
test_12330,clear primary
test_12331,cloudy
test_12332,partly_cloudy primary agriculture water
test_12333,clear partly_cloudy primary agriculture habitation road
test_12334,partly_cloudy primary agriculture water road
test_12335,clear primary agriculture water cultivation
test_12336,haze primary
test_12337,partly_cloudy primary agriculture
test_12338,clear primary water road
test_12339,clear primary agriculture cultivation
test_12340,cloudy
test_12341,cloudy
test_12342,clear primary
test_12343,clear primary
test_12344,clear primary
test_12345,clear primary water road selective_logging
test_12346,clear primary
test_12347,clear primary
test_12348,clear primary
test_12349,clear primary agriculture cultivation
test_12350,partly_cloudy primary agriculture water
test_12351,clear haze primary
test_12352,clear partly_cloudy primary agriculture habitation road
test_12353,partly_cloudy primary agriculture water road
test_12354,clear primary water road
test_12355,clear primary
test_12356,clear primary
test_12357,clear primary agriculture water road
test_12358,partly_cloudy primary
test_12359,clear primary agriculture road
test_12360,clear primary agriculture road
test_12361,clear primary agriculture habitation road
test_12362,clear primary water
test_12363,clear primary
test_12364,haze cloudy primary
test_12365,clear primary agriculture cultivation
test_12366,partly_cloudy cloudy primary water
test_12367,clear primary
test_12368,clear primary agriculture water
test_12369,clear primary agriculture
test_12370,clear primary
test_12371,clear primary
test_12372,partly_cloudy primary
test_12373,clear primary agriculture water habitation road
test_12374,clear primary water
test_12375,cloudy
test_12376,clear primary agriculture cultivation
test_12377,clear primary water road
test_12378,clear primary
test_12379,clear primary agriculture cultivation
test_12380,clear primary agriculture water road
test_12381,haze primary
test_12382,clear partly_cloudy primary
test_12383,clear primary
test_12384,clear primary agriculture water road
test_12385,clear primary agriculture road
test_12386,clear primary agriculture cultivation habitation road
test_12387,clear primary
test_12388,clear primary
test_12389,clear primary agriculture
test_12390,partly_cloudy primary agriculture
test_12391,partly_cloudy primary agriculture habitation road
test_12392,clear primary
test_12393,clear primary agriculture cultivation
test_12394,clear primary
test_12395,clear primary water
test_12396,clear primary
test_12397,clear partly_cloudy primary agriculture cultivation
test_12398,clear primary agriculture
test_12399,clear primary agriculture habitation road
test_12400,clear primary agriculture road
test_12401,clear partly_cloudy primary water
test_12402,partly_cloudy primary
test_12403,partly_cloudy cloudy
test_12404,partly_cloudy primary
test_12405,clear primary agriculture water cultivation road
test_12406,clear primary agriculture water
test_12407,partly_cloudy primary agriculture road
test_12408,clear primary agriculture cultivation habitation road
test_12409,clear primary agriculture water cultivation
test_12410,partly_cloudy primary
test_12411,clear primary
test_12412,partly_cloudy primary
test_12413,clear primary
test_12414,clear primary water
test_12415,clear haze primary
test_12416,clear primary agriculture cultivation road
test_12417,clear primary agriculture road
test_12418,clear primary agriculture water cultivation
test_12419,clear primary agriculture water habitation road bare_ground artisinal_mine
test_12420,clear primary
test_12421,partly_cloudy primary agriculture water road
test_12422,partly_cloudy primary water
test_12423,haze partly_cloudy primary agriculture water
test_12424,clear primary
test_12425,clear primary
test_12426,clear primary water
test_12427,clear primary agriculture habitation road
test_12428,clear primary habitation road
test_12429,partly_cloudy primary
test_12430,cloudy
test_12431,clear primary
test_12432,clear primary water
test_12433,partly_cloudy primary
test_12434,clear primary agriculture water habitation road
test_12435,clear partly_cloudy primary
test_12436,clear primary agriculture cultivation
test_12437,clear primary
test_12438,partly_cloudy primary
test_12439,clear primary
test_12440,clear primary
test_12441,clear primary
test_12442,clear primary agriculture road
test_12443,clear primary
test_12444,haze cloudy
test_12445,clear primary
test_12446,clear primary
test_12447,clear primary agriculture road
test_12448,clear primary agriculture cultivation
test_12449,haze partly_cloudy primary
test_12450,partly_cloudy primary agriculture cultivation road
test_12451,clear primary
test_12452,clear primary
test_12453,clear primary agriculture habitation road
test_12454,haze primary
test_12455,clear primary
test_12456,clear primary
test_12457,haze partly_cloudy primary agriculture water habitation road
test_12458,clear primary water
test_12459,clear primary
test_12460,clear primary
test_12461,partly_cloudy primary road
test_12462,clear primary agriculture habitation road bare_ground
test_12463,clear primary
test_12464,partly_cloudy primary
test_12465,clear primary water road artisinal_mine selective_logging
test_12466,partly_cloudy primary
test_12467,partly_cloudy primary
test_12468,haze primary water
test_12469,clear primary agriculture bare_ground
test_12470,clear primary
test_12471,clear primary
test_12472,partly_cloudy primary
test_12473,clear primary
test_12474,partly_cloudy cloudy primary
test_12475,clear primary
test_12476,clear primary agriculture water road
test_12477,clear haze primary water
test_12478,clear primary
test_12479,clear primary water
test_12480,clear primary water road
test_12481,clear primary agriculture cultivation habitation road
test_12482,clear primary
test_12483,clear primary
test_12484,partly_cloudy primary
test_12485,clear primary agriculture cultivation
test_12486,clear primary agriculture habitation road
test_12487,clear partly_cloudy primary agriculture habitation road
test_12488,clear primary blooming selective_logging
test_12489,partly_cloudy primary
test_12490,clear primary water
test_12491,partly_cloudy primary
test_12492,clear primary agriculture water road bare_ground
test_12493,clear primary agriculture habitation road
test_12494,partly_cloudy primary agriculture
test_12495,clear primary
test_12496,clear primary agriculture road
test_12497,clear primary
test_12498,clear primary agriculture habitation road
test_12499,clear primary
test_12500,partly_cloudy primary
test_12501,clear primary
test_12502,clear haze primary water
test_12503,clear haze primary agriculture cultivation
test_12504,clear primary
test_12505,clear primary habitation road
test_12506,partly_cloudy primary agriculture water
test_12507,clear primary agriculture cultivation
test_12508,partly_cloudy primary agriculture water cultivation road
test_12509,partly_cloudy primary agriculture water
test_12510,clear primary
test_12511,clear primary water
test_12512,clear primary agriculture water cultivation habitation road
test_12513,haze primary
test_12514,clear primary agriculture cultivation habitation road
test_12515,clear primary
test_12516,clear cloudy water
test_12517,clear primary agriculture habitation road bare_ground
test_12518,partly_cloudy primary water
test_12519,clear primary agriculture cultivation
test_12520,clear primary agriculture
test_12521,clear partly_cloudy primary
test_12522,clear primary
test_12523,clear primary agriculture cultivation habitation road
test_12524,clear primary water
test_12525,clear primary
test_12526,partly_cloudy primary agriculture road
test_12527,clear primary agriculture water cultivation habitation road
test_12528,clear primary water road
test_12529,clear primary agriculture road
test_12530,haze primary
test_12531,clear primary
test_12532,clear primary agriculture water road
test_12533,partly_cloudy cloudy primary
test_12534,clear primary agriculture water cultivation habitation
test_12535,clear primary water road
test_12536,clear primary
test_12537,clear primary
test_12538,clear primary water
test_12539,clear primary blooming
test_12540,clear primary
test_12541,partly_cloudy primary agriculture cultivation
test_12542,partly_cloudy primary
test_12543,clear primary
test_12544,partly_cloudy primary agriculture cultivation
test_12545,clear primary agriculture road
test_12546,clear primary agriculture road
test_12547,clear primary agriculture water cultivation road
test_12548,clear cloudy water
test_12549,clear primary
test_12550,clear primary
test_12551,clear primary
test_12552,clear primary
test_12553,clear haze primary agriculture
test_12554,cloudy primary
test_12555,clear primary agriculture cultivation
test_12556,clear primary water
test_12557,clear primary water bare_ground artisinal_mine
test_12558,clear primary
test_12559,partly_cloudy primary
test_12560,partly_cloudy primary
test_12561,clear primary
test_12562,partly_cloudy primary
test_12563,clear primary agriculture cultivation habitation
test_12564,clear primary water bare_ground artisinal_mine
test_12565,clear primary
test_12566,clear primary
test_12567,clear partly_cloudy primary agriculture cultivation road
test_12568,clear partly_cloudy primary agriculture road
test_12569,partly_cloudy primary agriculture water
test_12570,clear haze primary agriculture water
test_12571,clear primary agriculture road
test_12572,clear partly_cloudy primary agriculture water habitation road
test_12573,partly_cloudy primary
test_12574,clear primary
test_12575,clear primary
test_12576,clear primary
test_12577,partly_cloudy primary agriculture water road
test_12578,clear primary
test_12579,clear primary agriculture cultivation
test_12580,clear haze primary agriculture water
test_12581,clear primary
test_12582,partly_cloudy primary
test_12583,clear primary agriculture
test_12584,clear primary water
test_12585,clear primary agriculture water cultivation road
test_12586,partly_cloudy primary water road
test_12587,clear primary
test_12588,clear primary agriculture water habitation road
test_12589,clear primary road selective_logging
test_12590,clear primary
test_12591,clear haze primary water
test_12592,clear primary
test_12593,partly_cloudy primary
test_12594,partly_cloudy primary agriculture cultivation road
test_12595,clear primary
test_12596,clear primary agriculture road
test_12597,clear primary agriculture water road
test_12598,clear primary
test_12599,clear primary
test_12600,clear primary agriculture cultivation habitation
test_12601,clear primary agriculture habitation road
test_12602,clear primary
test_12603,partly_cloudy primary
test_12604,clear primary agriculture water cultivation habitation road
test_12605,clear primary agriculture cultivation
test_12606,clear primary
test_12607,clear primary
test_12608,clear primary water
test_12609,clear primary
test_12610,clear primary agriculture bare_ground
test_12611,clear primary agriculture cultivation
test_12612,cloudy
test_12613,clear primary
test_12614,haze primary
test_12615,cloudy
test_12616,partly_cloudy primary
test_12617,clear haze primary
test_12618,clear primary
test_12619,clear haze primary agriculture cultivation road
test_12620,clear primary
test_12621,partly_cloudy primary water
test_12622,clear primary
test_12623,clear primary
test_12624,cloudy
test_12625,clear primary
test_12626,clear primary
test_12627,partly_cloudy primary
test_12628,clear primary
test_12629,clear primary
test_12630,clear primary blooming
test_12631,clear primary water
test_12632,clear primary
test_12633,clear primary agriculture water habitation road
test_12634,cloudy
test_12635,clear primary
test_12636,clear primary
test_12637,clear primary agriculture water habitation road
test_12638,partly_cloudy primary
test_12639,haze cloudy primary
test_12640,partly_cloudy primary agriculture water
test_12641,clear primary
test_12642,partly_cloudy primary agriculture
test_12643,clear primary
test_12644,clear primary
test_12645,haze primary
test_12646,clear primary
test_12647,clear primary
test_12648,haze primary
test_12649,clear primary agriculture water road
test_12650,clear primary water
test_12651,clear primary agriculture water cultivation habitation
test_12652,clear primary agriculture water road bare_ground
test_12653,clear primary
test_12654,clear primary
test_12655,clear primary
test_12656,partly_cloudy primary agriculture water
test_12657,partly_cloudy primary agriculture water
test_12658,clear primary agriculture habitation road
test_12659,clear primary agriculture
test_12660,clear primary agriculture bare_ground
test_12661,clear primary water
test_12662,partly_cloudy primary
test_12663,clear primary
test_12664,clear primary agriculture water road bare_ground
test_12665,clear primary
test_12666,clear primary
test_12667,clear primary agriculture water
test_12668,clear haze primary agriculture cultivation
test_12669,clear primary
test_12670,clear primary
test_12671,cloudy
test_12672,clear primary agriculture road
test_12673,clear primary
test_12674,cloudy
test_12675,clear primary agriculture habitation road
test_12676,clear primary agriculture water cultivation
test_12677,partly_cloudy primary
test_12678,clear primary agriculture cultivation road
test_12679,clear primary agriculture road
test_12680,clear primary
test_12681,clear primary agriculture bare_ground
test_12682,clear cloudy water
test_12683,clear primary
test_12684,clear primary agriculture road
test_12685,clear partly_cloudy primary agriculture water cultivation habitation
test_12686,partly_cloudy primary agriculture road
test_12687,clear primary agriculture
test_12688,haze primary
test_12689,haze primary agriculture cultivation
test_12690,clear primary agriculture water
test_12691,clear primary
test_12692,clear primary agriculture water
test_12693,clear primary
test_12694,clear primary water road
test_12695,clear primary agriculture water cultivation
test_12696,clear primary agriculture cultivation road
test_12697,clear partly_cloudy primary water road
test_12698,partly_cloudy primary
test_12699,clear primary agriculture cultivation habitation road
test_12700,clear primary
test_12701,clear primary agriculture road
test_12702,clear primary
test_12703,partly_cloudy primary
test_12704,clear primary agriculture cultivation
test_12705,clear primary
test_12706,clear primary
test_12707,clear primary water
test_12708,clear primary
test_12709,clear primary
test_12710,clear primary agriculture habitation road
test_12711,clear primary
test_12712,partly_cloudy cloudy primary
test_12713,clear primary
test_12714,partly_cloudy primary
test_12715,clear primary
test_12716,clear primary
test_12717,partly_cloudy primary
test_12718,haze primary agriculture cultivation
test_12719,cloudy
test_12720,clear haze primary agriculture habitation road
test_12721,partly_cloudy primary
test_12722,clear haze primary
test_12723,partly_cloudy cloudy primary
test_12724,partly_cloudy primary
test_12725,clear primary agriculture water cultivation road
test_12726,clear primary
test_12727,partly_cloudy cloudy primary
test_12728,partly_cloudy primary agriculture
test_12729,clear primary agriculture habitation road
test_12730,partly_cloudy primary water road
test_12731,partly_cloudy primary agriculture road
test_12732,clear primary
test_12733,haze primary
test_12734,clear primary agriculture water cultivation
test_12735,clear haze primary agriculture water road
test_12736,partly_cloudy primary
test_12737,cloudy
test_12738,haze cloudy
test_12739,clear primary
test_12740,clear primary agriculture cultivation
test_12741,clear primary agriculture road
test_12742,clear primary
test_12743,partly_cloudy primary
test_12744,clear partly_cloudy primary water road
test_12745,clear primary agriculture cultivation
test_12746,clear primary agriculture habitation road
test_12747,partly_cloudy primary agriculture road
test_12748,clear primary
test_12749,partly_cloudy primary water
test_12750,partly_cloudy primary
test_12751,clear primary agriculture cultivation
test_12752,clear primary
test_12753,haze partly_cloudy primary
test_12754,clear primary agriculture
test_12755,clear primary agriculture cultivation
test_12756,clear primary agriculture habitation road
test_12757,clear primary agriculture cultivation habitation road
test_12758,clear primary
test_12759,clear haze primary agriculture water
test_12760,clear primary
test_12761,clear partly_cloudy primary
test_12762,clear partly_cloudy primary
test_12763,clear primary
test_12764,partly_cloudy primary agriculture
test_12765,clear primary agriculture
test_12766,clear primary
test_12767,clear primary
test_12768,clear primary agriculture habitation road bare_ground
test_12769,haze partly_cloudy primary agriculture water
test_12770,clear primary agriculture water cultivation habitation road
test_12771,clear primary agriculture water cultivation
test_12772,clear haze primary agriculture road
test_12773,clear primary
test_12774,clear primary
test_12775,clear primary agriculture road
test_12776,partly_cloudy primary agriculture water
test_12777,clear primary agriculture cultivation
test_12778,clear primary
test_12779,clear primary agriculture cultivation habitation road
test_12780,clear primary
test_12781,partly_cloudy primary
test_12782,haze primary agriculture water
test_12783,partly_cloudy primary agriculture cultivation
test_12784,partly_cloudy primary
test_12785,partly_cloudy primary
test_12786,clear primary
test_12787,clear primary
test_12788,partly_cloudy cloudy primary
test_12789,clear primary
test_12790,clear primary
test_12791,clear primary water road
test_12792,partly_cloudy primary
test_12793,clear primary agriculture
test_12794,clear primary water
test_12795,clear partly_cloudy primary
test_12796,clear primary agriculture habitation road
test_12797,haze primary
test_12798,clear primary
test_12799,clear primary agriculture road
test_12800,haze primary
test_12801,clear primary agriculture cultivation habitation road
test_12802,clear primary
test_12803,clear primary
test_12804,clear primary
test_12805,clear primary agriculture habitation road bare_ground
test_12806,partly_cloudy cloudy primary
test_12807,clear primary agriculture habitation road
test_12808,clear primary agriculture road
test_12809,clear primary agriculture road
test_12810,clear primary agriculture road bare_ground
test_12811,clear primary water road selective_logging
test_12812,clear primary water
test_12813,clear primary agriculture cultivation road
test_12814,clear primary
test_12815,clear primary
test_12816,clear primary
test_12817,clear primary
test_12818,clear primary
test_12819,clear primary agriculture cultivation road
test_12820,partly_cloudy primary
test_12821,clear primary
test_12822,clear primary
test_12823,clear primary
test_12824,clear primary water
test_12825,partly_cloudy primary
test_12826,partly_cloudy primary agriculture cultivation
test_12827,clear primary
test_12828,clear primary water
test_12829,clear primary
test_12830,clear primary agriculture cultivation habitation
test_12831,clear primary agriculture road
test_12832,clear primary agriculture cultivation
test_12833,clear primary
test_12834,cloudy
test_12835,clear primary agriculture water
test_12836,clear haze primary
test_12837,clear primary
test_12838,clear primary
test_12839,clear primary
test_12840,clear primary
test_12841,cloudy
test_12842,clear primary
test_12843,partly_cloudy primary
test_12844,clear primary agriculture water cultivation habitation road
test_12845,cloudy
test_12846,partly_cloudy primary water road
test_12847,clear primary
test_12848,partly_cloudy primary agriculture water
test_12849,clear primary
test_12850,partly_cloudy primary
test_12851,cloudy
test_12852,clear primary
test_12853,partly_cloudy primary
test_12854,partly_cloudy primary
test_12855,partly_cloudy primary agriculture water
test_12856,clear primary
test_12857,clear primary agriculture habitation road
test_12858,partly_cloudy primary agriculture water
test_12859,clear primary agriculture road
test_12860,clear primary agriculture cultivation habitation road
test_12861,clear primary
test_12862,clear primary
test_12863,clear primary water road selective_logging
test_12864,haze primary
test_12865,clear primary
test_12866,haze primary agriculture water
test_12867,clear primary agriculture water road
test_12868,clear primary
test_12869,partly_cloudy primary
test_12870,haze cloudy primary
test_12871,haze cloudy primary water
test_12872,clear haze primary
test_12873,partly_cloudy primary
test_12874,clear haze primary agriculture cultivation
test_12875,clear primary
test_12876,clear primary
test_12877,clear primary agriculture cultivation
test_12878,clear primary agriculture cultivation
test_12879,clear primary
test_12880,clear primary agriculture cultivation
test_12881,clear primary
test_12882,partly_cloudy primary
test_12883,clear partly_cloudy primary agriculture road
test_12884,clear primary
test_12885,clear primary
test_12886,clear primary agriculture cultivation
test_12887,clear primary
test_12888,clear primary agriculture water cultivation habitation road
test_12889,clear primary
test_12890,clear primary water road selective_logging
test_12891,clear primary
test_12892,clear primary
test_12893,clear primary
test_12894,clear haze primary agriculture water cultivation road
test_12895,partly_cloudy primary
test_12896,haze partly_cloudy primary
test_12897,partly_cloudy primary agriculture water
test_12898,clear primary
test_12899,clear primary
test_12900,partly_cloudy primary agriculture water
test_12901,clear primary agriculture habitation road bare_ground
test_12902,clear cloudy water
test_12903,clear primary
test_12904,haze cloudy primary
test_12905,clear primary agriculture road
test_12906,clear primary
test_12907,clear primary agriculture water cultivation
test_12908,partly_cloudy primary water road
test_12909,clear primary water
test_12910,clear primary
test_12911,clear primary
test_12912,clear partly_cloudy primary
test_12913,haze primary
test_12914,partly_cloudy primary
test_12915,partly_cloudy primary agriculture cultivation habitation road
test_12916,haze primary
test_12917,clear primary
test_12918,clear primary
test_12919,cloudy
test_12920,clear primary agriculture cultivation road
test_12921,clear primary agriculture cultivation
test_12922,clear primary agriculture habitation road
test_12923,clear partly_cloudy primary
test_12924,clear primary agriculture habitation road bare_ground
test_12925,clear primary
test_12926,haze primary
test_12927,cloudy
test_12928,haze cloudy
test_12929,haze cloudy primary
test_12930,clear primary water
test_12931,clear primary agriculture bare_ground
test_12932,clear haze primary water
test_12933,clear primary water
test_12934,clear primary
test_12935,clear primary
test_12936,clear primary agriculture road
test_12937,clear primary
test_12938,clear primary agriculture cultivation
test_12939,cloudy
test_12940,clear primary
test_12941,clear primary water
test_12942,partly_cloudy primary agriculture water
test_12943,clear primary
test_12944,partly_cloudy primary water
test_12945,partly_cloudy primary
test_12946,clear primary agriculture cultivation road
test_12947,clear primary
test_12948,clear primary agriculture road
test_12949,clear partly_cloudy primary agriculture cultivation
test_12950,clear primary
test_12951,partly_cloudy primary water road
test_12952,partly_cloudy primary agriculture
test_12953,partly_cloudy primary
test_12954,clear primary
test_12955,partly_cloudy primary agriculture road
test_12956,clear primary agriculture water
test_12957,clear primary
test_12958,clear primary
test_12959,clear primary agriculture cultivation
test_12960,haze primary
test_12961,clear primary
test_12962,clear primary water
test_12963,clear primary
test_12964,clear primary
test_12965,partly_cloudy primary agriculture habitation road
test_12966,clear primary agriculture road
test_12967,partly_cloudy cloudy primary
test_12968,clear primary agriculture road
test_12969,partly_cloudy primary agriculture cultivation
test_12970,clear haze primary water
test_12971,clear primary
test_12972,clear primary agriculture water road
test_12973,partly_cloudy primary agriculture
test_12974,clear primary
test_12975,clear primary agriculture cultivation
test_12976,clear cloudy primary habitation road conventional_mine bare_ground
test_12977,clear primary
test_12978,clear primary agriculture habitation road
test_12979,clear primary agriculture cultivation
test_12980,clear primary agriculture road
test_12981,clear primary agriculture water cultivation road
test_12982,clear haze primary agriculture cultivation
test_12983,clear primary
test_12984,clear primary
test_12985,clear primary
test_12986,clear primary
test_12987,partly_cloudy primary
test_12988,clear primary
test_12989,clear primary
test_12990,clear primary agriculture water
test_12991,clear primary agriculture cultivation road
test_12992,clear primary agriculture road
test_12993,clear primary
test_12994,clear haze primary
test_12995,clear primary
test_12996,clear primary
test_12997,clear primary agriculture
test_12998,partly_cloudy primary agriculture cultivation
test_12999,clear primary
test_13000,clear primary water
test_13001,partly_cloudy primary
test_13002,clear primary agriculture cultivation habitation
test_13003,clear primary
test_13004,clear primary
test_13005,clear primary agriculture habitation road
test_13006,partly_cloudy primary agriculture water road
test_13007,partly_cloudy primary
test_13008,clear primary agriculture
test_13009,clear primary agriculture road
test_13010,clear primary
test_13011,clear primary agriculture
test_13012,clear primary
test_13013,partly_cloudy primary
test_13014,clear primary agriculture cultivation habitation road
test_13015,clear primary agriculture water cultivation road
test_13016,clear primary
test_13017,clear primary
test_13018,clear primary agriculture road
test_13019,clear primary agriculture habitation road
test_13020,clear primary agriculture cultivation habitation road
test_13021,clear primary agriculture water habitation road
test_13022,clear primary
test_13023,clear primary water
test_13024,clear primary road blooming selective_logging
test_13025,clear primary agriculture water cultivation habitation road
test_13026,partly_cloudy primary water
test_13027,clear primary agriculture road
test_13028,clear primary water
test_13029,clear primary agriculture cultivation
test_13030,partly_cloudy primary agriculture
test_13031,clear primary agriculture water habitation road
test_13032,clear primary agriculture road
test_13033,haze cloudy primary water
test_13034,clear partly_cloudy primary agriculture cultivation
test_13035,clear primary
test_13036,clear primary selective_logging
test_13037,haze primary agriculture water
test_13038,clear primary
test_13039,clear partly_cloudy primary agriculture water habitation road
test_13040,clear primary agriculture water habitation road
test_13041,clear primary
test_13042,clear primary agriculture water cultivation road
test_13043,clear primary agriculture cultivation road
test_13044,partly_cloudy primary agriculture water
test_13045,partly_cloudy primary
test_13046,haze cloudy primary
test_13047,clear primary
test_13048,clear primary agriculture cultivation habitation road
test_13049,clear primary agriculture water road
test_13050,clear primary
test_13051,clear primary
test_13052,clear primary agriculture habitation road
test_13053,haze cloudy primary
test_13054,partly_cloudy primary agriculture cultivation road
test_13055,clear primary
test_13056,clear primary
test_13057,clear primary water
test_13058,partly_cloudy primary
test_13059,partly_cloudy primary
test_13060,clear primary
test_13061,clear primary agriculture road
test_13062,clear primary
test_13063,clear primary agriculture road
test_13064,partly_cloudy primary
test_13065,partly_cloudy primary agriculture cultivation
test_13066,clear primary agriculture cultivation
test_13067,clear primary
test_13068,clear primary
test_13069,clear primary agriculture habitation road
test_13070,clear primary
test_13071,partly_cloudy primary water
test_13072,clear primary
test_13073,clear primary
test_13074,clear partly_cloudy primary
test_13075,clear primary agriculture cultivation
test_13076,partly_cloudy primary
test_13077,partly_cloudy primary agriculture water cultivation habitation
test_13078,clear primary
test_13079,clear primary agriculture habitation road
test_13080,clear primary
test_13081,clear cloudy water
test_13082,clear primary agriculture water cultivation habitation road
test_13083,clear primary water road
test_13084,clear primary
test_13085,haze partly_cloudy primary
test_13086,clear primary
test_13087,clear primary agriculture cultivation road
test_13088,clear primary agriculture cultivation
test_13089,clear primary
test_13090,clear primary agriculture water habitation road bare_ground
test_13091,clear primary
test_13092,clear haze primary agriculture water road
test_13093,haze primary agriculture cultivation
test_13094,clear primary agriculture road
test_13095,clear primary
test_13096,partly_cloudy primary agriculture water road
test_13097,clear primary
test_13098,clear primary
test_13099,clear primary
test_13100,clear primary agriculture water cultivation
test_13101,partly_cloudy primary water
test_13102,clear cloudy primary water
test_13103,clear primary agriculture cultivation road
test_13104,clear partly_cloudy primary
test_13105,clear primary agriculture water
test_13106,clear primary agriculture road
test_13107,clear primary
test_13108,clear primary agriculture road
test_13109,clear primary
test_13110,partly_cloudy primary agriculture cultivation habitation road
test_13111,haze primary
test_13112,clear primary
test_13113,clear primary
test_13114,clear primary agriculture road
test_13115,clear primary agriculture water
test_13116,clear primary agriculture water bare_ground
test_13117,clear primary
test_13118,clear primary agriculture cultivation
test_13119,clear primary
test_13120,haze partly_cloudy primary
test_13121,clear primary
test_13122,clear haze partly_cloudy primary agriculture water road
test_13123,clear partly_cloudy primary
test_13124,partly_cloudy primary
test_13125,clear primary agriculture water
test_13126,clear primary
test_13127,clear primary agriculture cultivation
test_13128,clear primary
test_13129,clear primary agriculture water cultivation road
test_13130,clear primary
test_13131,clear primary
test_13132,clear primary agriculture water habitation road
test_13133,haze primary
test_13134,clear primary
test_13135,clear primary agriculture habitation road
test_13136,clear primary agriculture cultivation road
test_13137,clear primary
test_13138,clear primary agriculture water habitation road
test_13139,clear partly_cloudy primary
test_13140,clear primary agriculture road
test_13141,clear primary
test_13142,partly_cloudy primary
test_13143,partly_cloudy primary
test_13144,clear primary water
test_13145,partly_cloudy primary
test_13146,clear primary
test_13147,clear primary
test_13148,clear primary agriculture habitation road
test_13149,clear primary
test_13150,clear primary
test_13151,clear primary agriculture road
test_13152,clear primary agriculture road
test_13153,partly_cloudy primary agriculture water
test_13154,partly_cloudy cloudy primary
test_13155,clear primary water road selective_logging
test_13156,clear primary
test_13157,clear primary
test_13158,clear haze primary agriculture cultivation habitation road
test_13159,cloudy
test_13160,clear primary
test_13161,cloudy
test_13162,clear primary agriculture road
test_13163,partly_cloudy primary water road
test_13164,clear primary
test_13165,clear primary agriculture cultivation habitation
test_13166,partly_cloudy primary
test_13167,partly_cloudy primary
test_13168,cloudy
test_13169,partly_cloudy primary
test_13170,clear partly_cloudy primary agriculture cultivation habitation
test_13171,partly_cloudy primary
test_13172,clear partly_cloudy primary
test_13173,clear primary
test_13174,clear primary agriculture road
test_13175,clear partly_cloudy primary agriculture cultivation road
test_13176,partly_cloudy primary
test_13177,clear primary
test_13178,clear primary
test_13179,clear primary agriculture cultivation
test_13180,clear primary
test_13181,clear primary agriculture cultivation
test_13182,clear primary
test_13183,clear partly_cloudy primary
test_13184,clear primary
test_13185,clear primary
test_13186,clear primary
test_13187,clear primary agriculture road
test_13188,clear primary agriculture cultivation
test_13189,clear primary agriculture
test_13190,partly_cloudy primary
test_13191,clear primary agriculture water
test_13192,clear primary water road selective_logging
test_13193,clear partly_cloudy primary agriculture cultivation
test_13194,haze cloudy primary
test_13195,clear primary
test_13196,clear primary agriculture road
test_13197,clear primary
test_13198,haze cloudy primary
test_13199,partly_cloudy primary
test_13200,clear primary
test_13201,clear primary
test_13202,clear primary water
test_13203,clear primary
test_13204,clear primary agriculture water road
test_13205,clear primary
test_13206,cloudy
test_13207,clear primary agriculture habitation road
test_13208,clear primary
test_13209,clear primary
test_13210,clear primary water road
test_13211,partly_cloudy primary
test_13212,clear primary agriculture habitation road
test_13213,partly_cloudy primary
test_13214,partly_cloudy primary agriculture habitation road
test_13215,clear primary
test_13216,clear primary
test_13217,clear primary agriculture road
test_13218,partly_cloudy cloudy primary
test_13219,clear primary
test_13220,clear primary
test_13221,clear primary
test_13222,clear primary water
test_13223,clear primary agriculture water road
test_13224,clear primary agriculture water road
test_13225,partly_cloudy primary agriculture road
test_13226,clear primary
test_13227,clear primary
test_13228,clear primary
test_13229,partly_cloudy primary agriculture
test_13230,clear primary
test_13231,clear primary agriculture cultivation habitation
test_13232,clear primary
test_13233,clear partly_cloudy primary agriculture road
test_13234,clear primary
test_13235,clear primary
test_13236,clear primary
test_13237,clear primary agriculture road
test_13238,clear primary
test_13239,clear primary water
test_13240,clear primary water road selective_logging
test_13241,clear primary agriculture cultivation habitation road
test_13242,clear primary
test_13243,cloudy
test_13244,clear primary agriculture water road
test_13245,clear primary agriculture cultivation habitation road
test_13246,clear primary
test_13247,clear primary
test_13248,clear primary
test_13249,clear primary agriculture water
test_13250,clear primary agriculture water bare_ground
test_13251,clear primary agriculture cultivation
test_13252,clear partly_cloudy primary agriculture water cultivation habitation road
test_13253,clear cloudy water
test_13254,clear primary agriculture water cultivation road
test_13255,clear primary agriculture cultivation
test_13256,clear primary
test_13257,clear partly_cloudy primary agriculture cultivation
test_13258,clear primary agriculture cultivation
test_13259,haze partly_cloudy primary
test_13260,clear primary
test_13261,clear partly_cloudy primary agriculture cultivation road
test_13262,clear primary agriculture cultivation habitation road
test_13263,clear primary water
test_13264,clear primary agriculture water cultivation habitation road
test_13265,clear primary
test_13266,clear primary agriculture water
test_13267,clear primary agriculture cultivation
test_13268,clear primary
test_13269,clear primary water
test_13270,clear primary water
test_13271,partly_cloudy primary
test_13272,clear primary
test_13273,clear primary water
test_13274,partly_cloudy primary
test_13275,clear primary
test_13276,partly_cloudy primary
test_13277,partly_cloudy primary
test_13278,clear primary agriculture road
test_13279,clear primary
test_13280,clear primary agriculture cultivation
test_13281,clear primary
test_13282,clear primary agriculture water cultivation road
test_13283,haze cloudy
test_13284,clear primary
test_13285,clear primary
test_13286,cloudy
test_13287,haze primary
test_13288,clear primary agriculture water cultivation road
test_13289,clear primary
test_13290,clear primary
test_13291,partly_cloudy primary
test_13292,clear primary
test_13293,haze primary
test_13294,clear partly_cloudy primary agriculture road
test_13295,haze cloudy
test_13296,clear primary agriculture habitation road
test_13297,clear primary
test_13298,clear primary
test_13299,clear primary
test_13300,clear primary agriculture cultivation
test_13301,clear primary agriculture road
test_13302,partly_cloudy primary water
test_13303,clear primary
test_13304,clear primary water
test_13305,cloudy
test_13306,clear primary
test_13307,clear primary
test_13308,clear primary
test_13309,partly_cloudy primary
test_13310,clear primary agriculture cultivation
test_13311,clear primary
test_13312,clear primary agriculture water habitation
test_13313,partly_cloudy primary agriculture water
test_13314,partly_cloudy primary
test_13315,clear primary
test_13316,clear primary agriculture water cultivation habitation road
test_13317,haze partly_cloudy cloudy primary
test_13318,clear primary
test_13319,clear primary
test_13320,haze partly_cloudy primary water
test_13321,partly_cloudy primary agriculture cultivation
test_13322,clear primary agriculture cultivation habitation
test_13323,clear primary
test_13324,clear primary water bare_ground artisinal_mine
test_13325,clear partly_cloudy primary agriculture
test_13326,partly_cloudy primary
test_13327,haze cloudy primary
test_13328,clear primary
test_13329,clear primary agriculture water cultivation
test_13330,clear primary
test_13331,clear primary
test_13332,clear primary agriculture habitation road
test_13333,clear primary agriculture road
test_13334,clear primary
test_13335,clear primary water
test_13336,clear primary agriculture habitation road
test_13337,clear primary agriculture cultivation
test_13338,clear primary agriculture road
test_13339,clear primary agriculture habitation road
test_13340,clear primary agriculture water cultivation
test_13341,clear primary
test_13342,partly_cloudy primary
test_13343,partly_cloudy cloudy primary
test_13344,clear primary agriculture cultivation habitation road
test_13345,partly_cloudy primary
test_13346,clear primary
test_13347,haze cloudy
test_13348,clear primary
test_13349,clear primary agriculture road
test_13350,clear primary
test_13351,clear primary agriculture cultivation road
test_13352,haze primary
test_13353,clear primary agriculture cultivation
test_13354,clear primary agriculture water cultivation
test_13355,cloudy
test_13356,clear primary agriculture cultivation
test_13357,clear haze primary agriculture water road
test_13358,clear primary water road conventional_mine bare_ground artisinal_mine
test_13359,clear partly_cloudy primary agriculture cultivation habitation road
test_13360,cloudy
test_13361,clear primary agriculture cultivation
test_13362,partly_cloudy primary agriculture water road
test_13363,clear primary
test_13364,clear haze primary water
test_13365,clear primary agriculture road
test_13366,clear primary
test_13367,clear primary
test_13368,cloudy
test_13369,haze primary water
test_13370,clear primary
test_13371,clear primary
test_13372,cloudy
test_13373,clear primary agriculture water road selective_logging
test_13374,clear primary habitation road
test_13375,clear primary agriculture water habitation road conventional_mine bare_ground artisinal_mine
test_13376,clear primary
test_13377,clear primary agriculture habitation road
test_13378,clear primary agriculture habitation road
test_13379,clear primary agriculture water habitation
test_13380,clear primary
test_13381,clear primary agriculture water road
test_13382,partly_cloudy primary
test_13383,clear partly_cloudy primary agriculture water habitation road
test_13384,partly_cloudy primary agriculture
test_13385,partly_cloudy primary
test_13386,clear primary agriculture cultivation
test_13387,clear primary
test_13388,clear primary agriculture road
test_13389,clear primary agriculture water habitation road
test_13390,clear primary
test_13391,clear haze primary
test_13392,clear primary
test_13393,clear primary agriculture water cultivation road
test_13394,clear primary
test_13395,partly_cloudy cloudy primary agriculture
test_13396,clear primary agriculture water road
test_13397,clear primary agriculture water
test_13398,partly_cloudy primary
test_13399,clear primary agriculture road
test_13400,clear cloudy water
test_13401,clear primary agriculture water
test_13402,clear primary
test_13403,clear primary
test_13404,clear primary agriculture road
test_13405,clear partly_cloudy primary
test_13406,clear primary
test_13407,clear primary
test_13408,haze cloudy primary
test_13409,partly_cloudy primary agriculture water cultivation habitation road
test_13410,partly_cloudy primary
test_13411,clear primary
test_13412,partly_cloudy primary
test_13413,clear primary
test_13414,partly_cloudy primary agriculture cultivation habitation road
test_13415,clear primary agriculture habitation road
test_13416,partly_cloudy primary agriculture water habitation road
test_13417,clear primary agriculture water cultivation
test_13418,partly_cloudy primary
test_13419,cloudy primary
test_13420,clear primary agriculture habitation road
test_13421,partly_cloudy cloudy primary
test_13422,clear primary agriculture road
test_13423,clear primary
test_13424,clear primary agriculture road
test_13425,partly_cloudy primary
test_13426,partly_cloudy primary agriculture
test_13427,clear primary
test_13428,partly_cloudy primary
test_13429,partly_cloudy cloudy primary
test_13430,clear haze primary agriculture water road
test_13431,haze primary
test_13432,clear primary water
test_13433,clear primary agriculture habitation road
test_13434,clear primary
test_13435,clear primary
test_13436,clear primary agriculture habitation road
test_13437,clear primary
test_13438,clear partly_cloudy primary agriculture habitation road
test_13439,clear primary
test_13440,clear primary agriculture water cultivation road
test_13441,clear primary water
test_13442,clear partly_cloudy primary agriculture habitation road
test_13443,clear primary
test_13444,clear primary
test_13445,partly_cloudy primary agriculture water habitation road
test_13446,clear primary
test_13447,partly_cloudy primary agriculture
test_13448,partly_cloudy primary agriculture
test_13449,partly_cloudy primary agriculture cultivation
test_13450,clear primary agriculture cultivation
test_13451,partly_cloudy primary agriculture cultivation
test_13452,cloudy
test_13453,clear primary
test_13454,clear primary
test_13455,clear primary
test_13456,clear primary agriculture water cultivation habitation road
test_13457,partly_cloudy primary water
test_13458,clear primary
test_13459,haze primary
test_13460,clear primary agriculture cultivation
test_13461,clear primary agriculture water cultivation
test_13462,partly_cloudy primary agriculture water road
test_13463,clear partly_cloudy primary
test_13464,clear primary agriculture
test_13465,partly_cloudy primary water conventional_mine
test_13466,clear primary agriculture road
test_13467,clear primary agriculture habitation road
test_13468,cloudy
test_13469,partly_cloudy primary agriculture water
test_13470,partly_cloudy primary
test_13471,clear primary
test_13472,clear primary
test_13473,clear partly_cloudy primary
test_13474,clear primary
test_13475,clear partly_cloudy primary agriculture water cultivation road
test_13476,clear primary
test_13477,clear primary agriculture
test_13478,clear primary
test_13479,clear haze primary agriculture cultivation
test_13480,clear primary
test_13481,clear primary agriculture
test_13482,partly_cloudy primary
test_13483,clear primary agriculture water habitation road
test_13484,clear primary
test_13485,partly_cloudy primary agriculture water
test_13486,clear primary
test_13487,clear primary agriculture road
test_13488,clear primary agriculture cultivation
test_13489,clear partly_cloudy primary agriculture habitation road
test_13490,clear primary
test_13491,clear primary agriculture water road
test_13492,partly_cloudy primary
test_13493,clear primary
test_13494,clear primary
test_13495,clear primary agriculture habitation road
test_13496,partly_cloudy primary agriculture water
test_13497,clear primary agriculture habitation road
test_13498,clear primary agriculture habitation road
test_13499,partly_cloudy primary
test_13500,partly_cloudy primary water
test_13501,clear primary
test_13502,clear primary
test_13503,clear primary agriculture habitation road
test_13504,clear primary water road
test_13505,clear primary agriculture
test_13506,clear primary
test_13507,clear haze primary agriculture habitation road
test_13508,clear primary
test_13509,clear primary
test_13510,partly_cloudy primary agriculture
test_13511,clear primary agriculture road
test_13512,clear primary agriculture cultivation
test_13513,clear primary
test_13514,clear primary agriculture cultivation habitation
test_13515,clear primary water
test_13516,clear primary agriculture water habitation road
test_13517,partly_cloudy primary agriculture cultivation
test_13518,partly_cloudy primary agriculture road
test_13519,clear primary selective_logging
test_13520,clear primary agriculture water road
test_13521,partly_cloudy cloudy primary
test_13522,haze primary
test_13523,clear partly_cloudy primary
test_13524,clear primary agriculture cultivation road
test_13525,partly_cloudy primary agriculture
test_13526,clear primary agriculture habitation road
test_13527,clear primary agriculture cultivation habitation
test_13528,clear primary agriculture cultivation road
test_13529,clear partly_cloudy primary
test_13530,partly_cloudy primary
test_13531,clear primary agriculture water cultivation habitation road
test_13532,partly_cloudy primary
test_13533,clear primary
test_13534,partly_cloudy primary
test_13535,cloudy
test_13536,clear primary agriculture cultivation
test_13537,clear primary
test_13538,clear primary agriculture road
test_13539,clear primary agriculture road
test_13540,clear primary agriculture cultivation
test_13541,clear primary agriculture cultivation habitation road
test_13542,clear primary
test_13543,partly_cloudy primary
test_13544,clear primary water
test_13545,partly_cloudy primary
test_13546,clear primary
test_13547,clear primary water
test_13548,clear primary agriculture water
test_13549,clear primary agriculture water
test_13550,clear primary agriculture cultivation
test_13551,clear primary
test_13552,clear primary
test_13553,clear primary agriculture habitation road
test_13554,clear primary
test_13555,clear primary
test_13556,cloudy
test_13557,clear primary agriculture habitation road
test_13558,clear primary agriculture water cultivation road
test_13559,clear partly_cloudy primary
test_13560,clear primary
test_13561,partly_cloudy primary
test_13562,clear primary
test_13563,clear primary agriculture cultivation
test_13564,clear primary water habitation
test_13565,clear primary agriculture cultivation
test_13566,clear primary water
test_13567,clear primary agriculture cultivation habitation
test_13568,clear primary
test_13569,clear primary agriculture habitation road bare_ground
test_13570,clear primary
test_13571,clear haze primary agriculture cultivation
test_13572,clear primary
test_13573,partly_cloudy primary agriculture
test_13574,clear primary water road
test_13575,partly_cloudy primary
test_13576,partly_cloudy primary
test_13577,clear primary agriculture water cultivation road
test_13578,clear primary
test_13579,clear haze primary water
test_13580,clear primary
test_13581,clear primary
test_13582,clear primary agriculture water road
test_13583,clear primary
test_13584,clear primary water road
test_13585,clear primary
test_13586,clear primary water
test_13587,clear primary agriculture water cultivation habitation road
test_13588,clear primary
test_13589,partly_cloudy primary
test_13590,clear primary water road selective_logging
test_13591,partly_cloudy primary
test_13592,clear primary
test_13593,partly_cloudy primary agriculture water road
test_13594,clear partly_cloudy primary agriculture water road
test_13595,clear primary
test_13596,partly_cloudy primary agriculture
test_13597,haze cloudy
test_13598,clear primary
test_13599,clear primary agriculture habitation road bare_ground
test_13600,clear primary water road
test_13601,clear primary
test_13602,clear primary
test_13603,haze cloudy primary
test_13604,partly_cloudy primary
test_13605,clear partly_cloudy primary
test_13606,partly_cloudy primary
test_13607,clear partly_cloudy primary agriculture cultivation
test_13608,clear primary
test_13609,clear primary agriculture cultivation
test_13610,clear primary agriculture cultivation
test_13611,clear primary
test_13612,clear primary agriculture cultivation
test_13613,clear primary
test_13614,clear primary
test_13615,clear primary
test_13616,clear primary agriculture cultivation habitation road
test_13617,partly_cloudy primary agriculture habitation road
test_13618,clear primary
test_13619,partly_cloudy primary agriculture water
test_13620,clear primary
test_13621,clear haze primary agriculture water habitation road
test_13622,clear primary agriculture habitation road
test_13623,clear primary water
test_13624,clear primary agriculture road
test_13625,clear haze primary agriculture water
test_13626,clear primary agriculture cultivation
test_13627,clear primary
test_13628,clear primary
test_13629,partly_cloudy primary
test_13630,clear primary
test_13631,clear primary agriculture road
test_13632,clear primary water
test_13633,haze primary agriculture cultivation
test_13634,clear primary
test_13635,clear primary agriculture habitation road bare_ground
test_13636,clear primary road selective_logging
test_13637,clear primary
test_13638,clear primary agriculture cultivation habitation road
test_13639,clear primary agriculture water cultivation
test_13640,clear primary
test_13641,partly_cloudy primary
test_13642,clear haze primary water
test_13643,clear primary
test_13644,clear primary agriculture cultivation
test_13645,partly_cloudy primary
test_13646,partly_cloudy primary agriculture cultivation
test_13647,cloudy
test_13648,clear primary agriculture road
test_13649,partly_cloudy cloudy primary
test_13650,haze cloudy primary
test_13651,cloudy
test_13652,clear primary
test_13653,partly_cloudy primary agriculture
test_13654,clear primary
test_13655,clear primary
test_13656,partly_cloudy primary
test_13657,partly_cloudy primary agriculture water road
test_13658,clear primary
test_13659,partly_cloudy primary
test_13660,cloudy
test_13661,clear primary agriculture cultivation habitation road
test_13662,clear primary water artisinal_mine
test_13663,haze primary
test_13664,clear primary
test_13665,clear primary agriculture habitation road
test_13666,clear primary water road
test_13667,partly_cloudy primary agriculture road
test_13668,clear primary agriculture water
test_13669,partly_cloudy primary
test_13670,haze primary
test_13671,clear primary
test_13672,haze partly_cloudy primary
test_13673,clear primary
test_13674,clear primary water
test_13675,partly_cloudy primary
test_13676,clear primary water road
test_13677,haze primary water
test_13678,clear primary habitation road
test_13679,clear primary agriculture water cultivation
test_13680,clear primary agriculture cultivation
test_13681,clear haze primary agriculture water
test_13682,clear cloudy primary water
test_13683,clear primary agriculture cultivation road
test_13684,partly_cloudy primary
test_13685,clear primary
test_13686,cloudy
test_13687,clear primary
test_13688,clear primary
test_13689,clear primary
test_13690,clear partly_cloudy primary
test_13691,partly_cloudy primary
test_13692,clear primary agriculture cultivation habitation
test_13693,clear primary agriculture water
test_13694,clear haze primary
test_13695,clear primary
test_13696,clear primary
test_13697,clear primary
test_13698,clear primary
test_13699,clear partly_cloudy primary
test_13700,clear primary
test_13701,clear primary water
test_13702,clear primary
test_13703,partly_cloudy primary
test_13704,partly_cloudy primary agriculture water road
test_13705,clear primary agriculture road
test_13706,partly_cloudy primary
test_13707,clear primary
test_13708,clear primary
test_13709,partly_cloudy primary
test_13710,clear primary agriculture cultivation
test_13711,clear primary
test_13712,clear primary agriculture water road
test_13713,clear primary
test_13714,clear primary water
test_13715,clear primary
test_13716,clear primary agriculture water
test_13717,clear partly_cloudy primary water road
test_13718,haze primary water
test_13719,clear primary agriculture cultivation habitation road
test_13720,clear primary
test_13721,clear primary agriculture water habitation road
test_13722,clear primary
test_13723,clear primary
test_13724,clear primary water
test_13725,clear haze primary
test_13726,clear primary
test_13727,clear primary agriculture water cultivation
test_13728,clear primary water
test_13729,haze cloudy primary water
test_13730,clear primary water
test_13731,clear primary
test_13732,clear partly_cloudy primary
test_13733,clear haze primary
test_13734,clear primary water
test_13735,partly_cloudy primary
test_13736,clear primary
test_13737,clear primary
test_13738,clear primary agriculture road
test_13739,clear primary
test_13740,haze cloudy primary water
test_13741,clear primary
test_13742,clear primary
test_13743,clear primary
test_13744,clear primary agriculture water cultivation habitation road
test_13745,partly_cloudy primary agriculture
test_13746,haze primary
test_13747,partly_cloudy primary
test_13748,partly_cloudy primary
test_13749,clear primary water
test_13750,clear partly_cloudy primary agriculture cultivation
test_13751,partly_cloudy primary
test_13752,clear primary
test_13753,clear primary
test_13754,clear primary
test_13755,clear haze primary agriculture
test_13756,clear primary agriculture water habitation road
test_13757,clear primary water road
test_13758,partly_cloudy primary agriculture cultivation habitation
test_13759,haze cloudy
test_13760,clear primary water road
test_13761,clear primary
test_13762,cloudy
test_13763,clear primary agriculture cultivation habitation
test_13764,clear primary
test_13765,cloudy
test_13766,clear primary agriculture road
test_13767,partly_cloudy primary agriculture cultivation habitation
test_13768,partly_cloudy primary
test_13769,clear primary water
test_13770,partly_cloudy primary agriculture road
test_13771,clear haze primary water road
test_13772,haze primary
test_13773,clear primary agriculture cultivation
test_13774,clear haze primary
test_13775,clear primary agriculture water cultivation
test_13776,partly_cloudy primary
test_13777,clear primary agriculture cultivation
test_13778,clear primary
test_13779,clear primary
test_13780,clear primary
test_13781,haze primary
test_13782,clear primary
test_13783,partly_cloudy primary
test_13784,partly_cloudy primary agriculture road
test_13785,partly_cloudy cloudy primary
test_13786,clear primary agriculture habitation road
test_13787,haze primary
test_13788,clear primary
test_13789,clear primary
test_13790,clear primary
test_13791,haze primary
test_13792,clear haze partly_cloudy primary agriculture water
test_13793,clear primary
test_13794,clear primary agriculture cultivation road
test_13795,clear primary
test_13796,clear primary
test_13797,clear primary agriculture cultivation
test_13798,partly_cloudy primary agriculture water road
test_13799,clear primary agriculture water road
test_13800,clear primary water
test_13801,clear primary
test_13802,clear primary agriculture road
test_13803,partly_cloudy cloudy primary
test_13804,partly_cloudy primary agriculture water cultivation
test_13805,partly_cloudy primary
test_13806,clear partly_cloudy primary agriculture habitation road
test_13807,partly_cloudy primary water
test_13808,clear primary
test_13809,partly_cloudy primary
test_13810,clear primary
test_13811,clear primary agriculture road
test_13812,clear primary agriculture habitation road
test_13813,partly_cloudy primary
test_13814,partly_cloudy primary agriculture cultivation road
test_13815,partly_cloudy cloudy primary agriculture road
test_13816,partly_cloudy primary
test_13817,clear partly_cloudy primary agriculture cultivation habitation road
test_13818,clear primary
test_13819,clear primary agriculture cultivation
test_13820,clear primary agriculture road
test_13821,clear primary water road selective_logging
test_13822,partly_cloudy primary
test_13823,partly_cloudy primary agriculture
test_13824,clear primary agriculture cultivation
test_13825,haze primary
test_13826,clear primary
test_13827,clear haze primary agriculture cultivation
test_13828,clear primary
test_13829,haze cloudy primary
test_13830,partly_cloudy primary
test_13831,clear primary water
test_13832,clear primary
test_13833,clear partly_cloudy primary
test_13834,clear primary agriculture cultivation road
test_13835,clear primary agriculture habitation road
test_13836,haze primary
test_13837,clear primary agriculture habitation road
test_13838,partly_cloudy primary
test_13839,clear primary agriculture habitation road
test_13840,clear primary
test_13841,clear primary agriculture cultivation
test_13842,partly_cloudy primary agriculture habitation road
test_13843,clear primary water road conventional_mine bare_ground artisinal_mine
test_13844,clear primary
test_13845,clear primary agriculture cultivation road
test_13846,clear primary agriculture
test_13847,clear primary agriculture habitation road
test_13848,partly_cloudy primary agriculture cultivation
test_13849,clear primary water
test_13850,clear partly_cloudy primary agriculture water
test_13851,partly_cloudy primary
test_13852,haze primary agriculture road
test_13853,clear primary water
test_13854,clear primary
test_13855,clear primary
test_13856,clear primary
test_13857,clear primary water road
test_13858,clear partly_cloudy primary agriculture water cultivation
test_13859,clear primary water
test_13860,clear primary
test_13861,clear primary water road
test_13862,clear primary agriculture water cultivation
test_13863,partly_cloudy primary agriculture water road
test_13864,clear primary
test_13865,haze cloudy primary
test_13866,clear primary
test_13867,clear haze primary agriculture cultivation
test_13868,clear primary
test_13869,partly_cloudy primary agriculture
test_13870,haze primary agriculture
test_13871,clear primary
test_13872,clear primary
test_13873,clear primary agriculture cultivation habitation
test_13874,clear primary
test_13875,clear cloudy water
test_13876,haze cloudy
test_13877,clear primary agriculture water cultivation
test_13878,partly_cloudy primary
test_13879,clear primary
test_13880,clear primary water
test_13881,partly_cloudy primary
test_13882,partly_cloudy primary agriculture
test_13883,clear primary
test_13884,clear primary agriculture road
test_13885,clear primary
test_13886,clear primary water
test_13887,clear primary agriculture road
test_13888,partly_cloudy cloudy primary conventional_mine
test_13889,clear primary water road
test_13890,partly_cloudy primary agriculture road
test_13891,clear primary water road
test_13892,clear primary agriculture cultivation habitation
test_13893,clear primary agriculture habitation road
test_13894,clear primary
test_13895,clear primary
test_13896,clear primary
test_13897,clear primary agriculture road
test_13898,partly_cloudy primary
test_13899,clear primary agriculture water cultivation road
test_13900,clear primary
test_13901,partly_cloudy primary agriculture water
test_13902,clear primary
test_13903,partly_cloudy cloudy
test_13904,clear primary
test_13905,clear primary agriculture water road
test_13906,clear primary
test_13907,haze primary
test_13908,haze primary water
test_13909,clear primary
test_13910,partly_cloudy primary
test_13911,clear primary water
test_13912,clear primary
test_13913,clear primary agriculture bare_ground
test_13914,clear primary agriculture cultivation habitation road
test_13915,partly_cloudy primary
test_13916,clear primary
test_13917,partly_cloudy primary agriculture cultivation
test_13918,clear primary agriculture road
test_13919,cloudy
test_13920,clear primary agriculture water road
test_13921,clear primary agriculture cultivation
test_13922,partly_cloudy primary
test_13923,partly_cloudy primary
test_13924,clear primary
test_13925,clear primary water habitation road conventional_mine bare_ground artisinal_mine selective_logging
test_13926,partly_cloudy primary agriculture
test_13927,clear primary agriculture
test_13928,clear primary
test_13929,clear primary agriculture cultivation habitation
test_13930,clear primary agriculture cultivation road
test_13931,clear primary
test_13932,cloudy
test_13933,clear primary agriculture bare_ground
test_13934,clear primary
test_13935,clear primary agriculture water road
test_13936,clear primary
test_13937,clear primary agriculture habitation road
test_13938,clear haze primary agriculture water road
test_13939,clear primary water road
test_13940,clear primary water
test_13941,clear primary agriculture road bare_ground
test_13942,clear primary
test_13943,clear primary
test_13944,partly_cloudy primary water road
test_13945,clear partly_cloudy primary
test_13946,clear primary agriculture road
test_13947,clear partly_cloudy primary
test_13948,partly_cloudy primary
test_13949,clear primary
test_13950,partly_cloudy primary agriculture road
test_13951,clear primary agriculture habitation road
test_13952,haze primary
test_13953,clear primary water
test_13954,clear primary
test_13955,partly_cloudy primary
test_13956,clear primary
test_13957,clear primary
test_13958,clear primary
test_13959,clear primary agriculture habitation road
test_13960,haze primary
test_13961,clear primary agriculture road
test_13962,haze cloudy primary
test_13963,clear primary agriculture cultivation
test_13964,partly_cloudy primary agriculture cultivation habitation road
test_13965,clear primary agriculture road
test_13966,clear primary agriculture cultivation
test_13967,clear primary
test_13968,clear primary water
test_13969,partly_cloudy primary
test_13970,clear primary agriculture
test_13971,partly_cloudy primary
test_13972,clear primary agriculture habitation road
test_13973,haze partly_cloudy cloudy primary agriculture water road conventional_mine
test_13974,clear primary water
test_13975,clear primary
test_13976,clear primary agriculture cultivation
test_13977,clear primary agriculture cultivation road
test_13978,clear agriculture water bare_ground
test_13979,clear cloudy primary water
test_13980,clear primary agriculture cultivation
test_13981,clear primary agriculture habitation road
test_13982,clear haze primary water
test_13983,partly_cloudy primary
test_13984,clear primary road
test_13985,clear partly_cloudy primary agriculture road
test_13986,partly_cloudy primary agriculture water
test_13987,partly_cloudy primary
test_13988,clear primary
test_13989,clear primary agriculture cultivation
test_13990,clear primary
test_13991,clear primary agriculture cultivation road
test_13992,cloudy
test_13993,clear agriculture bare_ground
test_13994,partly_cloudy cloudy primary water
test_13995,haze primary
test_13996,clear primary agriculture water cultivation habitation road
test_13997,clear primary
test_13998,partly_cloudy primary
test_13999,clear primary agriculture cultivation
test_14000,clear primary
test_14001,clear partly_cloudy primary agriculture water
test_14002,clear primary
test_14003,clear primary
test_14004,partly_cloudy primary
test_14005,partly_cloudy primary
test_14006,clear primary agriculture road
test_14007,clear primary blooming
test_14008,clear primary
test_14009,clear primary agriculture habitation road
test_14010,clear haze primary agriculture water
test_14011,clear partly_cloudy primary water road
test_14012,clear primary
test_14013,haze primary agriculture water road
test_14014,clear primary
test_14015,clear primary agriculture road
test_14016,clear primary
test_14017,partly_cloudy primary agriculture cultivation
test_14018,clear primary agriculture cultivation
test_14019,clear primary agriculture bare_ground
test_14020,clear primary agriculture road
test_14021,partly_cloudy primary agriculture road
test_14022,partly_cloudy primary
test_14023,haze partly_cloudy primary agriculture road
test_14024,clear primary agriculture cultivation road
test_14025,haze cloudy water
test_14026,clear cloudy primary water
test_14027,clear primary
test_14028,partly_cloudy primary
test_14029,partly_cloudy primary
test_14030,clear primary agriculture cultivation
test_14031,clear primary
test_14032,partly_cloudy primary agriculture water
test_14033,clear primary
test_14034,clear haze primary
test_14035,clear primary agriculture road
test_14036,partly_cloudy primary agriculture cultivation
test_14037,clear primary
test_14038,clear primary agriculture habitation road
test_14039,clear primary
test_14040,clear primary
test_14041,clear primary
test_14042,clear cloudy primary agriculture road
test_14043,clear primary agriculture habitation road bare_ground
test_14044,clear primary
test_14045,partly_cloudy cloudy
test_14046,clear primary agriculture road
test_14047,clear primary
test_14048,clear primary
test_14049,clear primary agriculture habitation road
test_14050,clear primary agriculture habitation road
test_14051,clear primary
test_14052,clear primary
test_14053,clear partly_cloudy primary agriculture cultivation
test_14054,partly_cloudy primary
test_14055,clear primary
test_14056,clear primary
test_14057,clear primary agriculture cultivation
test_14058,cloudy
test_14059,clear primary
test_14060,clear primary
test_14061,clear primary
test_14062,clear primary agriculture cultivation habitation road
test_14063,clear primary water
test_14064,clear haze primary
test_14065,clear primary
test_14066,clear primary agriculture cultivation
test_14067,clear primary agriculture water road
test_14068,partly_cloudy primary agriculture
test_14069,clear primary
test_14070,clear primary
test_14071,clear haze primary
test_14072,partly_cloudy primary
test_14073,partly_cloudy primary
test_14074,haze primary
test_14075,clear primary
test_14076,clear primary
test_14077,partly_cloudy primary agriculture road
test_14078,clear primary
test_14079,partly_cloudy primary
test_14080,partly_cloudy primary agriculture cultivation
test_14081,clear primary
test_14082,clear primary
test_14083,clear primary agriculture cultivation
test_14084,clear primary agriculture water cultivation
test_14085,clear partly_cloudy primary agriculture cultivation
test_14086,clear primary
test_14087,cloudy
test_14088,clear primary agriculture cultivation
test_14089,clear primary
test_14090,clear primary agriculture habitation road
test_14091,clear haze primary agriculture water
test_14092,clear cloudy
test_14093,partly_cloudy primary agriculture
test_14094,haze primary
test_14095,clear primary water road bare_ground artisinal_mine selective_logging
test_14096,clear primary agriculture road
test_14097,partly_cloudy primary agriculture
test_14098,partly_cloudy primary water
test_14099,clear primary
test_14100,clear haze partly_cloudy primary agriculture habitation road
test_14101,clear primary
test_14102,partly_cloudy primary
test_14103,clear primary
test_14104,clear primary
test_14105,clear primary agriculture road
test_14106,clear primary
test_14107,clear primary agriculture cultivation
test_14108,clear primary agriculture cultivation habitation road
test_14109,clear primary
test_14110,clear primary agriculture cultivation
test_14111,partly_cloudy primary agriculture water cultivation
test_14112,clear primary water road
test_14113,cloudy
test_14114,clear primary
test_14115,clear primary
test_14116,partly_cloudy primary agriculture water road
test_14117,clear cloudy water
test_14118,haze primary
test_14119,clear primary
test_14120,clear primary
test_14121,clear primary agriculture water
test_14122,partly_cloudy primary agriculture water road
test_14123,clear primary
test_14124,clear primary
test_14125,clear primary water road
test_14126,partly_cloudy primary agriculture cultivation
test_14127,partly_cloudy primary
test_14128,clear primary
test_14129,partly_cloudy primary agriculture cultivation
test_14130,partly_cloudy primary
test_14131,haze primary water
test_14132,clear partly_cloudy primary agriculture cultivation
test_14133,clear primary agriculture water cultivation habitation road
test_14134,partly_cloudy primary agriculture road
test_14135,clear primary water road
test_14136,clear primary
test_14137,clear primary agriculture cultivation road
test_14138,clear cloudy water
test_14139,clear primary blooming selective_logging
test_14140,clear primary agriculture cultivation habitation road
test_14141,clear primary water
test_14142,clear partly_cloudy primary agriculture habitation road
test_14143,clear partly_cloudy primary
test_14144,partly_cloudy primary agriculture habitation road
test_14145,partly_cloudy cloudy primary
test_14146,clear primary agriculture bare_ground
test_14147,clear primary agriculture water road
test_14148,clear primary
test_14149,clear partly_cloudy primary agriculture water cultivation road
test_14150,clear primary
test_14151,clear primary
test_14152,clear primary agriculture
test_14153,clear primary
test_14154,partly_cloudy primary agriculture water road
test_14155,partly_cloudy cloudy
test_14156,clear haze primary water road
test_14157,clear primary agriculture water cultivation
test_14158,clear primary agriculture cultivation
test_14159,partly_cloudy primary water
test_14160,clear partly_cloudy primary agriculture water cultivation road
test_14161,haze primary water
test_14162,clear primary agriculture water habitation road
test_14163,cloudy
test_14164,clear primary agriculture cultivation
test_14165,clear primary
test_14166,clear primary water
test_14167,clear primary agriculture bare_ground
test_14168,partly_cloudy primary
test_14169,clear primary agriculture water road
test_14170,partly_cloudy primary
test_14171,partly_cloudy primary water road
test_14172,clear primary agriculture road
test_14173,clear primary
test_14174,clear primary agriculture road
test_14175,clear primary agriculture cultivation
test_14176,clear primary agriculture habitation road bare_ground
test_14177,clear primary agriculture cultivation road
test_14178,partly_cloudy primary agriculture road
test_14179,partly_cloudy primary water
test_14180,clear primary
test_14181,clear primary
test_14182,clear primary water road selective_logging
test_14183,clear primary water
test_14184,clear primary agriculture habitation road
test_14185,clear primary
test_14186,clear primary blooming
test_14187,clear primary
test_14188,clear primary
test_14189,haze cloudy primary
test_14190,clear primary water
test_14191,clear primary habitation road
test_14192,clear haze primary agriculture cultivation
test_14193,clear primary agriculture water
test_14194,partly_cloudy primary agriculture road
test_14195,clear primary agriculture water cultivation
test_14196,haze primary
test_14197,clear primary
test_14198,partly_cloudy primary
test_14199,clear primary agriculture cultivation habitation road
test_14200,partly_cloudy primary
test_14201,partly_cloudy primary
test_14202,partly_cloudy primary agriculture cultivation
test_14203,clear primary agriculture road
test_14204,partly_cloudy primary agriculture
test_14205,clear primary agriculture habitation road
test_14206,haze cloudy
test_14207,clear primary
test_14208,clear primary
test_14209,clear primary agriculture habitation road
test_14210,clear primary water habitation road bare_ground artisinal_mine
test_14211,clear primary agriculture road
test_14212,clear primary agriculture water road
test_14213,partly_cloudy primary agriculture cultivation
test_14214,partly_cloudy primary water
test_14215,clear primary
test_14216,clear primary agriculture road
test_14217,clear primary agriculture water bare_ground
test_14218,partly_cloudy primary agriculture cultivation
test_14219,clear primary
test_14220,clear primary
test_14221,clear primary agriculture water road
test_14222,clear partly_cloudy primary water
test_14223,clear primary
test_14224,clear primary water road
test_14225,haze cloudy primary
test_14226,cloudy
test_14227,haze primary agriculture water cultivation
test_14228,clear primary agriculture water
test_14229,clear primary
test_14230,clear primary agriculture cultivation
test_14231,partly_cloudy cloudy primary
test_14232,partly_cloudy primary agriculture habitation road
test_14233,clear primary agriculture water cultivation habitation road
test_14234,haze primary
test_14235,partly_cloudy primary agriculture habitation road
test_14236,clear primary water
test_14237,partly_cloudy primary
test_14238,partly_cloudy primary
test_14239,clear primary agriculture cultivation
test_14240,clear primary
test_14241,partly_cloudy primary agriculture water
test_14242,partly_cloudy primary agriculture road
test_14243,haze cloudy primary
test_14244,partly_cloudy primary agriculture
test_14245,partly_cloudy primary agriculture cultivation habitation
test_14246,haze primary water
test_14247,clear primary
test_14248,haze cloudy primary
test_14249,cloudy
test_14250,partly_cloudy primary
test_14251,clear primary
test_14252,clear primary agriculture cultivation habitation road
test_14253,clear primary agriculture road
test_14254,clear primary
test_14255,clear haze primary agriculture water road
test_14256,cloudy
test_14257,partly_cloudy primary agriculture
test_14258,partly_cloudy primary
test_14259,clear primary agriculture cultivation habitation road
test_14260,clear primary agriculture habitation road bare_ground
test_14261,clear primary
test_14262,clear primary water
test_14263,partly_cloudy cloudy primary agriculture
test_14264,clear primary agriculture cultivation
test_14265,clear primary agriculture road
test_14266,clear primary
test_14267,clear primary
test_14268,partly_cloudy primary
test_14269,clear primary
test_14270,clear primary
test_14271,haze primary
test_14272,clear partly_cloudy primary agriculture water
test_14273,clear primary
test_14274,clear primary agriculture habitation road
test_14275,clear primary
test_14276,clear partly_cloudy primary agriculture water road
test_14277,clear partly_cloudy primary agriculture water road
test_14278,clear primary
test_14279,partly_cloudy primary
test_14280,partly_cloudy primary water
test_14281,clear primary
test_14282,clear primary agriculture habitation road
test_14283,clear primary
test_14284,clear primary
test_14285,clear primary
test_14286,clear primary
test_14287,partly_cloudy primary agriculture road
test_14288,partly_cloudy primary
test_14289,clear primary
test_14290,haze primary
test_14291,clear primary agriculture road bare_ground
test_14292,haze primary
test_14293,clear primary
test_14294,clear haze primary
test_14295,partly_cloudy primary
test_14296,clear primary agriculture cultivation
test_14297,clear primary
test_14298,clear primary agriculture cultivation
test_14299,haze primary
test_14300,clear primary
test_14301,clear primary
test_14302,haze primary
test_14303,clear primary water
test_14304,partly_cloudy cloudy primary
test_14305,clear primary
test_14306,partly_cloudy primary
test_14307,clear primary agriculture water
test_14308,clear primary agriculture habitation road
test_14309,partly_cloudy primary agriculture road
test_14310,partly_cloudy primary
test_14311,partly_cloudy cloudy primary
test_14312,clear primary
test_14313,clear primary water
test_14314,clear primary agriculture cultivation road
test_14315,clear haze primary
test_14316,clear primary water
test_14317,clear primary
test_14318,clear haze primary water
test_14319,clear cloudy water
test_14320,clear primary agriculture water road
test_14321,clear haze primary
test_14322,clear primary
test_14323,clear primary agriculture cultivation
test_14324,clear primary water road
test_14325,clear primary
test_14326,clear haze primary water
test_14327,partly_cloudy primary
test_14328,clear primary agriculture cultivation habitation road
test_14329,partly_cloudy primary
test_14330,clear primary agriculture habitation road
test_14331,clear primary water road
test_14332,clear primary
test_14333,clear partly_cloudy primary agriculture cultivation
test_14334,clear primary
test_14335,partly_cloudy primary
test_14336,clear primary
test_14337,partly_cloudy primary water
test_14338,partly_cloudy primary
test_14339,clear primary agriculture road
test_14340,partly_cloudy primary agriculture habitation road
test_14341,clear primary
test_14342,clear primary agriculture road
test_14343,cloudy
test_14344,clear primary
test_14345,partly_cloudy primary
test_14346,clear primary
test_14347,partly_cloudy primary
test_14348,clear primary agriculture cultivation habitation road
test_14349,partly_cloudy primary agriculture water
test_14350,partly_cloudy primary agriculture water road
test_14351,clear primary
test_14352,clear primary agriculture cultivation
test_14353,clear primary
test_14354,partly_cloudy primary agriculture road
test_14355,clear primary
test_14356,partly_cloudy primary agriculture water road
test_14357,clear primary agriculture water cultivation habitation road
test_14358,clear primary habitation road
test_14359,clear primary agriculture cultivation road
test_14360,clear primary water
test_14361,clear primary agriculture cultivation
test_14362,clear primary agriculture cultivation habitation
test_14363,partly_cloudy primary
test_14364,partly_cloudy primary
test_14365,clear haze cloudy primary agriculture water road conventional_mine bare_ground
test_14366,partly_cloudy primary
test_14367,partly_cloudy primary agriculture
test_14368,clear primary
test_14369,partly_cloudy primary
test_14370,clear primary water
test_14371,clear primary
test_14372,clear primary agriculture road
test_14373,clear primary
test_14374,clear primary
test_14375,clear primary
test_14376,partly_cloudy primary agriculture cultivation
test_14377,partly_cloudy primary
test_14378,clear primary
test_14379,clear primary selective_logging
test_14380,clear primary agriculture water road
test_14381,clear primary
test_14382,clear primary
test_14383,clear primary agriculture cultivation
test_14384,clear primary water
test_14385,clear primary
test_14386,clear primary
test_14387,clear primary agriculture cultivation
test_14388,clear primary agriculture habitation road bare_ground
test_14389,clear primary agriculture water habitation road
test_14390,clear primary
test_14391,clear primary
test_14392,clear primary agriculture cultivation habitation
test_14393,clear primary agriculture cultivation
test_14394,cloudy
test_14395,clear primary water
test_14396,partly_cloudy primary
test_14397,clear primary
test_14398,clear primary water artisinal_mine
test_14399,clear primary
test_14400,haze cloudy primary
test_14401,partly_cloudy primary water
test_14402,clear primary
test_14403,partly_cloudy primary agriculture water road
test_14404,clear primary water
test_14405,clear primary agriculture water cultivation road
test_14406,clear primary agriculture water cultivation habitation road
test_14407,clear primary
test_14408,haze cloudy
test_14409,cloudy
test_14410,clear primary agriculture cultivation
test_14411,clear primary water artisinal_mine
test_14412,clear primary agriculture cultivation
test_14413,partly_cloudy primary
test_14414,clear primary
test_14415,clear primary water artisinal_mine
test_14416,haze cloudy primary
test_14417,clear primary agriculture water cultivation
test_14418,partly_cloudy primary water
test_14419,clear primary agriculture road
test_14420,haze primary
test_14421,clear primary
test_14422,cloudy
test_14423,clear cloudy primary water
test_14424,clear haze primary
test_14425,clear haze primary agriculture cultivation
test_14426,clear partly_cloudy primary agriculture habitation road conventional_mine
test_14427,clear primary blooming selective_logging
test_14428,partly_cloudy primary
test_14429,partly_cloudy primary agriculture road
test_14430,clear primary
test_14431,clear primary agriculture cultivation habitation
test_14432,clear primary water road selective_logging
test_14433,clear partly_cloudy primary agriculture water habitation road
test_14434,clear primary agriculture water cultivation
test_14435,partly_cloudy primary agriculture water road
test_14436,clear primary water road
test_14437,partly_cloudy primary agriculture habitation road
test_14438,clear primary
test_14439,clear primary agriculture water road
test_14440,clear primary water
test_14441,clear primary
test_14442,clear primary agriculture road
test_14443,clear primary
test_14444,partly_cloudy primary
test_14445,partly_cloudy primary agriculture water
test_14446,clear primary
test_14447,clear primary
test_14448,clear partly_cloudy primary agriculture habitation road
test_14449,clear primary
test_14450,cloudy
test_14451,clear primary water
test_14452,clear primary agriculture water habitation road bare_ground
test_14453,partly_cloudy cloudy primary agriculture road
test_14454,clear primary
test_14455,clear primary agriculture road
test_14456,clear primary agriculture water cultivation habitation road
test_14457,clear primary agriculture water
test_14458,clear primary
test_14459,haze cloudy
test_14460,haze cloudy primary
test_14461,clear primary agriculture water road
test_14462,cloudy
test_14463,partly_cloudy primary agriculture road
test_14464,clear primary
test_14465,partly_cloudy primary agriculture
test_14466,clear primary water road
test_14467,clear cloudy water
test_14468,haze primary
test_14469,clear primary agriculture cultivation
test_14470,clear primary agriculture habitation road
test_14471,partly_cloudy primary
test_14472,clear primary
test_14473,clear primary
test_14474,clear primary agriculture cultivation road
test_14475,partly_cloudy primary agriculture water habitation road
test_14476,haze primary
test_14477,clear primary
test_14478,clear primary
test_14479,clear primary agriculture water habitation bare_ground
test_14480,clear primary agriculture cultivation
test_14481,clear primary
test_14482,partly_cloudy primary agriculture
test_14483,clear primary
test_14484,clear primary
test_14485,clear primary agriculture road selective_logging
test_14486,haze primary
test_14487,clear primary agriculture water
test_14488,partly_cloudy primary agriculture
test_14489,clear primary
test_14490,clear primary agriculture habitation road
test_14491,partly_cloudy cloudy
test_14492,clear primary agriculture cultivation
test_14493,clear haze primary agriculture cultivation
test_14494,clear primary
test_14495,partly_cloudy primary
test_14496,clear primary
test_14497,clear primary agriculture cultivation
test_14498,haze primary
test_14499,clear primary water
test_14500,clear primary
test_14501,clear primary
test_14502,clear primary agriculture
test_14503,clear primary agriculture bare_ground
test_14504,clear primary agriculture road
test_14505,clear primary agriculture road
test_14506,clear primary
test_14507,clear primary agriculture habitation road
test_14508,haze primary agriculture cultivation
test_14509,clear primary agriculture habitation road
test_14510,clear haze primary agriculture road
test_14511,partly_cloudy primary
test_14512,clear primary agriculture water road
test_14513,clear primary agriculture water habitation road
test_14514,clear primary
test_14515,clear primary agriculture cultivation road
test_14516,clear primary water
test_14517,clear primary
test_14518,clear primary
test_14519,clear primary
test_14520,clear primary agriculture cultivation
test_14521,clear primary water artisinal_mine
test_14522,clear primary agriculture habitation road
test_14523,clear primary cultivation
test_14524,clear primary water road
test_14525,clear primary agriculture cultivation
test_14526,clear primary
test_14527,partly_cloudy primary agriculture water
test_14528,clear primary agriculture habitation road
test_14529,clear primary agriculture water habitation road
test_14530,clear primary agriculture habitation road
test_14531,haze primary
test_14532,clear primary agriculture water habitation road
test_14533,partly_cloudy primary
test_14534,cloudy
test_14535,partly_cloudy primary
test_14536,clear primary agriculture cultivation
test_14537,clear primary
test_14538,clear primary agriculture bare_ground
test_14539,partly_cloudy primary agriculture water road
test_14540,haze cloudy primary
test_14541,clear primary
test_14542,clear primary agriculture cultivation
test_14543,clear primary
test_14544,clear primary agriculture bare_ground
test_14545,clear primary agriculture cultivation
test_14546,clear primary
test_14547,clear primary
test_14548,clear primary
test_14549,clear primary water
test_14550,clear primary
test_14551,clear primary
test_14552,clear primary water
test_14553,clear primary
test_14554,haze cloudy primary
test_14555,clear primary agriculture habitation road
test_14556,partly_cloudy primary
test_14557,clear partly_cloudy primary agriculture habitation road
test_14558,clear primary
test_14559,clear cloudy water
test_14560,clear primary
test_14561,partly_cloudy primary agriculture water cultivation road
test_14562,clear primary
test_14563,clear primary water
test_14564,partly_cloudy primary agriculture water
test_14565,clear primary
test_14566,partly_cloudy primary
test_14567,clear primary agriculture cultivation
test_14568,cloudy
test_14569,clear primary
test_14570,clear primary blooming selective_logging
test_14571,clear primary
test_14572,clear primary
test_14573,partly_cloudy primary water
test_14574,clear primary
test_14575,clear primary
test_14576,clear primary
test_14577,clear primary
test_14578,clear primary
test_14579,clear primary
test_14580,clear primary
test_14581,clear primary
test_14582,clear primary water
test_14583,clear primary agriculture cultivation
test_14584,clear primary agriculture road
test_14585,clear partly_cloudy primary agriculture
test_14586,partly_cloudy primary agriculture cultivation road
test_14587,clear primary
test_14588,clear primary agriculture
test_14589,clear primary
test_14590,clear primary agriculture cultivation road
test_14591,haze cloudy primary
test_14592,partly_cloudy primary agriculture cultivation
test_14593,clear primary agriculture habitation road
test_14594,clear primary
test_14595,clear primary
test_14596,clear primary agriculture cultivation
test_14597,clear primary agriculture cultivation
test_14598,clear primary water
test_14599,clear primary
test_14600,clear primary
test_14601,clear primary
test_14602,clear primary
test_14603,clear primary
test_14604,clear primary
test_14605,clear primary
test_14606,clear primary
test_14607,cloudy
test_14608,clear primary
test_14609,clear primary
test_14610,clear primary agriculture
test_14611,clear primary agriculture water habitation road
test_14612,clear primary agriculture water cultivation road
test_14613,clear primary agriculture road
test_14614,partly_cloudy primary
test_14615,clear primary
test_14616,clear primary water
test_14617,clear primary
test_14618,clear primary agriculture cultivation habitation
test_14619,cloudy
test_14620,clear haze primary agriculture water
test_14621,clear primary water road
test_14622,clear primary agriculture cultivation road
test_14623,clear primary agriculture road
test_14624,clear primary
test_14625,clear partly_cloudy primary
test_14626,clear primary
test_14627,clear primary
test_14628,clear primary
test_14629,clear primary agriculture cultivation habitation road
test_14630,clear primary agriculture
test_14631,clear primary agriculture habitation road
test_14632,haze primary
test_14633,clear primary blooming
test_14634,clear haze primary agriculture water cultivation
test_14635,clear primary agriculture habitation road
test_14636,clear primary
test_14637,clear primary agriculture road
test_14638,haze cloudy primary
test_14639,clear primary agriculture road
test_14640,clear primary
test_14641,clear primary
test_14642,partly_cloudy primary water road
test_14643,clear primary
test_14644,clear primary water
test_14645,clear primary
test_14646,clear primary
test_14647,clear primary road
test_14648,haze primary
test_14649,clear primary
test_14650,clear primary agriculture cultivation road
test_14651,clear primary
test_14652,clear primary water
test_14653,clear partly_cloudy primary agriculture cultivation
test_14654,clear primary
test_14655,clear primary agriculture cultivation habitation
test_14656,clear primary
test_14657,partly_cloudy primary
test_14658,clear primary agriculture road
test_14659,cloudy
test_14660,clear primary agriculture water road conventional_mine bare_ground artisinal_mine
test_14661,partly_cloudy primary agriculture road
test_14662,clear partly_cloudy primary water
test_14663,partly_cloudy primary
test_14664,clear primary
test_14665,clear cloudy water
test_14666,clear primary water road
test_14667,clear primary
test_14668,clear primary
test_14669,clear primary
test_14670,clear primary agriculture habitation road
test_14671,haze cloudy
test_14672,clear primary
test_14673,cloudy
test_14674,clear primary
test_14675,clear primary agriculture water road
test_14676,clear primary
test_14677,clear primary water bare_ground artisinal_mine
test_14678,partly_cloudy primary agriculture water
test_14679,clear cloudy water
test_14680,partly_cloudy primary
test_14681,clear primary agriculture cultivation habitation road
test_14682,clear primary agriculture cultivation
test_14683,clear primary
test_14684,clear primary
test_14685,partly_cloudy primary
test_14686,clear primary
test_14687,haze cloudy primary
test_14688,clear primary road selective_logging
test_14689,haze primary
test_14690,clear primary agriculture road
test_14691,clear primary
test_14692,clear primary
test_14693,clear primary habitation road
test_14694,clear primary
test_14695,clear primary
test_14696,cloudy
test_14697,clear primary agriculture habitation road
test_14698,clear primary
test_14699,partly_cloudy primary
test_14700,clear primary
test_14701,cloudy
test_14702,clear primary
test_14703,clear primary
test_14704,clear haze primary water road
test_14705,clear primary agriculture cultivation
test_14706,partly_cloudy primary agriculture cultivation habitation road
test_14707,partly_cloudy primary water
test_14708,clear primary agriculture
test_14709,partly_cloudy primary agriculture cultivation road
test_14710,clear primary agriculture cultivation road
test_14711,clear primary
test_14712,clear primary
test_14713,partly_cloudy primary agriculture water road
test_14714,clear primary water
test_14715,clear primary
test_14716,haze primary
test_14717,partly_cloudy primary agriculture cultivation
test_14718,clear primary agriculture road
test_14719,clear primary agriculture water cultivation
test_14720,partly_cloudy primary water road
test_14721,clear primary
test_14722,partly_cloudy primary agriculture water cultivation road
test_14723,clear primary agriculture road
test_14724,clear primary agriculture cultivation
test_14725,clear primary
test_14726,clear primary agriculture cultivation road
test_14727,clear primary agriculture water cultivation road
test_14728,clear primary agriculture cultivation
test_14729,partly_cloudy primary agriculture cultivation
test_14730,partly_cloudy primary
test_14731,haze primary
test_14732,partly_cloudy primary
test_14733,clear primary
test_14734,partly_cloudy primary agriculture road
test_14735,clear primary
test_14736,clear primary
test_14737,clear primary
test_14738,partly_cloudy primary water
test_14739,clear primary agriculture habitation road
test_14740,clear haze primary agriculture water road
test_14741,clear primary agriculture cultivation road
test_14742,clear primary agriculture cultivation road
test_14743,haze primary agriculture
test_14744,partly_cloudy primary
test_14745,clear primary agriculture
test_14746,clear primary
test_14747,clear primary agriculture road
test_14748,clear primary
test_14749,clear primary agriculture water cultivation habitation road
test_14750,clear primary
test_14751,clear partly_cloudy primary
test_14752,partly_cloudy primary agriculture road
test_14753,clear primary blooming
test_14754,clear primary agriculture habitation road
test_14755,clear primary agriculture cultivation
test_14756,haze cloudy
test_14757,clear primary
test_14758,partly_cloudy primary
test_14759,cloudy
test_14760,clear primary agriculture water
test_14761,partly_cloudy primary agriculture road
test_14762,clear primary water
test_14763,clear primary
test_14764,clear primary agriculture cultivation
test_14765,partly_cloudy primary
test_14766,clear primary
test_14767,clear primary
test_14768,clear primary agriculture cultivation
test_14769,partly_cloudy primary agriculture cultivation
test_14770,partly_cloudy primary agriculture
test_14771,clear primary agriculture cultivation
test_14772,clear primary agriculture
test_14773,clear primary agriculture habitation road
test_14774,clear primary agriculture cultivation
test_14775,clear primary
test_14776,clear primary
test_14777,haze cloudy primary
test_14778,clear primary water
test_14779,haze primary
test_14780,clear primary water road
test_14781,clear partly_cloudy primary
test_14782,haze primary
test_14783,clear primary water
test_14784,cloudy
test_14785,clear primary agriculture road bare_ground
test_14786,clear haze primary agriculture water habitation road
test_14787,clear primary
test_14788,clear primary
test_14789,clear primary agriculture road
test_14790,clear primary agriculture water cultivation
test_14791,clear primary water
test_14792,clear primary agriculture water cultivation habitation road
test_14793,partly_cloudy primary agriculture habitation road
test_14794,clear primary agriculture cultivation
test_14795,clear primary
test_14796,clear primary
test_14797,partly_cloudy primary agriculture cultivation road
test_14798,partly_cloudy primary agriculture road
test_14799,partly_cloudy primary agriculture
test_14800,cloudy
test_14801,clear primary
test_14802,clear primary agriculture cultivation
test_14803,clear primary
test_14804,clear primary
test_14805,clear primary
test_14806,cloudy
test_14807,cloudy
test_14808,clear primary agriculture water habitation road
test_14809,clear primary
test_14810,clear primary agriculture water
test_14811,clear primary
test_14812,clear primary water
test_14813,clear primary
test_14814,partly_cloudy primary agriculture
test_14815,clear primary
test_14816,clear primary
test_14817,clear primary
test_14818,clear primary
test_14819,partly_cloudy primary
test_14820,clear primary
test_14821,clear primary
test_14822,haze cloudy
test_14823,clear primary
test_14824,haze cloudy
test_14825,clear primary
test_14826,clear primary agriculture water road
test_14827,clear primary water habitation road
test_14828,clear primary agriculture habitation road
test_14829,clear primary
test_14830,haze cloudy primary
test_14831,clear primary
test_14832,clear primary
test_14833,clear primary agriculture water
test_14834,clear primary
test_14835,haze cloudy primary
test_14836,haze primary
test_14837,clear primary
test_14838,clear primary agriculture water cultivation habitation
test_14839,partly_cloudy primary
test_14840,partly_cloudy primary agriculture water
test_14841,partly_cloudy primary agriculture cultivation
test_14842,clear cloudy water
test_14843,clear partly_cloudy primary agriculture cultivation road
test_14844,clear primary agriculture cultivation habitation
test_14845,clear primary
test_14846,clear primary
test_14847,partly_cloudy primary
test_14848,clear primary
test_14849,clear primary
test_14850,haze primary agriculture cultivation
test_14851,haze primary
test_14852,clear primary water road bare_ground artisinal_mine
test_14853,partly_cloudy primary
test_14854,clear primary agriculture cultivation
test_14855,clear primary
test_14856,clear primary agriculture road
test_14857,clear haze primary agriculture water
test_14858,clear primary
test_14859,partly_cloudy primary agriculture cultivation road
test_14860,haze partly_cloudy cloudy primary
test_14861,clear primary
test_14862,partly_cloudy primary water
test_14863,clear primary water road
test_14864,clear primary agriculture water road
test_14865,clear primary
test_14866,clear primary water
test_14867,haze primary
test_14868,clear primary agriculture water cultivation road
test_14869,clear partly_cloudy primary agriculture cultivation
test_14870,partly_cloudy primary water
test_14871,clear primary agriculture cultivation
test_14872,clear primary
test_14873,clear primary agriculture habitation road
test_14874,clear primary
test_14875,clear primary water road
test_14876,clear primary
test_14877,partly_cloudy primary agriculture
test_14878,clear partly_cloudy primary water
test_14879,clear primary agriculture water road
test_14880,clear primary agriculture cultivation
test_14881,partly_cloudy primary
test_14882,haze cloudy primary
test_14883,partly_cloudy primary agriculture road
test_14884,haze primary
test_14885,clear primary
test_14886,clear cloudy water
test_14887,clear primary agriculture cultivation road selective_logging
test_14888,partly_cloudy primary
test_14889,clear primary
test_14890,clear primary
test_14891,clear primary
test_14892,clear primary
test_14893,clear primary
test_14894,haze cloudy primary
test_14895,clear primary
test_14896,partly_cloudy primary agriculture cultivation
test_14897,partly_cloudy primary agriculture
test_14898,partly_cloudy primary
test_14899,partly_cloudy primary
test_14900,clear primary
test_14901,clear primary agriculture road bare_ground
test_14902,clear primary agriculture cultivation road
test_14903,partly_cloudy primary water
test_14904,clear primary
test_14905,clear primary water
test_14906,clear primary
test_14907,clear primary
test_14908,clear primary agriculture cultivation habitation road
test_14909,clear primary
test_14910,clear primary
test_14911,clear primary
test_14912,clear primary agriculture water road
test_14913,clear primary agriculture road
test_14914,partly_cloudy primary
test_14915,clear primary
test_14916,partly_cloudy primary
test_14917,clear haze primary water
test_14918,clear primary water road
test_14919,haze primary
test_14920,clear primary agriculture cultivation habitation road
test_14921,clear primary
test_14922,clear primary
test_14923,clear haze primary
test_14924,clear primary agriculture habitation road
test_14925,clear primary agriculture water habitation road
test_14926,partly_cloudy primary agriculture
test_14927,clear primary water road
test_14928,clear primary water
test_14929,clear primary agriculture road
test_14930,partly_cloudy primary
test_14931,clear primary
test_14932,clear primary agriculture road
test_14933,clear primary
test_14934,clear primary
test_14935,cloudy
test_14936,clear haze primary
test_14937,clear haze primary agriculture
test_14938,partly_cloudy primary agriculture water road
test_14939,clear primary
test_14940,clear haze primary agriculture
test_14941,clear primary water
test_14942,clear primary agriculture water cultivation habitation road
test_14943,clear primary agriculture cultivation
test_14944,clear primary agriculture cultivation
test_14945,clear primary
test_14946,clear primary
test_14947,partly_cloudy primary agriculture water
test_14948,clear primary
test_14949,clear primary
test_14950,clear primary agriculture habitation road
test_14951,clear primary agriculture water cultivation
test_14952,clear primary agriculture habitation road
test_14953,clear haze primary
test_14954,clear primary
test_14955,clear primary water
test_14956,clear haze primary
test_14957,partly_cloudy primary agriculture
test_14958,clear haze primary
test_14959,partly_cloudy primary
test_14960,clear primary agriculture cultivation
test_14961,clear primary water
test_14962,clear haze primary
test_14963,clear primary agriculture cultivation
test_14964,clear haze primary agriculture water habitation road
test_14965,clear primary agriculture cultivation
test_14966,clear primary road blooming selective_logging
test_14967,partly_cloudy primary water
test_14968,partly_cloudy primary
test_14969,haze cloudy
test_14970,clear primary
test_14971,haze cloudy primary
test_14972,partly_cloudy primary
test_14973,clear primary
test_14974,clear primary
test_14975,clear primary agriculture road
test_14976,haze primary agriculture water road
test_14977,clear primary agriculture water road
test_14978,clear primary
test_14979,clear primary
test_14980,partly_cloudy primary
test_14981,clear primary agriculture road
test_14982,partly_cloudy primary water
test_14983,partly_cloudy primary agriculture road
test_14984,partly_cloudy primary agriculture
test_14985,clear primary agriculture water cultivation
test_14986,partly_cloudy cloudy
test_14987,clear haze primary agriculture water cultivation habitation road
test_14988,clear primary
test_14989,partly_cloudy primary agriculture road
test_14990,clear primary
test_14991,clear primary agriculture cultivation
test_14992,partly_cloudy primary
test_14993,partly_cloudy primary
test_14994,clear cloudy water
test_14995,clear primary
test_14996,clear primary
test_14997,clear primary
test_14998,clear primary agriculture cultivation habitation road
test_14999,clear partly_cloudy primary agriculture road
test_15000,clear primary
test_15001,clear primary
test_15002,partly_cloudy primary
test_15003,clear primary agriculture road
test_15004,clear primary agriculture bare_ground
test_15005,clear primary
test_15006,clear primary agriculture road
test_15007,clear primary agriculture
test_15008,clear primary agriculture water cultivation
test_15009,clear primary
test_15010,partly_cloudy cloudy primary
test_15011,partly_cloudy primary agriculture habitation road
test_15012,partly_cloudy primary
test_15013,clear primary agriculture water road
test_15014,clear primary agriculture cultivation habitation
test_15015,clear primary
test_15016,clear primary agriculture water cultivation
test_15017,clear haze primary
test_15018,partly_cloudy primary agriculture road
test_15019,clear primary agriculture road bare_ground
test_15020,partly_cloudy primary agriculture water road
test_15021,partly_cloudy primary
test_15022,cloudy
test_15023,clear primary agriculture cultivation
test_15024,clear primary water
test_15025,clear primary
test_15026,clear primary
test_15027,partly_cloudy primary agriculture habitation road
test_15028,clear primary agriculture
test_15029,clear primary agriculture cultivation
test_15030,partly_cloudy primary agriculture road
test_15031,clear primary
test_15032,partly_cloudy primary agriculture water road
test_15033,clear partly_cloudy primary agriculture
test_15034,clear partly_cloudy primary agriculture cultivation
test_15035,clear primary agriculture cultivation
test_15036,clear primary
test_15037,clear partly_cloudy primary agriculture road
test_15038,clear primary
test_15039,clear primary
test_15040,clear primary
test_15041,cloudy
test_15042,partly_cloudy primary
test_15043,clear primary agriculture road
test_15044,partly_cloudy primary water
test_15045,partly_cloudy primary
test_15046,clear primary
test_15047,cloudy
test_15048,clear primary agriculture water road
test_15049,clear primary
test_15050,clear primary water
test_15051,clear haze primary
test_15052,clear primary
test_15053,clear primary
test_15054,haze primary
test_15055,partly_cloudy primary agriculture
test_15056,partly_cloudy primary agriculture cultivation habitation road
test_15057,clear primary
test_15058,cloudy
test_15059,partly_cloudy primary
test_15060,clear primary
test_15061,clear primary
test_15062,clear primary road
test_15063,partly_cloudy primary agriculture water
test_15064,clear primary
test_15065,clear primary
test_15066,partly_cloudy primary agriculture habitation road
test_15067,clear haze primary
test_15068,clear primary
test_15069,partly_cloudy primary agriculture cultivation
test_15070,partly_cloudy primary agriculture road
test_15071,clear primary
test_15072,clear primary agriculture water habitation road bare_ground
test_15073,haze partly_cloudy primary water
test_15074,clear primary agriculture habitation road
test_15075,clear primary
test_15076,clear primary agriculture water cultivation
test_15077,clear primary water road selective_logging
test_15078,partly_cloudy primary agriculture cultivation road
test_15079,clear primary
test_15080,clear primary agriculture cultivation
test_15081,clear primary agriculture cultivation habitation road
test_15082,partly_cloudy primary
test_15083,clear primary
test_15084,clear primary agriculture road
test_15085,clear primary water road
test_15086,clear primary water
test_15087,clear primary agriculture water
test_15088,clear cloudy water
test_15089,clear primary
test_15090,partly_cloudy primary agriculture road
test_15091,clear primary agriculture habitation road
test_15092,clear primary agriculture road
test_15093,clear primary
test_15094,clear primary
test_15095,partly_cloudy primary
test_15096,clear primary
test_15097,clear primary
test_15098,partly_cloudy primary water
test_15099,partly_cloudy primary
test_15100,clear primary
test_15101,clear primary agriculture cultivation habitation
test_15102,clear primary agriculture cultivation
test_15103,clear primary
test_15104,partly_cloudy primary
test_15105,clear primary
test_15106,clear primary
test_15107,clear primary
test_15108,clear haze primary agriculture road
test_15109,partly_cloudy primary
test_15110,partly_cloudy primary water road
test_15111,clear primary water road
test_15112,clear primary agriculture cultivation habitation road
test_15113,clear primary agriculture cultivation
test_15114,clear primary
test_15115,clear primary
test_15116,clear primary
test_15117,clear primary agriculture cultivation habitation road
test_15118,clear primary
test_15119,clear primary agriculture water cultivation road
test_15120,clear primary
test_15121,clear primary
test_15122,partly_cloudy primary
test_15123,clear primary
test_15124,clear primary
test_15125,partly_cloudy primary
test_15126,partly_cloudy primary agriculture habitation road
test_15127,partly_cloudy primary water
test_15128,clear primary
test_15129,clear primary
test_15130,clear partly_cloudy primary agriculture habitation road
test_15131,clear primary water
test_15132,clear partly_cloudy primary agriculture cultivation
test_15133,clear primary agriculture cultivation
test_15134,clear primary agriculture habitation road
test_15135,partly_cloudy primary agriculture water cultivation road
test_15136,clear primary
test_15137,clear partly_cloudy primary
test_15138,partly_cloudy primary
test_15139,partly_cloudy primary
test_15140,partly_cloudy primary
test_15141,clear primary agriculture habitation road
test_15142,clear primary agriculture water cultivation road
test_15143,clear primary agriculture water cultivation habitation road
test_15144,partly_cloudy primary agriculture cultivation road
test_15145,partly_cloudy primary water
test_15146,partly_cloudy primary
test_15147,clear primary water bare_ground artisinal_mine
test_15148,partly_cloudy cloudy primary water
test_15149,clear haze primary agriculture cultivation
test_15150,clear primary agriculture
test_15151,partly_cloudy primary
test_15152,clear primary
test_15153,clear partly_cloudy primary agriculture cultivation habitation road
test_15154,cloudy
test_15155,clear primary agriculture habitation road
test_15156,clear primary water road
test_15157,clear primary agriculture cultivation
test_15158,clear primary agriculture water cultivation
test_15159,haze cloudy primary
test_15160,clear primary water road selective_logging
test_15161,clear primary
test_15162,clear primary
test_15163,clear primary selective_logging
test_15164,clear primary
test_15165,partly_cloudy cloudy primary
test_15166,clear primary agriculture water road
test_15167,clear primary agriculture water habitation road
test_15168,clear primary agriculture habitation road
test_15169,partly_cloudy primary
test_15170,clear cloudy primary agriculture
test_15171,partly_cloudy primary agriculture habitation road
test_15172,clear primary road
test_15173,clear primary
test_15174,clear primary
test_15175,clear primary agriculture cultivation
test_15176,cloudy
test_15177,haze primary agriculture water road
test_15178,partly_cloudy primary agriculture cultivation
test_15179,clear haze primary water road
test_15180,clear primary agriculture habitation road
test_15181,clear primary
test_15182,clear primary
test_15183,clear primary agriculture water habitation road
test_15184,cloudy
test_15185,clear primary
test_15186,clear primary agriculture road bare_ground
test_15187,clear primary agriculture cultivation
test_15188,clear primary agriculture road
test_15189,clear haze primary
test_15190,clear primary water
test_15191,clear primary
test_15192,clear primary
test_15193,partly_cloudy primary agriculture road
test_15194,clear primary agriculture water cultivation
test_15195,partly_cloudy primary agriculture road
test_15196,cloudy
test_15197,partly_cloudy primary agriculture cultivation
test_15198,clear primary water
test_15199,clear primary agriculture road
test_15200,clear primary
test_15201,clear primary
test_15202,haze partly_cloudy primary agriculture water road
test_15203,clear primary
test_15204,clear primary
test_15205,clear primary agriculture road
test_15206,haze cloudy
test_15207,clear primary
test_15208,clear primary
test_15209,clear primary agriculture water
test_15210,clear primary agriculture water
test_15211,clear primary
test_15212,partly_cloudy primary agriculture cultivation road
test_15213,clear primary agriculture water
test_15214,clear primary
test_15215,clear primary agriculture water cultivation habitation road
test_15216,partly_cloudy primary water
test_15217,partly_cloudy primary
test_15218,clear primary
test_15219,clear primary
test_15220,clear haze primary
test_15221,clear primary water
test_15222,clear primary
test_15223,clear primary
test_15224,clear primary cultivation
test_15225,clear primary
test_15226,clear primary water road
test_15227,clear partly_cloudy primary water
test_15228,clear primary water
test_15229,clear primary agriculture habitation road
test_15230,haze primary agriculture water
test_15231,clear primary
test_15232,clear primary agriculture
test_15233,partly_cloudy primary
test_15234,clear primary
test_15235,clear haze primary agriculture cultivation habitation
test_15236,clear primary
test_15237,partly_cloudy primary
test_15238,partly_cloudy primary agriculture cultivation
test_15239,partly_cloudy primary
test_15240,clear primary
test_15241,clear primary
test_15242,clear primary agriculture cultivation
test_15243,clear primary water
test_15244,clear primary
test_15245,clear primary
test_15246,partly_cloudy primary
test_15247,clear primary agriculture cultivation
test_15248,clear primary
test_15249,clear primary habitation road
test_15250,partly_cloudy primary agriculture water road
test_15251,clear primary
test_15252,haze primary agriculture water cultivation
test_15253,clear partly_cloudy primary
test_15254,clear primary
test_15255,partly_cloudy primary water
test_15256,partly_cloudy primary agriculture cultivation
test_15257,clear primary
test_15258,clear primary agriculture cultivation
test_15259,partly_cloudy primary
test_15260,clear primary
test_15261,clear primary
test_15262,clear primary water road
test_15263,clear primary agriculture habitation road
test_15264,clear partly_cloudy primary agriculture cultivation
test_15265,clear primary agriculture road
test_15266,clear primary agriculture cultivation
test_15267,clear primary water road
test_15268,clear primary agriculture habitation road
test_15269,clear primary
test_15270,clear primary agriculture cultivation road
test_15271,clear primary agriculture habitation road
test_15272,clear primary agriculture
test_15273,clear primary
test_15274,clear primary
test_15275,partly_cloudy primary agriculture road
test_15276,clear primary
test_15277,clear primary
test_15278,clear primary
test_15279,clear partly_cloudy primary agriculture water road
test_15280,partly_cloudy primary agriculture cultivation
test_15281,clear primary agriculture cultivation
test_15282,clear primary
test_15283,clear primary agriculture water cultivation road
test_15284,clear primary
test_15285,clear primary agriculture cultivation
test_15286,clear primary agriculture water road
test_15287,clear primary
test_15288,clear haze primary agriculture habitation road
test_15289,clear primary
test_15290,clear primary agriculture road
test_15291,clear primary agriculture habitation road
test_15292,clear cloudy water
test_15293,clear primary
test_15294,clear primary
test_15295,clear primary
test_15296,clear primary agriculture water cultivation habitation road
test_15297,clear primary agriculture water road
test_15298,clear primary agriculture
test_15299,haze partly_cloudy primary agriculture water
test_15300,partly_cloudy primary
test_15301,partly_cloudy primary agriculture cultivation
test_15302,clear primary agriculture
test_15303,clear primary water bare_ground artisinal_mine
test_15304,clear primary
test_15305,clear primary
test_15306,clear primary
test_15307,partly_cloudy primary
test_15308,clear primary agriculture habitation road bare_ground
test_15309,clear primary agriculture water habitation road bare_ground artisinal_mine
test_15310,partly_cloudy primary agriculture road
test_15311,clear primary
test_15312,clear primary agriculture water road
test_15313,clear primary
test_15314,clear primary
test_15315,haze primary agriculture water cultivation
test_15316,partly_cloudy primary agriculture road
test_15317,clear primary agriculture water
test_15318,clear primary
test_15319,clear primary
test_15320,clear primary agriculture water cultivation habitation road
test_15321,partly_cloudy primary agriculture road
test_15322,clear haze primary
test_15323,clear primary
test_15324,partly_cloudy primary
test_15325,clear primary
test_15326,clear primary
test_15327,clear partly_cloudy primary
test_15328,clear primary water road
test_15329,clear primary
test_15330,clear primary water
test_15331,cloudy
test_15332,clear primary
test_15333,haze cloudy primary
test_15334,clear primary agriculture road
test_15335,clear primary
test_15336,clear primary
test_15337,clear primary
test_15338,clear primary agriculture habitation road
test_15339,partly_cloudy primary
test_15340,clear primary agriculture
test_15341,clear primary
test_15342,clear primary agriculture cultivation road
test_15343,clear primary
test_15344,clear partly_cloudy primary agriculture water road conventional_mine
test_15345,clear primary water
test_15346,clear primary
test_15347,cloudy
test_15348,clear partly_cloudy primary agriculture water
test_15349,clear primary agriculture water
test_15350,partly_cloudy primary
test_15351,clear primary
test_15352,clear primary water road selective_logging
test_15353,clear primary agriculture habitation road
test_15354,partly_cloudy primary
test_15355,clear primary
test_15356,clear primary agriculture water bare_ground
test_15357,clear primary water
test_15358,clear primary
test_15359,clear partly_cloudy primary agriculture water cultivation
test_15360,clear primary
test_15361,cloudy
test_15362,clear primary
test_15363,clear primary agriculture cultivation habitation road
test_15364,haze cloudy primary
test_15365,haze cloudy primary
test_15366,partly_cloudy primary
test_15367,clear primary agriculture cultivation
test_15368,clear primary agriculture water cultivation habitation
test_15369,haze primary
test_15370,clear primary
test_15371,clear primary agriculture road
test_15372,partly_cloudy primary
test_15373,clear primary agriculture cultivation habitation road
test_15374,partly_cloudy primary agriculture road
test_15375,clear primary agriculture road
test_15376,clear primary
test_15377,clear primary
test_15378,clear primary water road
test_15379,clear primary
test_15380,clear primary
test_15381,clear primary
test_15382,clear primary
test_15383,clear primary
test_15384,clear primary
test_15385,clear primary agriculture water road
test_15386,clear primary water road
test_15387,clear primary
test_15388,clear primary
test_15389,clear primary
test_15390,clear primary agriculture cultivation
test_15391,partly_cloudy primary agriculture road
test_15392,cloudy
test_15393,partly_cloudy primary
test_15394,clear primary
test_15395,clear primary agriculture cultivation habitation
test_15396,clear primary water road selective_logging
test_15397,partly_cloudy primary agriculture habitation road
test_15398,clear primary
test_15399,clear primary
test_15400,clear primary agriculture road
test_15401,clear haze primary agriculture water
test_15402,clear primary water
test_15403,clear primary agriculture
test_15404,cloudy
test_15405,clear primary water
test_15406,clear primary agriculture road bare_ground
test_15407,clear primary agriculture cultivation
test_15408,clear primary
test_15409,clear primary
test_15410,clear primary water
test_15411,clear primary water road
test_15412,partly_cloudy primary
test_15413,clear primary
test_15414,haze cloudy primary
test_15415,clear primary
test_15416,haze primary
test_15417,partly_cloudy primary agriculture cultivation road
test_15418,clear primary agriculture cultivation road
test_15419,clear primary agriculture habitation road
test_15420,clear primary
test_15421,clear primary agriculture water cultivation
test_15422,clear primary agriculture cultivation habitation road
test_15423,partly_cloudy primary
test_15424,clear primary agriculture cultivation
test_15425,clear primary agriculture water cultivation
test_15426,partly_cloudy primary
test_15427,clear haze primary agriculture water road
test_15428,clear primary
test_15429,partly_cloudy cloudy primary
test_15430,clear primary agriculture cultivation
test_15431,clear primary
test_15432,clear primary agriculture cultivation
test_15433,partly_cloudy primary
test_15434,clear primary agriculture water cultivation habitation road
test_15435,clear haze primary
test_15436,clear primary
test_15437,clear primary agriculture cultivation road
test_15438,partly_cloudy primary agriculture cultivation
test_15439,cloudy
test_15440,clear primary agriculture habitation road bare_ground
test_15441,partly_cloudy primary agriculture water road
test_15442,clear primary
test_15443,partly_cloudy primary agriculture water road
test_15444,partly_cloudy primary agriculture water
test_15445,clear primary agriculture water road
test_15446,clear primary agriculture road
test_15447,clear primary water
test_15448,clear primary
test_15449,clear primary
test_15450,partly_cloudy primary
test_15451,partly_cloudy primary agriculture water road
test_15452,partly_cloudy primary water
test_15453,clear primary
test_15454,clear primary blooming
test_15455,partly_cloudy primary water
test_15456,clear haze primary agriculture water road
test_15457,clear primary agriculture
test_15458,clear haze primary agriculture cultivation
test_15459,clear primary
test_15460,clear primary
test_15461,clear primary
test_15462,clear primary
test_15463,partly_cloudy primary
test_15464,clear primary agriculture water habitation road
test_15465,clear primary
test_15466,clear primary blooming
test_15467,clear primary agriculture
test_15468,clear primary agriculture water road
test_15469,clear primary agriculture water
test_15470,clear primary agriculture bare_ground
test_15471,clear primary
test_15472,clear primary agriculture bare_ground
test_15473,clear partly_cloudy primary
test_15474,clear primary
test_15475,clear primary
test_15476,clear primary water
test_15477,haze partly_cloudy primary
test_15478,clear primary
test_15479,clear primary agriculture water road
test_15480,clear haze primary agriculture road
test_15481,clear primary agriculture cultivation road
test_15482,clear primary agriculture road
test_15483,partly_cloudy primary agriculture water cultivation
test_15484,clear primary
test_15485,clear primary agriculture habitation road
test_15486,clear primary water artisinal_mine
test_15487,clear primary agriculture cultivation habitation road
test_15488,clear primary
test_15489,clear primary agriculture habitation road bare_ground
test_15490,clear primary water
test_15491,partly_cloudy primary
test_15492,clear primary agriculture cultivation
test_15493,clear primary water road selective_logging
test_15494,clear primary
test_15495,clear primary
test_15496,clear primary
test_15497,clear primary
test_15498,partly_cloudy primary
test_15499,clear primary
test_15500,clear primary agriculture water habitation road
test_15501,clear primary water road
test_15502,clear primary
test_15503,partly_cloudy primary agriculture road
test_15504,clear primary agriculture water road
test_15505,clear partly_cloudy primary
test_15506,clear primary agriculture habitation road
test_15507,partly_cloudy primary
test_15508,clear primary agriculture cultivation road
test_15509,haze cloudy primary
test_15510,clear partly_cloudy primary water road
test_15511,clear primary
test_15512,clear primary
test_15513,clear primary
test_15514,clear primary agriculture cultivation
test_15515,cloudy
test_15516,clear primary agriculture water cultivation
test_15517,partly_cloudy primary agriculture cultivation
test_15518,clear primary
test_15519,clear primary water
test_15520,clear primary agriculture road
test_15521,clear primary
test_15522,partly_cloudy primary water
test_15523,clear primary water
test_15524,clear primary
test_15525,clear primary
test_15526,partly_cloudy primary
test_15527,clear primary agriculture water cultivation habitation road
test_15528,clear primary road selective_logging
test_15529,clear primary
test_15530,clear primary
test_15531,clear primary agriculture cultivation road
test_15532,clear primary
test_15533,clear primary agriculture cultivation
test_15534,partly_cloudy primary
test_15535,cloudy
test_15536,clear primary
test_15537,cloudy
test_15538,clear primary
test_15539,clear primary
test_15540,clear primary agriculture
test_15541,clear primary
test_15542,clear primary agriculture cultivation
test_15543,clear primary agriculture cultivation
test_15544,clear primary agriculture road
test_15545,clear primary water road selective_logging
test_15546,clear primary agriculture cultivation road
test_15547,clear primary
test_15548,clear primary
test_15549,clear primary
test_15550,clear primary agriculture habitation road
test_15551,clear primary agriculture road
test_15552,clear primary
test_15553,partly_cloudy primary
test_15554,clear primary agriculture cultivation
test_15555,clear primary water road selective_logging
test_15556,clear primary agriculture water
test_15557,clear primary water
test_15558,clear primary agriculture cultivation habitation
test_15559,clear primary habitation road
test_15560,clear primary
test_15561,clear primary agriculture road bare_ground
test_15562,cloudy
test_15563,clear haze primary agriculture cultivation
test_15564,cloudy
test_15565,cloudy
test_15566,partly_cloudy primary agriculture
test_15567,clear primary agriculture cultivation
test_15568,clear primary agriculture cultivation habitation road
test_15569,clear primary
test_15570,partly_cloudy primary agriculture road
test_15571,clear haze primary water
test_15572,partly_cloudy primary agriculture cultivation habitation road
test_15573,clear primary water
test_15574,clear primary agriculture water
test_15575,clear haze primary agriculture cultivation
test_15576,clear primary agriculture cultivation habitation road
test_15577,clear primary
test_15578,partly_cloudy primary agriculture water
test_15579,clear primary agriculture road
test_15580,clear primary
test_15581,partly_cloudy primary agriculture road
test_15582,clear primary agriculture road
test_15583,clear primary
test_15584,partly_cloudy primary
test_15585,clear primary water
test_15586,clear primary
test_15587,clear primary
test_15588,clear primary agriculture cultivation
test_15589,clear primary
test_15590,haze primary
test_15591,clear primary agriculture road
test_15592,haze primary agriculture water road
test_15593,clear primary
test_15594,clear primary blooming
test_15595,clear primary
test_15596,clear primary water
test_15597,clear primary
test_15598,clear primary agriculture water habitation road
test_15599,partly_cloudy primary
test_15600,clear partly_cloudy primary agriculture cultivation road
test_15601,partly_cloudy primary
test_15602,clear primary
test_15603,clear primary water
test_15604,clear primary water road
test_15605,partly_cloudy primary agriculture water road
test_15606,clear primary
test_15607,clear primary
test_15608,clear primary water road
test_15609,clear primary
test_15610,clear primary water road artisinal_mine selective_logging
test_15611,clear primary
test_15612,clear primary agriculture water cultivation
test_15613,partly_cloudy primary agriculture water
test_15614,clear primary
test_15615,clear primary agriculture habitation road
test_15616,clear primary agriculture water road
test_15617,clear primary
test_15618,clear primary
test_15619,partly_cloudy primary agriculture cultivation
test_15620,cloudy
test_15621,partly_cloudy primary
test_15622,clear haze primary agriculture road
test_15623,clear primary agriculture cultivation
test_15624,clear haze primary agriculture water
test_15625,clear primary cultivation
test_15626,clear primary
test_15627,cloudy
test_15628,clear primary
test_15629,clear primary
test_15630,clear primary
test_15631,clear primary
test_15632,clear primary
test_15633,clear primary
test_15634,clear primary
test_15635,clear primary agriculture cultivation
test_15636,clear primary
test_15637,clear primary
test_15638,haze primary
test_15639,clear primary agriculture cultivation
test_15640,haze primary agriculture
test_15641,clear primary agriculture water
test_15642,clear primary agriculture water cultivation habitation road
test_15643,clear primary
test_15644,clear partly_cloudy primary water artisinal_mine
test_15645,clear primary
test_15646,clear primary
test_15647,clear primary agriculture cultivation
test_15648,partly_cloudy primary agriculture
test_15649,clear primary water
test_15650,partly_cloudy primary
test_15651,clear primary
test_15652,partly_cloudy primary agriculture water cultivation road
test_15653,haze cloudy primary
test_15654,clear primary
test_15655,clear haze primary
test_15656,clear primary agriculture cultivation habitation road
test_15657,clear primary agriculture road
test_15658,clear primary
test_15659,clear primary
test_15660,haze primary
test_15661,clear primary water
test_15662,haze primary
test_15663,clear primary
test_15664,clear haze primary
test_15665,haze partly_cloudy primary agriculture road
test_15666,clear haze primary agriculture cultivation
test_15667,clear primary water
test_15668,clear primary agriculture road
test_15669,partly_cloudy primary
test_15670,clear primary
test_15671,cloudy
test_15672,partly_cloudy primary
test_15673,clear partly_cloudy primary agriculture cultivation habitation road
test_15674,clear primary
test_15675,clear primary agriculture water
test_15676,clear primary agriculture cultivation road
test_15677,partly_cloudy primary agriculture cultivation
test_15678,clear primary agriculture water habitation road
test_15679,clear primary water road
test_15680,clear primary
test_15681,clear primary agriculture cultivation road
test_15682,clear primary
test_15683,cloudy
test_15684,partly_cloudy primary
test_15685,partly_cloudy primary agriculture cultivation
test_15686,clear primary
test_15687,partly_cloudy primary water
test_15688,clear primary agriculture water cultivation
test_15689,cloudy
test_15690,clear primary
test_15691,clear haze primary agriculture cultivation
test_15692,clear primary water habitation
test_15693,cloudy
test_15694,clear primary
test_15695,clear primary
test_15696,haze cloudy primary
test_15697,partly_cloudy primary agriculture cultivation
test_15698,clear primary agriculture cultivation
test_15699,haze primary
test_15700,partly_cloudy primary
test_15701,clear primary
test_15702,clear primary agriculture cultivation
test_15703,clear primary water
test_15704,haze cloudy primary
test_15705,clear primary
test_15706,clear haze primary agriculture water road
test_15707,clear primary water
test_15708,cloudy
test_15709,partly_cloudy primary
test_15710,haze primary water
test_15711,clear primary
test_15712,clear haze primary
test_15713,clear primary
test_15714,clear primary
test_15715,partly_cloudy primary
test_15716,clear primary agriculture cultivation
test_15717,clear primary agriculture cultivation road
test_15718,clear primary agriculture habitation road
test_15719,partly_cloudy primary
test_15720,clear primary
test_15721,clear primary agriculture habitation road
test_15722,clear primary agriculture cultivation
test_15723,clear primary agriculture road
test_15724,clear primary water artisinal_mine
test_15725,clear primary
test_15726,cloudy
test_15727,haze partly_cloudy primary
test_15728,haze primary
test_15729,clear primary
test_15730,clear cloudy primary water
test_15731,clear primary agriculture water habitation road
test_15732,clear primary agriculture water cultivation habitation road
test_15733,clear primary agriculture water
test_15734,clear primary agriculture road
test_15735,clear primary
test_15736,clear primary
test_15737,clear primary agriculture water bare_ground
test_15738,clear primary agriculture water cultivation
test_15739,clear primary
test_15740,partly_cloudy primary agriculture cultivation road
test_15741,clear haze primary water
test_15742,clear primary agriculture habitation road
test_15743,clear primary
test_15744,haze primary
test_15745,clear haze primary water
test_15746,partly_cloudy primary agriculture water road
test_15747,partly_cloudy primary
test_15748,clear primary
test_15749,clear haze primary agriculture water
test_15750,partly_cloudy primary agriculture road
test_15751,clear primary
test_15752,partly_cloudy primary agriculture cultivation habitation
test_15753,clear primary
test_15754,clear primary
test_15755,clear partly_cloudy primary agriculture cultivation habitation road
test_15756,cloudy
test_15757,clear primary
test_15758,clear primary agriculture cultivation habitation road
test_15759,partly_cloudy primary
test_15760,clear primary agriculture road
test_15761,haze cloudy primary
test_15762,clear primary agriculture cultivation
test_15763,clear primary water road
test_15764,clear primary agriculture habitation road
test_15765,clear primary
test_15766,clear primary agriculture
test_15767,clear primary
test_15768,haze cloudy primary
test_15769,clear primary
test_15770,clear primary
test_15771,clear primary
test_15772,clear primary
test_15773,clear primary
test_15774,clear primary
test_15775,haze primary water
test_15776,clear primary
test_15777,clear primary
test_15778,clear haze primary agriculture road
test_15779,clear primary
test_15780,partly_cloudy primary agriculture habitation road
test_15781,haze primary
test_15782,clear primary
test_15783,clear primary blooming
test_15784,clear primary
test_15785,clear primary water habitation road
test_15786,clear primary
test_15787,clear primary water road
test_15788,clear primary water
test_15789,clear primary water
test_15790,clear primary water
test_15791,clear primary
test_15792,partly_cloudy primary agriculture water cultivation habitation
test_15793,partly_cloudy primary water
test_15794,clear primary
test_15795,clear haze primary agriculture cultivation
test_15796,clear primary
test_15797,clear primary water
test_15798,clear primary
test_15799,clear primary agriculture cultivation
test_15800,clear primary
test_15801,clear primary
test_15802,partly_cloudy primary
test_15803,clear partly_cloudy primary agriculture cultivation
test_15804,clear primary
test_15805,haze primary agriculture water
test_15806,clear partly_cloudy primary
test_15807,clear primary water road
test_15808,clear partly_cloudy primary
test_15809,clear primary agriculture cultivation road
test_15810,clear primary
test_15811,clear primary
test_15812,clear primary agriculture cultivation habitation
test_15813,clear primary blooming
test_15814,clear primary
test_15815,partly_cloudy primary agriculture water cultivation road
test_15816,haze primary water
test_15817,clear partly_cloudy primary agriculture road
test_15818,clear primary
test_15819,clear primary agriculture cultivation
test_15820,clear primary water
test_15821,partly_cloudy primary agriculture road
test_15822,clear primary agriculture habitation road
test_15823,clear primary
test_15824,clear primary
test_15825,clear primary agriculture cultivation
test_15826,clear primary agriculture
test_15827,clear primary agriculture cultivation
test_15828,partly_cloudy primary water
test_15829,clear primary
test_15830,clear primary agriculture bare_ground
test_15831,clear primary
test_15832,clear primary agriculture cultivation road
test_15833,partly_cloudy primary agriculture cultivation
test_15834,clear haze primary
test_15835,clear partly_cloudy primary agriculture road
test_15836,partly_cloudy primary
test_15837,clear primary
test_15838,clear primary
test_15839,haze primary
test_15840,haze primary
test_15841,clear primary
test_15842,haze cloudy primary
test_15843,clear primary agriculture cultivation
test_15844,clear partly_cloudy primary agriculture cultivation
test_15845,clear primary water road
test_15846,clear primary agriculture road
test_15847,clear primary
test_15848,clear primary agriculture road
test_15849,haze cloudy primary
test_15850,haze cloudy primary
test_15851,clear primary
test_15852,haze partly_cloudy primary
test_15853,clear primary agriculture road
test_15854,cloudy
test_15855,clear primary agriculture cultivation
test_15856,clear primary
test_15857,clear primary
test_15858,clear primary agriculture water cultivation habitation road
test_15859,partly_cloudy primary agriculture
test_15860,cloudy
test_15861,clear primary water
test_15862,clear primary agriculture water cultivation
test_15863,clear primary
test_15864,clear primary agriculture cultivation habitation road
test_15865,clear primary agriculture bare_ground
test_15866,clear haze primary
test_15867,partly_cloudy primary agriculture road
test_15868,clear primary agriculture cultivation
test_15869,clear primary water
test_15870,haze primary
test_15871,clear primary
test_15872,clear primary
test_15873,haze primary agriculture cultivation road
test_15874,partly_cloudy primary
test_15875,clear primary
test_15876,partly_cloudy primary agriculture water
test_15877,clear primary water
test_15878,partly_cloudy primary agriculture water road
test_15879,partly_cloudy cloudy primary water
test_15880,clear primary
test_15881,partly_cloudy cloudy primary agriculture
test_15882,clear primary
test_15883,clear primary agriculture cultivation
test_15884,clear primary agriculture road bare_ground
test_15885,clear primary
test_15886,clear primary
test_15887,clear primary
test_15888,clear primary agriculture cultivation habitation road
test_15889,clear haze primary agriculture cultivation
test_15890,clear primary
test_15891,clear primary agriculture cultivation
test_15892,clear primary
test_15893,clear primary agriculture road
test_15894,clear primary agriculture water
test_15895,clear primary agriculture habitation road
test_15896,clear primary
test_15897,clear primary agriculture water cultivation
test_15898,clear primary
test_15899,clear primary
test_15900,haze primary
test_15901,clear primary agriculture habitation road bare_ground
test_15902,haze primary
test_15903,haze primary
test_15904,partly_cloudy primary agriculture water
test_15905,partly_cloudy primary agriculture water cultivation
test_15906,clear primary
test_15907,partly_cloudy primary
test_15908,clear primary
test_15909,clear primary agriculture
test_15910,clear primary
test_15911,clear primary agriculture cultivation habitation road
test_15912,clear primary agriculture cultivation
test_15913,clear primary
test_15914,clear primary agriculture water
test_15915,clear haze primary
test_15916,clear primary agriculture water habitation road
test_15917,clear primary water road
test_15918,cloudy
test_15919,partly_cloudy primary
test_15920,clear primary water
test_15921,clear primary
test_15922,clear primary agriculture habitation road
test_15923,haze cloudy primary
test_15924,clear primary agriculture water habitation road
test_15925,clear primary
test_15926,clear primary water bare_ground artisinal_mine
test_15927,cloudy
test_15928,partly_cloudy primary
test_15929,clear primary
test_15930,partly_cloudy primary
test_15931,clear primary
test_15932,clear primary
test_15933,clear primary
test_15934,clear primary agriculture water habitation road
test_15935,clear primary
test_15936,clear primary
test_15937,clear primary
test_15938,clear primary
test_15939,clear primary agriculture road
test_15940,clear haze primary agriculture cultivation
test_15941,clear primary
test_15942,clear primary
test_15943,cloudy
test_15944,clear primary agriculture water road
test_15945,clear primary
test_15946,clear primary
test_15947,partly_cloudy primary
test_15948,clear primary
test_15949,clear partly_cloudy primary agriculture cultivation
test_15950,partly_cloudy cloudy primary
test_15951,clear primary
test_15952,clear primary
test_15953,partly_cloudy primary
test_15954,clear primary water
test_15955,clear primary water road
test_15956,clear primary
test_15957,clear primary
test_15958,haze primary
test_15959,clear primary blooming
test_15960,clear primary agriculture water road
test_15961,clear primary water
test_15962,clear primary habitation road
test_15963,partly_cloudy primary agriculture road
test_15964,clear primary
test_15965,partly_cloudy primary
test_15966,clear primary agriculture habitation road
test_15967,clear primary water
test_15968,cloudy
test_15969,clear primary
test_15970,clear primary blooming
test_15971,clear primary water road
test_15972,clear primary agriculture
test_15973,partly_cloudy primary
test_15974,clear primary
test_15975,clear cloudy primary water
test_15976,partly_cloudy primary
test_15977,haze cloudy
test_15978,partly_cloudy primary agriculture
test_15979,clear primary
test_15980,clear primary agriculture road
test_15981,clear primary agriculture cultivation
test_15982,clear primary blooming
test_15983,clear primary water
test_15984,clear primary agriculture cultivation
test_15985,partly_cloudy primary
test_15986,partly_cloudy primary
test_15987,clear primary water road
test_15988,partly_cloudy primary
test_15989,clear primary
test_15990,clear haze primary agriculture habitation road
test_15991,clear primary
test_15992,partly_cloudy primary agriculture cultivation habitation
test_15993,clear primary
test_15994,haze primary
test_15995,clear primary
test_15996,clear primary agriculture road
test_15997,clear primary
test_15998,clear primary agriculture cultivation
test_15999,clear primary
test_16000,partly_cloudy primary
test_16001,haze primary
test_16002,clear primary
test_16003,haze cloudy primary
test_16004,clear primary water bare_ground artisinal_mine
test_16005,clear primary agriculture cultivation
test_16006,clear partly_cloudy primary
test_16007,clear primary
test_16008,clear primary agriculture
test_16009,clear primary agriculture cultivation road
test_16010,clear primary water artisinal_mine
test_16011,clear primary
test_16012,partly_cloudy primary
test_16013,clear partly_cloudy primary agriculture habitation road
test_16014,clear primary agriculture cultivation habitation road
test_16015,clear primary cultivation
test_16016,clear primary
test_16017,haze cloudy
test_16018,haze partly_cloudy primary
test_16019,clear primary agriculture cultivation
test_16020,clear primary agriculture habitation road
test_16021,clear primary
test_16022,cloudy
test_16023,clear primary agriculture cultivation road
test_16024,clear primary
test_16025,clear primary agriculture habitation road
test_16026,partly_cloudy primary agriculture cultivation habitation road
test_16027,clear primary
test_16028,clear primary agriculture cultivation road
test_16029,clear primary water
test_16030,clear primary agriculture cultivation
test_16031,clear primary agriculture water cultivation habitation
test_16032,clear primary agriculture habitation road
test_16033,clear primary water
test_16034,clear primary agriculture water cultivation habitation road
test_16035,clear primary agriculture water road
test_16036,partly_cloudy primary
test_16037,clear primary
test_16038,clear primary water
test_16039,clear primary
test_16040,clear primary agriculture road
test_16041,partly_cloudy primary agriculture cultivation road
test_16042,clear primary water road
test_16043,clear primary water road
test_16044,clear primary
test_16045,clear primary
test_16046,clear primary
test_16047,clear primary agriculture cultivation
test_16048,clear primary
test_16049,clear primary agriculture habitation road
test_16050,partly_cloudy primary
test_16051,clear primary
test_16052,partly_cloudy primary
test_16053,clear primary
test_16054,clear primary
test_16055,clear primary agriculture cultivation
test_16056,clear primary agriculture road
test_16057,clear primary water
test_16058,clear primary
test_16059,clear primary agriculture water
test_16060,clear primary agriculture
test_16061,clear primary agriculture cultivation
test_16062,clear primary agriculture cultivation habitation
test_16063,clear primary
test_16064,clear primary
test_16065,clear primary agriculture conventional_mine bare_ground
test_16066,clear primary
test_16067,clear primary agriculture water bare_ground
test_16068,clear primary
test_16069,clear partly_cloudy primary
test_16070,clear primary agriculture cultivation
test_16071,clear primary agriculture habitation road
test_16072,clear primary
test_16073,clear haze primary
test_16074,clear primary
test_16075,clear primary agriculture cultivation road
test_16076,partly_cloudy primary agriculture water road
test_16077,clear primary
test_16078,clear primary
test_16079,partly_cloudy primary agriculture water
test_16080,clear primary blooming
test_16081,partly_cloudy primary
test_16082,clear haze primary agriculture cultivation
test_16083,clear haze primary agriculture
test_16084,clear primary agriculture water bare_ground
test_16085,clear primary
test_16086,clear primary
test_16087,clear primary agriculture habitation road bare_ground
test_16088,clear primary agriculture cultivation
test_16089,clear primary agriculture habitation road
test_16090,partly_cloudy primary
test_16091,clear primary agriculture cultivation road
test_16092,clear partly_cloudy primary cultivation
test_16093,clear primary
test_16094,clear primary water
test_16095,clear primary agriculture
test_16096,clear primary agriculture
test_16097,clear primary agriculture cultivation
test_16098,clear primary agriculture cultivation road
test_16099,clear primary agriculture cultivation habitation road
test_16100,clear haze primary agriculture water road
test_16101,clear primary
test_16102,clear primary
test_16103,partly_cloudy primary
test_16104,clear primary agriculture cultivation habitation road
test_16105,clear primary agriculture road
test_16106,clear primary
test_16107,clear primary
test_16108,clear primary
test_16109,partly_cloudy primary
test_16110,clear primary water road
test_16111,clear primary blooming
test_16112,clear primary agriculture cultivation road
test_16113,clear primary agriculture habitation road
test_16114,partly_cloudy primary
test_16115,clear primary
test_16116,clear primary agriculture water road
test_16117,clear primary
test_16118,partly_cloudy primary agriculture
test_16119,clear primary agriculture cultivation
test_16120,clear primary agriculture water road
test_16121,clear primary
test_16122,clear haze primary water
test_16123,cloudy
test_16124,clear haze primary water
test_16125,clear primary agriculture water
test_16126,clear primary agriculture cultivation
test_16127,clear primary water road
test_16128,clear primary agriculture cultivation
test_16129,clear primary
test_16130,partly_cloudy primary
test_16131,cloudy
test_16132,clear partly_cloudy primary agriculture water cultivation habitation
test_16133,clear primary water road
test_16134,clear primary
test_16135,clear partly_cloudy primary
test_16136,clear primary
test_16137,clear cloudy water
test_16138,clear primary agriculture water road
test_16139,clear primary
test_16140,partly_cloudy primary agriculture water road
test_16141,clear primary
test_16142,clear primary
test_16143,partly_cloudy primary agriculture water
test_16144,clear primary agriculture cultivation road
test_16145,clear primary water
test_16146,clear primary
test_16147,clear primary agriculture habitation road
test_16148,clear primary
test_16149,clear primary
test_16150,clear primary water road
test_16151,clear primary agriculture water cultivation habitation road
test_16152,partly_cloudy primary agriculture
test_16153,partly_cloudy primary
test_16154,haze primary
test_16155,clear primary
test_16156,clear primary agriculture water
test_16157,partly_cloudy primary agriculture habitation road
test_16158,clear primary
test_16159,clear primary
test_16160,clear primary
test_16161,clear primary
test_16162,partly_cloudy cloudy primary
test_16163,partly_cloudy primary
test_16164,clear primary agriculture water
test_16165,clear primary
test_16166,clear haze primary agriculture road
test_16167,partly_cloudy primary water road
test_16168,clear partly_cloudy primary agriculture cultivation habitation road
test_16169,clear primary agriculture road
test_16170,clear primary water road bare_ground artisinal_mine selective_logging
test_16171,clear primary
test_16172,clear primary agriculture cultivation habitation road
test_16173,clear primary water road bare_ground artisinal_mine
test_16174,clear primary agriculture cultivation
test_16175,clear primary agriculture cultivation
test_16176,cloudy
test_16177,clear primary
test_16178,clear haze primary
test_16179,partly_cloudy primary agriculture cultivation
test_16180,clear primary agriculture cultivation
test_16181,clear primary agriculture water habitation road bare_ground
test_16182,clear primary
test_16183,cloudy
test_16184,clear primary agriculture road
test_16185,clear haze primary
test_16186,clear primary agriculture road
test_16187,clear primary agriculture road
test_16188,clear primary agriculture cultivation
test_16189,clear primary agriculture habitation road
test_16190,clear primary
test_16191,clear primary agriculture cultivation habitation road
test_16192,clear primary blooming selective_logging
test_16193,clear primary
test_16194,clear primary water
test_16195,clear primary
test_16196,clear primary agriculture road
test_16197,clear primary
test_16198,clear primary agriculture cultivation habitation road
test_16199,clear primary agriculture cultivation habitation
test_16200,clear primary agriculture cultivation
test_16201,clear primary
test_16202,clear primary
test_16203,clear primary
test_16204,clear primary
test_16205,clear primary
test_16206,clear primary agriculture water habitation road artisinal_mine
test_16207,clear primary
test_16208,clear haze primary agriculture habitation road
test_16209,clear primary agriculture cultivation
test_16210,clear primary agriculture road
test_16211,clear partly_cloudy primary
test_16212,clear primary
test_16213,clear primary
test_16214,haze partly_cloudy primary agriculture
test_16215,clear primary water road
test_16216,clear partly_cloudy primary agriculture habitation road
test_16217,clear primary
test_16218,clear primary
test_16219,partly_cloudy cloudy
test_16220,clear primary
test_16221,clear primary agriculture cultivation habitation road
test_16222,clear primary
test_16223,partly_cloudy primary agriculture road
test_16224,clear primary agriculture cultivation habitation road
test_16225,clear partly_cloudy primary
test_16226,clear primary agriculture cultivation
test_16227,clear partly_cloudy primary agriculture cultivation
test_16228,clear primary
test_16229,clear primary
test_16230,partly_cloudy primary
test_16231,clear haze primary agriculture cultivation
test_16232,clear partly_cloudy primary
test_16233,clear primary
test_16234,clear primary water road
test_16235,haze cloudy primary
test_16236,partly_cloudy primary water
test_16237,haze primary
test_16238,clear partly_cloudy primary agriculture road
test_16239,partly_cloudy primary
test_16240,haze cloudy primary water
test_16241,cloudy
test_16242,clear primary agriculture water cultivation
test_16243,clear primary agriculture cultivation
test_16244,clear primary agriculture water cultivation habitation road
test_16245,clear primary water
test_16246,clear primary
test_16247,partly_cloudy cloudy
test_16248,partly_cloudy primary
test_16249,clear partly_cloudy primary
test_16250,clear haze primary agriculture road
test_16251,clear primary
test_16252,partly_cloudy cloudy primary
test_16253,clear primary agriculture water cultivation habitation
test_16254,partly_cloudy primary
test_16255,clear cloudy water
test_16256,cloudy
test_16257,clear primary
test_16258,clear primary
test_16259,clear primary water bare_ground artisinal_mine
test_16260,clear primary agriculture road
test_16261,clear partly_cloudy primary
test_16262,clear primary
test_16263,clear primary
test_16264,clear primary
test_16265,clear primary water
test_16266,partly_cloudy primary
test_16267,clear primary agriculture cultivation
test_16268,clear primary
test_16269,partly_cloudy primary
test_16270,clear primary agriculture
test_16271,clear primary agriculture road
test_16272,partly_cloudy primary agriculture water cultivation
test_16273,cloudy
test_16274,clear primary agriculture cultivation
test_16275,clear primary
test_16276,clear primary blooming
test_16277,clear haze primary
test_16278,partly_cloudy primary
test_16279,clear cloudy primary water
test_16280,clear primary agriculture road
test_16281,partly_cloudy primary agriculture
test_16282,clear primary
test_16283,partly_cloudy primary agriculture
test_16284,clear cloudy water
test_16285,clear primary agriculture cultivation habitation road
test_16286,clear primary agriculture habitation road
test_16287,clear primary agriculture habitation road
test_16288,clear primary agriculture habitation road
test_16289,haze primary
test_16290,clear primary water road
test_16291,clear primary
test_16292,clear primary agriculture habitation road
test_16293,partly_cloudy primary
test_16294,clear primary agriculture cultivation
test_16295,clear primary
test_16296,clear primary
test_16297,clear primary agriculture cultivation road
test_16298,partly_cloudy primary
test_16299,clear primary agriculture cultivation road
test_16300,haze primary
test_16301,clear primary
test_16302,clear primary water
test_16303,clear primary water road
test_16304,clear primary agriculture road
test_16305,clear primary agriculture
test_16306,partly_cloudy primary
test_16307,clear primary
test_16308,clear primary agriculture cultivation habitation road
test_16309,haze cloudy primary
test_16310,partly_cloudy primary
test_16311,clear primary
test_16312,clear primary agriculture
test_16313,haze cloudy primary
test_16314,clear primary agriculture cultivation
test_16315,partly_cloudy primary
test_16316,clear primary agriculture water habitation road
test_16317,clear primary
test_16318,clear partly_cloudy primary agriculture cultivation
test_16319,clear primary agriculture water road
test_16320,clear primary
test_16321,partly_cloudy primary water
test_16322,cloudy
test_16323,clear primary
test_16324,clear primary agriculture road
test_16325,clear primary
test_16326,clear primary
test_16327,clear primary habitation road
test_16328,clear primary
test_16329,clear primary
test_16330,clear haze primary
test_16331,cloudy
test_16332,clear primary water
test_16333,clear primary
test_16334,clear partly_cloudy primary agriculture water cultivation
test_16335,clear haze primary agriculture
test_16336,cloudy
test_16337,clear primary
test_16338,clear primary agriculture water cultivation road
test_16339,clear primary agriculture cultivation habitation
test_16340,clear primary agriculture cultivation
test_16341,clear primary agriculture water cultivation
test_16342,partly_cloudy primary
test_16343,clear partly_cloudy primary agriculture cultivation
test_16344,clear primary
test_16345,clear primary agriculture cultivation road
test_16346,clear primary agriculture cultivation
test_16347,partly_cloudy primary
test_16348,partly_cloudy cloudy primary
test_16349,clear primary
test_16350,clear primary
test_16351,clear primary agriculture bare_ground
test_16352,clear primary
test_16353,haze cloudy primary
test_16354,clear primary agriculture bare_ground
test_16355,clear primary
test_16356,clear primary
test_16357,clear primary
test_16358,cloudy
test_16359,clear primary
test_16360,partly_cloudy primary agriculture water
test_16361,clear primary agriculture habitation road
test_16362,clear primary
test_16363,clear primary
test_16364,clear primary agriculture water habitation
test_16365,partly_cloudy primary agriculture water road
test_16366,clear primary agriculture cultivation
test_16367,partly_cloudy primary agriculture water cultivation
test_16368,clear primary agriculture cultivation
test_16369,partly_cloudy primary agriculture
test_16370,clear primary
test_16371,clear primary
test_16372,cloudy
test_16373,clear cloudy water
test_16374,clear primary agriculture water habitation road
test_16375,clear primary
test_16376,clear primary
test_16377,clear primary agriculture water
test_16378,clear partly_cloudy primary water road
test_16379,clear primary
test_16380,clear primary
test_16381,haze cloudy primary water
test_16382,partly_cloudy primary
test_16383,clear primary
test_16384,clear haze primary
test_16385,clear primary
test_16386,clear primary agriculture cultivation habitation road
test_16387,clear primary agriculture water
test_16388,clear primary
test_16389,clear primary blooming
test_16390,clear primary
test_16391,clear primary
test_16392,partly_cloudy primary agriculture habitation road
test_16393,clear primary agriculture water cultivation habitation road
test_16394,partly_cloudy primary agriculture road
test_16395,partly_cloudy primary agriculture habitation road
test_16396,clear primary
test_16397,clear primary
test_16398,clear primary
test_16399,clear primary cultivation
test_16400,partly_cloudy primary
test_16401,clear primary
test_16402,clear primary agriculture cultivation
test_16403,clear primary agriculture cultivation
test_16404,clear primary
test_16405,clear primary agriculture road bare_ground
test_16406,haze primary agriculture water road
test_16407,partly_cloudy primary agriculture cultivation
test_16408,partly_cloudy primary
test_16409,clear haze primary water
test_16410,cloudy
test_16411,partly_cloudy primary
test_16412,clear primary
test_16413,partly_cloudy primary
test_16414,clear primary
test_16415,clear primary agriculture road
test_16416,clear partly_cloudy primary agriculture cultivation habitation road
test_16417,clear primary
test_16418,clear primary
test_16419,clear primary water road
test_16420,clear primary agriculture water road
test_16421,clear primary agriculture water cultivation
test_16422,clear primary agriculture water cultivation road
test_16423,partly_cloudy primary agriculture cultivation
test_16424,clear primary agriculture cultivation
test_16425,partly_cloudy primary
test_16426,clear primary
test_16427,clear primary
test_16428,clear primary agriculture cultivation road
test_16429,clear primary agriculture water bare_ground
test_16430,clear primary
test_16431,partly_cloudy primary
test_16432,clear primary
test_16433,clear partly_cloudy primary
test_16434,clear primary agriculture cultivation habitation road
test_16435,clear primary
test_16436,clear primary
test_16437,clear primary
test_16438,clear primary agriculture habitation road
test_16439,clear primary
test_16440,clear primary
test_16441,clear primary
test_16442,clear primary agriculture water cultivation habitation
test_16443,clear partly_cloudy primary
test_16444,clear cloudy water
test_16445,clear primary
test_16446,clear primary
test_16447,clear primary agriculture habitation road
test_16448,clear primary agriculture water habitation road
test_16449,clear primary agriculture water cultivation road
test_16450,clear partly_cloudy primary agriculture cultivation habitation road
test_16451,partly_cloudy primary agriculture cultivation
test_16452,clear primary agriculture road
test_16453,clear primary road selective_logging
test_16454,partly_cloudy primary
test_16455,clear primary water road selective_logging
test_16456,clear primary
test_16457,clear haze primary agriculture
test_16458,clear primary agriculture road
test_16459,clear primary agriculture cultivation
test_16460,cloudy
test_16461,clear primary
test_16462,clear primary agriculture water cultivation
test_16463,cloudy
test_16464,clear cloudy primary water
test_16465,clear primary agriculture habitation road
test_16466,clear primary
test_16467,clear primary agriculture cultivation
test_16468,clear primary
test_16469,partly_cloudy primary water road
test_16470,partly_cloudy primary agriculture cultivation road
test_16471,clear primary agriculture cultivation
test_16472,clear primary agriculture cultivation road
test_16473,clear primary water road
test_16474,clear primary
test_16475,clear primary agriculture cultivation
test_16476,clear primary agriculture cultivation
test_16477,partly_cloudy primary agriculture water road
test_16478,partly_cloudy primary agriculture cultivation
test_16479,clear primary
test_16480,clear primary
test_16481,clear primary agriculture water bare_ground
test_16482,clear primary water
test_16483,clear cloudy primary water
test_16484,clear primary
test_16485,partly_cloudy primary
test_16486,clear primary
test_16487,partly_cloudy primary agriculture cultivation
test_16488,clear primary
test_16489,clear primary
test_16490,cloudy
test_16491,partly_cloudy primary agriculture cultivation road
test_16492,cloudy
test_16493,clear primary agriculture habitation road
test_16494,clear haze primary agriculture cultivation
test_16495,partly_cloudy primary
test_16496,clear primary agriculture water cultivation
test_16497,clear primary agriculture water habitation road
test_16498,clear primary agriculture cultivation
test_16499,clear primary water road
test_16500,clear primary agriculture habitation road
test_16501,partly_cloudy primary
test_16502,cloudy
test_16503,partly_cloudy primary agriculture water
test_16504,clear haze primary
test_16505,partly_cloudy primary
test_16506,clear primary agriculture habitation road
test_16507,cloudy
test_16508,clear primary
test_16509,partly_cloudy primary agriculture water cultivation habitation
test_16510,partly_cloudy primary
test_16511,partly_cloudy primary agriculture habitation road
test_16512,partly_cloudy primary
test_16513,clear primary
test_16514,clear primary agriculture road
test_16515,clear primary agriculture cultivation
test_16516,clear primary
test_16517,clear primary agriculture cultivation
test_16518,partly_cloudy primary
test_16519,clear primary
test_16520,clear primary agriculture habitation road
test_16521,partly_cloudy primary agriculture water habitation road
test_16522,clear primary agriculture water cultivation
test_16523,clear primary
test_16524,partly_cloudy cloudy primary water
test_16525,clear primary
test_16526,partly_cloudy primary agriculture
test_16527,clear primary agriculture cultivation
test_16528,clear primary agriculture water cultivation habitation road
test_16529,partly_cloudy primary
test_16530,clear primary
test_16531,clear primary
test_16532,clear primary
test_16533,clear primary
test_16534,haze cloudy primary water
test_16535,clear primary
test_16536,haze partly_cloudy primary
test_16537,clear primary water road selective_logging
test_16538,clear primary
test_16539,clear primary
test_16540,haze primary
test_16541,clear primary agriculture road bare_ground
test_16542,clear primary
test_16543,partly_cloudy primary
test_16544,clear primary
test_16545,partly_cloudy primary
test_16546,clear primary
test_16547,clear primary
test_16548,partly_cloudy primary agriculture water cultivation
test_16549,clear primary
test_16550,partly_cloudy primary
test_16551,clear primary
test_16552,cloudy
test_16553,clear primary
test_16554,clear primary agriculture cultivation
test_16555,clear primary agriculture cultivation
test_16556,clear primary agriculture road
test_16557,clear primary agriculture water habitation road
test_16558,clear primary agriculture habitation road
test_16559,haze primary
test_16560,clear primary agriculture cultivation habitation road
test_16561,clear primary water
test_16562,clear primary agriculture
test_16563,clear primary
test_16564,cloudy
test_16565,clear primary
test_16566,clear primary agriculture water cultivation habitation road
test_16567,clear primary
test_16568,clear primary agriculture habitation road
test_16569,clear primary
test_16570,clear primary
test_16571,clear primary agriculture road
test_16572,clear primary
test_16573,clear primary agriculture road
test_16574,clear primary
test_16575,clear primary
test_16576,clear primary water
test_16577,clear primary agriculture water
test_16578,clear primary
test_16579,clear primary
test_16580,clear primary
test_16581,haze primary
test_16582,clear primary
test_16583,clear primary
test_16584,clear primary
test_16585,partly_cloudy primary water road
test_16586,clear cloudy water
test_16587,clear primary agriculture cultivation
test_16588,clear primary
test_16589,haze cloudy primary
test_16590,clear primary agriculture road
test_16591,clear primary
test_16592,clear primary agriculture habitation road
test_16593,clear primary
test_16594,clear primary water
test_16595,clear primary
test_16596,clear primary
test_16597,clear primary agriculture cultivation
test_16598,clear primary water
test_16599,clear primary
test_16600,clear primary
test_16601,clear primary
test_16602,clear primary water
test_16603,clear partly_cloudy primary water
test_16604,partly_cloudy primary
test_16605,clear primary agriculture cultivation
test_16606,clear primary agriculture road
test_16607,clear primary
test_16608,partly_cloudy primary agriculture road
test_16609,clear partly_cloudy primary
test_16610,clear primary agriculture cultivation
test_16611,clear primary
test_16612,clear primary
test_16613,clear primary agriculture water habitation road
test_16614,clear primary agriculture cultivation habitation road
test_16615,clear primary
test_16616,clear primary water
test_16617,clear primary agriculture cultivation habitation road
test_16618,partly_cloudy cloudy water
test_16619,clear primary
test_16620,cloudy
test_16621,clear primary
test_16622,clear primary
test_16623,haze primary
test_16624,clear primary
test_16625,clear primary
test_16626,clear primary agriculture cultivation habitation road
test_16627,clear primary agriculture cultivation road
test_16628,clear primary habitation road
test_16629,clear primary
test_16630,clear primary water
test_16631,partly_cloudy primary agriculture water
test_16632,clear primary water
test_16633,clear primary agriculture cultivation habitation road
test_16634,clear primary agriculture bare_ground
test_16635,partly_cloudy cloudy primary agriculture
test_16636,clear primary water artisinal_mine
test_16637,clear primary
test_16638,clear primary
test_16639,cloudy
test_16640,clear primary
test_16641,clear primary
test_16642,clear primary agriculture cultivation
test_16643,clear primary
test_16644,haze primary
test_16645,clear primary agriculture cultivation habitation
test_16646,partly_cloudy primary
test_16647,clear primary
test_16648,clear primary
test_16649,clear primary water
test_16650,clear primary
test_16651,cloudy
test_16652,clear primary
test_16653,partly_cloudy primary agriculture cultivation
test_16654,cloudy
test_16655,clear primary
test_16656,clear primary agriculture cultivation
test_16657,clear primary agriculture water cultivation habitation road
test_16658,clear primary
test_16659,clear primary
test_16660,clear primary
test_16661,partly_cloudy primary water road
test_16662,clear primary agriculture road
test_16663,clear haze primary agriculture water road
test_16664,clear primary
test_16665,haze primary agriculture water road
test_16666,clear primary agriculture cultivation habitation
test_16667,clear primary agriculture water road
test_16668,clear primary agriculture water
test_16669,partly_cloudy primary
test_16670,clear primary agriculture road
test_16671,clear haze primary agriculture water
test_16672,haze primary agriculture road
test_16673,clear primary agriculture
test_16674,cloudy
test_16675,clear primary agriculture habitation road
test_16676,clear primary agriculture water
test_16677,partly_cloudy primary agriculture cultivation road
test_16678,cloudy
test_16679,partly_cloudy primary agriculture water road
test_16680,haze primary
test_16681,clear primary
test_16682,clear primary
test_16683,clear primary
test_16684,cloudy
test_16685,partly_cloudy primary
test_16686,clear primary
test_16687,clear primary agriculture road
test_16688,partly_cloudy primary
test_16689,partly_cloudy primary agriculture water
test_16690,clear primary
test_16691,clear primary
test_16692,cloudy
test_16693,clear primary
test_16694,partly_cloudy primary
test_16695,clear primary agriculture bare_ground
test_16696,cloudy
test_16697,partly_cloudy primary agriculture cultivation
test_16698,clear primary
test_16699,clear primary
test_16700,clear haze cloudy primary water
test_16701,clear primary
test_16702,partly_cloudy primary agriculture road
test_16703,partly_cloudy primary
test_16704,partly_cloudy cloudy primary
test_16705,clear primary agriculture habitation road
test_16706,clear primary agriculture cultivation road
test_16707,clear primary agriculture water cultivation
test_16708,clear primary
test_16709,clear primary
test_16710,partly_cloudy primary agriculture road
test_16711,partly_cloudy primary
test_16712,clear primary
test_16713,partly_cloudy primary agriculture habitation road
test_16714,clear primary
test_16715,clear primary water
test_16716,clear primary agriculture cultivation
test_16717,clear primary
test_16718,partly_cloudy primary agriculture cultivation
test_16719,clear primary agriculture water
test_16720,clear primary
test_16721,clear primary
test_16722,clear haze primary agriculture road
test_16723,partly_cloudy cloudy primary
test_16724,partly_cloudy primary
test_16725,clear primary
test_16726,clear primary agriculture cultivation habitation road
test_16727,partly_cloudy primary agriculture cultivation road
test_16728,clear primary water
test_16729,clear primary water
test_16730,clear primary
test_16731,clear primary water
test_16732,clear primary
test_16733,clear cloudy primary water
test_16734,clear cloudy water
test_16735,clear primary
test_16736,haze primary
test_16737,clear haze primary agriculture road
test_16738,clear cloudy primary water
test_16739,haze partly_cloudy primary
test_16740,clear primary
test_16741,clear primary water
test_16742,clear primary
test_16743,partly_cloudy primary agriculture cultivation
test_16744,clear primary
test_16745,clear primary agriculture water road
test_16746,clear primary
test_16747,clear primary agriculture cultivation
test_16748,clear primary agriculture water road
test_16749,partly_cloudy primary
test_16750,clear primary agriculture water bare_ground
test_16751,clear primary
test_16752,clear primary
test_16753,partly_cloudy primary agriculture habitation road
test_16754,clear primary
test_16755,partly_cloudy primary
test_16756,partly_cloudy primary
test_16757,clear primary
test_16758,partly_cloudy primary agriculture water habitation road
test_16759,clear partly_cloudy primary
test_16760,haze cloudy primary
test_16761,clear primary agriculture cultivation habitation road
test_16762,clear primary water road
test_16763,clear primary agriculture cultivation
test_16764,clear primary
test_16765,cloudy
test_16766,partly_cloudy primary agriculture cultivation
test_16767,clear primary agriculture water cultivation habitation road
test_16768,clear primary
test_16769,clear primary
test_16770,clear primary
test_16771,partly_cloudy primary
test_16772,clear primary agriculture cultivation habitation road
test_16773,clear primary water habitation road
test_16774,clear primary agriculture road
test_16775,clear primary
test_16776,clear primary
test_16777,partly_cloudy primary agriculture water road
test_16778,clear primary agriculture road
test_16779,partly_cloudy primary agriculture habitation road
test_16780,clear cloudy primary water
test_16781,haze primary water
test_16782,clear primary agriculture cultivation habitation road
test_16783,clear primary agriculture water cultivation habitation
test_16784,clear primary
test_16785,clear partly_cloudy primary
test_16786,clear primary water
test_16787,clear primary agriculture
test_16788,partly_cloudy primary agriculture water
test_16789,clear primary
test_16790,clear haze primary agriculture cultivation
test_16791,clear primary water road
test_16792,clear primary
test_16793,partly_cloudy primary agriculture road
test_16794,clear cloudy water
test_16795,haze cloudy primary
test_16796,clear primary water
test_16797,clear primary water
test_16798,clear primary
test_16799,clear primary
test_16800,clear primary agriculture cultivation
test_16801,clear primary water artisinal_mine
test_16802,partly_cloudy primary agriculture cultivation
test_16803,clear primary agriculture cultivation habitation road
test_16804,clear primary agriculture cultivation
test_16805,clear primary
test_16806,clear primary
test_16807,clear haze primary
test_16808,clear primary agriculture water cultivation habitation
test_16809,clear primary
test_16810,partly_cloudy primary agriculture cultivation
test_16811,clear primary agriculture cultivation
test_16812,partly_cloudy primary water road
test_16813,clear primary agriculture cultivation habitation road
test_16814,clear primary
test_16815,clear primary water road
test_16816,clear primary
test_16817,cloudy
test_16818,clear primary
test_16819,clear primary
test_16820,clear primary agriculture cultivation
test_16821,partly_cloudy primary
test_16822,partly_cloudy cloudy
test_16823,clear primary
test_16824,clear primary
test_16825,clear haze primary
test_16826,partly_cloudy primary agriculture road
test_16827,clear primary water road
test_16828,clear primary
test_16829,clear primary
test_16830,partly_cloudy cloudy
test_16831,partly_cloudy primary agriculture cultivation road
test_16832,clear primary
test_16833,partly_cloudy primary
test_16834,clear primary
test_16835,clear primary
test_16836,clear primary
test_16837,clear primary
test_16838,clear primary water
test_16839,clear primary
test_16840,clear partly_cloudy primary agriculture cultivation
test_16841,partly_cloudy primary agriculture cultivation
test_16842,clear primary
test_16843,clear primary
test_16844,clear haze primary agriculture water
test_16845,clear primary agriculture water road bare_ground
test_16846,clear primary
test_16847,clear primary
test_16848,clear primary agriculture road
test_16849,partly_cloudy cloudy primary
test_16850,cloudy
test_16851,haze cloudy
test_16852,partly_cloudy primary
test_16853,partly_cloudy primary
test_16854,clear partly_cloudy primary
test_16855,clear primary
test_16856,clear primary water
test_16857,clear primary agriculture cultivation habitation road
test_16858,partly_cloudy primary
test_16859,haze primary
test_16860,clear primary
test_16861,clear primary
test_16862,clear primary agriculture water habitation road
test_16863,clear primary
test_16864,clear primary
test_16865,partly_cloudy primary water road conventional_mine
test_16866,clear primary agriculture habitation road
test_16867,haze cloudy primary
test_16868,clear primary agriculture cultivation
test_16869,haze primary
test_16870,haze primary
test_16871,clear primary
test_16872,partly_cloudy primary
test_16873,clear primary agriculture road
test_16874,partly_cloudy primary agriculture cultivation
test_16875,clear haze primary agriculture cultivation
test_16876,partly_cloudy primary
test_16877,clear primary agriculture road
test_16878,clear primary agriculture water
test_16879,clear primary agriculture cultivation
test_16880,partly_cloudy primary water road
test_16881,clear primary road selective_logging
test_16882,clear primary water road
test_16883,clear primary agriculture cultivation
test_16884,clear primary
test_16885,partly_cloudy primary agriculture road
test_16886,clear primary water
test_16887,clear primary water road selective_logging
test_16888,clear primary
test_16889,partly_cloudy primary agriculture water
test_16890,clear primary
test_16891,clear primary
test_16892,clear primary
test_16893,partly_cloudy primary
test_16894,clear primary
test_16895,cloudy
test_16896,clear primary agriculture cultivation
test_16897,partly_cloudy primary
test_16898,clear primary agriculture water road
test_16899,clear primary agriculture cultivation habitation road
test_16900,clear partly_cloudy primary
test_16901,clear primary agriculture water cultivation habitation road
test_16902,partly_cloudy primary
test_16903,cloudy
test_16904,haze primary
test_16905,clear primary
test_16906,clear primary agriculture cultivation road
test_16907,clear primary
test_16908,clear primary agriculture cultivation road
test_16909,clear primary
test_16910,clear primary
test_16911,clear primary
test_16912,clear primary
test_16913,partly_cloudy cloudy primary agriculture
test_16914,clear haze primary water
test_16915,partly_cloudy primary agriculture cultivation
test_16916,clear primary agriculture road
test_16917,clear primary agriculture water
test_16918,clear primary agriculture water cultivation
test_16919,clear primary
test_16920,clear primary agriculture cultivation
test_16921,clear haze primary agriculture road
test_16922,clear primary agriculture
test_16923,clear primary
test_16924,clear primary
test_16925,clear primary agriculture cultivation habitation road
test_16926,clear primary
test_16927,clear cloudy water
test_16928,clear primary
test_16929,clear primary
test_16930,clear primary
test_16931,clear primary
test_16932,clear haze primary agriculture water
test_16933,clear primary agriculture cultivation road
test_16934,clear primary
test_16935,clear primary
test_16936,partly_cloudy primary
test_16937,clear primary agriculture water
test_16938,clear primary
test_16939,clear primary water artisinal_mine
test_16940,clear primary agriculture water habitation road
test_16941,clear primary
test_16942,clear primary agriculture cultivation
test_16943,clear primary agriculture habitation road bare_ground
test_16944,clear primary
test_16945,clear primary agriculture water habitation road conventional_mine bare_ground
test_16946,clear primary
test_16947,clear primary agriculture cultivation
test_16948,cloudy
test_16949,clear primary agriculture habitation road bare_ground
test_16950,clear primary agriculture cultivation road
test_16951,clear primary agriculture
test_16952,clear primary
test_16953,clear primary agriculture cultivation road
test_16954,clear primary
test_16955,partly_cloudy primary
test_16956,clear primary water road artisinal_mine selective_logging
test_16957,clear partly_cloudy primary
test_16958,clear primary
test_16959,haze cloudy primary
test_16960,clear primary
test_16961,cloudy
test_16962,clear primary agriculture water
test_16963,partly_cloudy primary
test_16964,clear primary
test_16965,haze cloudy
test_16966,clear primary
test_16967,clear primary
test_16968,clear primary
test_16969,clear primary agriculture water cultivation habitation
test_16970,partly_cloudy primary agriculture habitation road
test_16971,clear primary agriculture
test_16972,clear primary blooming
test_16973,partly_cloudy primary
test_16974,clear primary
test_16975,partly_cloudy primary
test_16976,haze cloudy primary
test_16977,clear primary
test_16978,clear haze primary
test_16979,partly_cloudy primary agriculture cultivation
test_16980,clear primary agriculture cultivation road
test_16981,clear primary agriculture cultivation habitation road
test_16982,clear primary
test_16983,partly_cloudy cloudy
test_16984,clear primary agriculture cultivation
test_16985,clear primary agriculture cultivation
test_16986,clear primary
test_16987,clear primary
test_16988,partly_cloudy primary agriculture road
test_16989,clear primary
test_16990,clear primary agriculture cultivation
test_16991,clear primary
test_16992,clear primary agriculture water cultivation habitation road
test_16993,clear primary blooming
test_16994,clear primary
test_16995,clear primary
test_16996,clear primary agriculture cultivation
test_16997,clear primary
test_16998,clear primary agriculture cultivation
test_16999,partly_cloudy primary agriculture cultivation
test_17000,clear primary
test_17001,clear primary agriculture water
test_17002,partly_cloudy primary
test_17003,clear primary agriculture water
test_17004,clear primary water road
test_17005,clear primary agriculture cultivation
test_17006,partly_cloudy primary agriculture water road
test_17007,clear primary
test_17008,partly_cloudy primary
test_17009,clear primary
test_17010,clear primary agriculture cultivation road
test_17011,clear primary
test_17012,clear primary
test_17013,clear primary agriculture cultivation
test_17014,clear primary
test_17015,partly_cloudy primary
test_17016,clear primary
test_17017,clear primary agriculture water
test_17018,clear primary
test_17019,clear primary
test_17020,clear haze primary agriculture water road
test_17021,partly_cloudy primary agriculture water
test_17022,partly_cloudy primary agriculture
test_17023,clear primary water habitation road
test_17024,clear primary agriculture road
test_17025,haze partly_cloudy primary
test_17026,clear primary agriculture
test_17027,partly_cloudy primary agriculture cultivation habitation
test_17028,clear primary agriculture water cultivation
test_17029,clear primary water habitation road bare_ground artisinal_mine
test_17030,partly_cloudy primary
test_17031,clear primary water
test_17032,clear primary agriculture cultivation
test_17033,clear primary agriculture cultivation
test_17034,clear primary
test_17035,clear primary
test_17036,clear primary
test_17037,clear primary water
test_17038,clear primary agriculture cultivation
test_17039,clear primary
test_17040,clear primary agriculture water cultivation habitation
test_17041,partly_cloudy primary agriculture water habitation
test_17042,clear primary agriculture cultivation habitation road
test_17043,clear primary
test_17044,partly_cloudy primary agriculture
test_17045,clear primary agriculture
test_17046,clear primary
test_17047,clear primary
test_17048,clear primary
test_17049,haze primary
test_17050,clear primary agriculture cultivation
test_17051,clear primary
test_17052,clear haze primary agriculture road
test_17053,partly_cloudy primary water
test_17054,partly_cloudy primary
test_17055,partly_cloudy primary
test_17056,clear primary agriculture habitation road
test_17057,clear primary road
test_17058,partly_cloudy primary agriculture
test_17059,clear primary
test_17060,clear primary agriculture cultivation habitation road
test_17061,haze cloudy water
test_17062,clear primary agriculture water habitation road artisinal_mine
test_17063,clear primary
test_17064,partly_cloudy primary
test_17065,clear primary
test_17066,clear primary
test_17067,partly_cloudy primary
test_17068,partly_cloudy primary agriculture cultivation habitation road
test_17069,clear primary
test_17070,clear primary water
test_17071,partly_cloudy primary agriculture cultivation
test_17072,clear primary agriculture water
test_17073,clear primary agriculture habitation road bare_ground
test_17074,clear primary
test_17075,clear primary agriculture habitation road
test_17076,clear primary
test_17077,clear primary agriculture habitation road conventional_mine bare_ground artisinal_mine
test_17078,clear primary agriculture cultivation
test_17079,clear primary road
test_17080,partly_cloudy primary water
test_17081,clear primary agriculture water road
test_17082,clear primary agriculture cultivation
test_17083,clear primary
test_17084,partly_cloudy primary
test_17085,clear primary
test_17086,clear primary water
test_17087,clear primary
test_17088,clear primary
test_17089,clear primary
test_17090,clear primary
test_17091,clear primary water
test_17092,clear primary water
test_17093,clear primary
test_17094,clear primary
test_17095,clear primary agriculture cultivation
test_17096,clear primary agriculture cultivation
test_17097,partly_cloudy primary
test_17098,clear primary agriculture cultivation road
test_17099,clear primary habitation road
test_17100,clear primary agriculture water
test_17101,clear primary
test_17102,clear primary water
test_17103,clear primary agriculture cultivation
test_17104,clear primary agriculture water cultivation habitation road
test_17105,clear primary
test_17106,clear primary agriculture cultivation habitation
test_17107,clear haze primary agriculture water road
test_17108,clear primary
test_17109,clear primary agriculture road
test_17110,partly_cloudy cloudy primary
test_17111,cloudy
test_17112,clear primary agriculture habitation road
test_17113,clear primary
test_17114,clear primary water
test_17115,clear primary
test_17116,partly_cloudy primary
test_17117,clear primary agriculture bare_ground
test_17118,clear primary agriculture
test_17119,clear primary agriculture water bare_ground
test_17120,clear primary agriculture water road
test_17121,partly_cloudy primary agriculture habitation road
test_17122,clear primary
test_17123,clear primary agriculture water road
test_17124,cloudy
test_17125,haze primary
test_17126,clear primary
test_17127,clear primary
test_17128,clear primary
test_17129,clear primary agriculture habitation road
test_17130,clear haze primary
test_17131,clear primary
test_17132,clear primary
test_17133,clear primary
test_17134,partly_cloudy primary agriculture habitation road
test_17135,clear primary water
test_17136,clear primary agriculture water
test_17137,clear primary agriculture cultivation
test_17138,clear primary
test_17139,clear primary
test_17140,haze cloudy
test_17141,haze primary
test_17142,partly_cloudy primary agriculture
test_17143,clear primary
test_17144,clear primary water
test_17145,clear primary
test_17146,clear primary
test_17147,clear primary
test_17148,clear primary agriculture water cultivation
test_17149,clear primary agriculture cultivation
test_17150,clear primary
test_17151,partly_cloudy primary
test_17152,clear primary water
test_17153,haze cloudy primary water
test_17154,clear primary
test_17155,partly_cloudy primary
test_17156,partly_cloudy primary
test_17157,clear primary agriculture cultivation
test_17158,clear primary road selective_logging
test_17159,partly_cloudy primary water
test_17160,clear primary agriculture road
test_17161,clear primary
test_17162,clear cloudy
test_17163,clear primary
test_17164,clear primary water
test_17165,clear primary
test_17166,clear primary water habitation road bare_ground artisinal_mine
test_17167,clear primary agriculture road
test_17168,clear primary agriculture cultivation
test_17169,clear primary
test_17170,clear primary
test_17171,haze primary agriculture water
test_17172,clear primary agriculture cultivation habitation road
test_17173,clear primary agriculture cultivation habitation road
test_17174,clear primary water
test_17175,clear primary agriculture habitation road
test_17176,clear cloudy primary water
test_17177,clear primary agriculture water road
test_17178,partly_cloudy primary
test_17179,clear primary
test_17180,clear partly_cloudy primary
test_17181,clear primary agriculture cultivation habitation road
test_17182,clear primary
test_17183,clear primary
test_17184,clear primary blooming selective_logging
test_17185,clear primary
test_17186,clear primary
test_17187,partly_cloudy primary
test_17188,partly_cloudy primary agriculture
test_17189,clear primary agriculture road
test_17190,clear primary agriculture cultivation
test_17191,clear primary
test_17192,clear primary
test_17193,clear primary
test_17194,clear primary agriculture cultivation habitation road
test_17195,partly_cloudy primary
test_17196,clear partly_cloudy primary
test_17197,haze partly_cloudy primary
test_17198,clear primary water
test_17199,clear primary
test_17200,clear primary agriculture water
test_17201,clear primary agriculture road
test_17202,clear primary
test_17203,clear primary water
test_17204,clear primary
test_17205,clear primary agriculture cultivation
test_17206,clear primary
test_17207,clear primary
test_17208,clear primary agriculture water habitation road
test_17209,clear haze primary water
test_17210,clear primary water
test_17211,clear primary agriculture road
test_17212,clear primary
test_17213,partly_cloudy primary
test_17214,clear primary agriculture cultivation
test_17215,clear primary agriculture cultivation
test_17216,clear primary
test_17217,clear primary agriculture water
test_17218,clear primary
test_17219,clear primary
test_17220,clear partly_cloudy primary agriculture cultivation
test_17221,clear primary agriculture cultivation
test_17222,clear primary agriculture cultivation habitation
test_17223,clear primary
test_17224,clear primary
test_17225,clear primary
test_17226,haze cloudy primary
test_17227,cloudy
test_17228,partly_cloudy primary
test_17229,partly_cloudy primary
test_17230,clear primary
test_17231,clear primary
test_17232,clear primary
test_17233,clear primary
test_17234,clear primary agriculture cultivation
test_17235,clear primary
test_17236,partly_cloudy primary
test_17237,clear primary agriculture road
test_17238,cloudy
test_17239,clear primary agriculture cultivation habitation road
test_17240,clear primary
test_17241,clear cloudy primary water
test_17242,clear primary
test_17243,clear primary agriculture road
test_17244,cloudy
test_17245,partly_cloudy primary
test_17246,clear primary
test_17247,clear partly_cloudy primary agriculture road
test_17248,clear primary agriculture cultivation habitation road
test_17249,partly_cloudy primary
test_17250,clear primary
test_17251,clear primary agriculture cultivation
test_17252,clear primary agriculture cultivation habitation road
test_17253,clear primary
test_17254,clear primary agriculture road
test_17255,clear primary
test_17256,haze cloudy primary
test_17257,cloudy
test_17258,clear primary agriculture habitation road
test_17259,clear primary
test_17260,clear primary agriculture cultivation habitation road
test_17261,partly_cloudy primary
test_17262,clear primary
test_17263,haze partly_cloudy primary agriculture water
test_17264,clear partly_cloudy primary agriculture water road
test_17265,clear primary agriculture water cultivation road
test_17266,haze cloudy primary
test_17267,cloudy
test_17268,clear primary
test_17269,clear primary
test_17270,clear haze primary agriculture water cultivation
test_17271,clear partly_cloudy primary
test_17272,haze primary
test_17273,clear primary agriculture
test_17274,partly_cloudy cloudy primary
test_17275,partly_cloudy primary
test_17276,cloudy
test_17277,clear haze primary agriculture road
test_17278,clear primary
test_17279,clear primary agriculture water habitation
test_17280,clear primary
test_17281,clear primary water
test_17282,haze cloudy primary
test_17283,clear primary agriculture habitation road
test_17284,clear primary
test_17285,clear primary agriculture road
test_17286,partly_cloudy primary
test_17287,haze partly_cloudy primary
test_17288,clear primary
test_17289,haze partly_cloudy primary agriculture water road
test_17290,clear primary
test_17291,clear primary
test_17292,clear haze primary agriculture cultivation
test_17293,clear primary
test_17294,partly_cloudy primary water
test_17295,clear primary
test_17296,partly_cloudy primary
test_17297,partly_cloudy primary
test_17298,haze cloudy
test_17299,clear partly_cloudy primary agriculture water road
test_17300,clear primary agriculture cultivation
test_17301,clear primary
test_17302,clear primary agriculture cultivation habitation
test_17303,clear primary
test_17304,clear primary agriculture cultivation habitation road
test_17305,partly_cloudy primary
test_17306,clear primary agriculture cultivation
test_17307,partly_cloudy primary water
test_17308,clear primary
test_17309,clear primary
test_17310,haze cloudy primary water
test_17311,clear primary agriculture water
test_17312,clear primary
test_17313,clear primary agriculture habitation road
test_17314,partly_cloudy primary agriculture cultivation habitation road
test_17315,partly_cloudy primary
test_17316,clear primary agriculture road
test_17317,clear primary
test_17318,haze partly_cloudy primary agriculture cultivation
test_17319,clear primary road
test_17320,clear primary agriculture water cultivation road
test_17321,clear primary
test_17322,clear primary agriculture cultivation habitation road
test_17323,partly_cloudy primary agriculture road
test_17324,clear primary
test_17325,clear primary agriculture water habitation road
test_17326,clear partly_cloudy primary
test_17327,partly_cloudy primary
test_17328,haze partly_cloudy primary agriculture cultivation
test_17329,clear primary
test_17330,clear primary
test_17331,clear primary
test_17332,clear primary
test_17333,clear partly_cloudy primary agriculture
test_17334,clear primary water
test_17335,partly_cloudy primary agriculture road
test_17336,clear primary agriculture cultivation
test_17337,partly_cloudy cloudy primary
test_17338,clear primary agriculture cultivation
test_17339,clear primary water
test_17340,clear primary agriculture water
test_17341,haze primary agriculture water road
test_17342,clear primary agriculture cultivation
test_17343,partly_cloudy primary
test_17344,clear primary
test_17345,clear primary
test_17346,clear primary agriculture habitation road
test_17347,clear primary agriculture road
test_17348,clear primary
test_17349,partly_cloudy primary
test_17350,clear primary
test_17351,clear primary water artisinal_mine
test_17352,clear partly_cloudy primary
test_17353,clear primary
test_17354,clear primary agriculture cultivation road
test_17355,clear primary agriculture cultivation habitation road
test_17356,clear primary agriculture cultivation
test_17357,clear primary agriculture bare_ground
test_17358,clear primary
test_17359,clear primary agriculture water bare_ground
test_17360,clear primary agriculture cultivation habitation road
test_17361,clear primary
test_17362,clear primary agriculture habitation road
test_17363,partly_cloudy primary
test_17364,clear primary agriculture road
test_17365,partly_cloudy primary water
test_17366,haze primary
test_17367,clear primary water bare_ground artisinal_mine
test_17368,clear primary
test_17369,clear primary
test_17370,clear primary
test_17371,partly_cloudy primary agriculture water road
test_17372,haze primary agriculture road
test_17373,clear primary habitation road
test_17374,clear primary
test_17375,clear primary
test_17376,clear primary
test_17377,cloudy
test_17378,clear primary water
test_17379,cloudy
test_17380,clear haze primary agriculture cultivation
test_17381,clear primary agriculture cultivation
test_17382,clear haze primary agriculture cultivation
test_17383,clear primary
test_17384,partly_cloudy primary
test_17385,partly_cloudy primary water
test_17386,partly_cloudy primary
test_17387,clear primary
test_17388,clear haze primary
test_17389,clear primary agriculture cultivation
test_17390,partly_cloudy primary agriculture cultivation
test_17391,clear primary
test_17392,clear primary
test_17393,partly_cloudy primary
test_17394,clear primary agriculture cultivation habitation
test_17395,clear primary agriculture cultivation habitation
test_17396,clear primary agriculture water
test_17397,clear primary agriculture cultivation habitation road
test_17398,clear primary agriculture road
test_17399,clear primary
test_17400,partly_cloudy primary
test_17401,clear haze primary agriculture habitation road
test_17402,clear primary agriculture
test_17403,haze primary
test_17404,clear primary agriculture habitation road
test_17405,haze primary
test_17406,clear primary agriculture water cultivation habitation
test_17407,clear haze primary water
test_17408,partly_cloudy primary
test_17409,partly_cloudy primary
test_17410,clear primary agriculture cultivation habitation road
test_17411,clear primary
test_17412,clear primary
test_17413,clear primary agriculture water road
test_17414,partly_cloudy primary agriculture water road
test_17415,clear primary
test_17416,partly_cloudy primary agriculture road
test_17417,partly_cloudy primary agriculture cultivation
test_17418,clear primary
test_17419,clear primary agriculture cultivation
test_17420,haze cloudy primary
test_17421,clear primary
test_17422,clear primary water
test_17423,clear primary
test_17424,haze cloudy
test_17425,clear primary
test_17426,clear partly_cloudy primary
test_17427,clear primary
test_17428,clear primary
test_17429,clear primary agriculture water cultivation
test_17430,clear primary
test_17431,clear primary agriculture water
test_17432,partly_cloudy primary agriculture cultivation
test_17433,clear primary agriculture road
test_17434,partly_cloudy primary
test_17435,partly_cloudy primary
test_17436,clear primary
test_17437,clear primary agriculture cultivation
test_17438,clear primary water
test_17439,clear primary
test_17440,partly_cloudy primary water
test_17441,clear primary agriculture cultivation
test_17442,clear primary
test_17443,clear primary
test_17444,clear primary
test_17445,clear haze primary
test_17446,partly_cloudy primary
test_17447,clear partly_cloudy primary agriculture water road selective_logging
test_17448,clear primary
test_17449,clear primary
test_17450,clear primary
test_17451,clear primary
test_17452,clear primary agriculture water cultivation
test_17453,clear primary
test_17454,clear partly_cloudy primary
test_17455,partly_cloudy primary
test_17456,clear primary water
test_17457,clear primary
test_17458,clear primary
test_17459,clear primary
test_17460,clear primary
test_17461,clear primary
test_17462,clear primary
test_17463,clear partly_cloudy primary water conventional_mine bare_ground artisinal_mine
test_17464,partly_cloudy primary agriculture road
test_17465,clear primary
test_17466,clear primary
test_17467,haze primary water road
test_17468,partly_cloudy primary
test_17469,clear primary water road
test_17470,clear primary
test_17471,clear primary
test_17472,clear primary agriculture road bare_ground
test_17473,clear primary agriculture water road
test_17474,clear primary water
test_17475,clear primary
test_17476,clear primary
test_17477,clear primary agriculture cultivation
test_17478,clear primary
test_17479,clear primary
test_17480,clear primary
test_17481,clear primary water road
test_17482,clear primary
test_17483,clear primary
test_17484,clear primary
test_17485,clear primary
test_17486,haze primary
test_17487,clear primary agriculture road
test_17488,clear primary agriculture road
test_17489,clear partly_cloudy primary agriculture cultivation habitation road
test_17490,clear primary
test_17491,clear primary water
test_17492,clear primary
test_17493,clear primary agriculture road
test_17494,clear primary agriculture habitation road
test_17495,partly_cloudy primary
test_17496,clear primary
test_17497,clear primary agriculture water cultivation
test_17498,clear primary habitation road
test_17499,clear primary agriculture road
test_17500,haze primary agriculture water road
test_17501,clear primary
test_17502,clear primary
test_17503,partly_cloudy primary agriculture road
test_17504,clear haze primary agriculture
test_17505,clear primary
test_17506,partly_cloudy primary
test_17507,partly_cloudy primary agriculture cultivation habitation
test_17508,clear primary agriculture cultivation
test_17509,partly_cloudy primary
test_17510,partly_cloudy primary agriculture habitation road
test_17511,partly_cloudy primary
test_17512,clear primary water
test_17513,clear primary
test_17514,cloudy
test_17515,clear primary
test_17516,clear primary agriculture cultivation habitation road
test_17517,clear primary
test_17518,clear primary agriculture water
test_17519,clear primary
test_17520,clear primary agriculture water habitation road bare_ground artisinal_mine
test_17521,clear primary agriculture cultivation road
test_17522,cloudy
test_17523,partly_cloudy primary
test_17524,partly_cloudy primary
test_17525,clear primary
test_17526,haze partly_cloudy primary agriculture road
test_17527,clear primary agriculture
test_17528,clear primary
test_17529,cloudy
test_17530,clear primary agriculture water cultivation habitation
test_17531,clear primary road
test_17532,cloudy
test_17533,clear primary
test_17534,clear partly_cloudy primary agriculture water road
test_17535,haze primary
test_17536,partly_cloudy primary
test_17537,clear primary
test_17538,clear primary agriculture water
test_17539,clear primary
test_17540,clear primary
test_17541,clear partly_cloudy primary agriculture water
test_17542,clear primary
test_17543,clear primary agriculture water habitation road
test_17544,partly_cloudy primary
test_17545,clear primary
test_17546,clear partly_cloudy primary
test_17547,clear primary agriculture
test_17548,clear primary
test_17549,cloudy
test_17550,clear primary agriculture cultivation
test_17551,clear primary
test_17552,clear partly_cloudy primary water
test_17553,clear primary water
test_17554,clear primary water road
test_17555,haze partly_cloudy primary agriculture water road
test_17556,clear primary agriculture water
test_17557,clear primary
test_17558,clear haze primary agriculture water
test_17559,clear partly_cloudy primary agriculture road
test_17560,cloudy
test_17561,clear primary
test_17562,clear primary agriculture cultivation
test_17563,clear haze primary agriculture road
test_17564,partly_cloudy primary water
test_17565,clear primary agriculture habitation road
test_17566,clear primary
test_17567,partly_cloudy primary water
test_17568,clear primary agriculture cultivation road
test_17569,clear primary agriculture habitation road
test_17570,clear primary water road artisinal_mine
test_17571,partly_cloudy primary agriculture water road
test_17572,partly_cloudy primary agriculture
test_17573,clear primary
test_17574,clear primary agriculture water road
test_17575,partly_cloudy primary agriculture
test_17576,haze primary agriculture
test_17577,cloudy
test_17578,clear primary agriculture
test_17579,clear primary water
test_17580,clear primary water
test_17581,clear primary agriculture cultivation
test_17582,clear primary
test_17583,clear primary
test_17584,clear primary
test_17585,clear primary
test_17586,clear primary water
test_17587,clear primary agriculture road
test_17588,clear primary
test_17589,clear primary
test_17590,clear primary
test_17591,clear partly_cloudy primary
test_17592,clear primary
test_17593,clear primary
test_17594,partly_cloudy primary
test_17595,clear primary
test_17596,haze primary agriculture water
test_17597,haze primary
test_17598,clear primary agriculture cultivation road
test_17599,partly_cloudy primary
test_17600,clear haze primary
test_17601,clear primary
test_17602,clear primary agriculture cultivation
test_17603,clear primary habitation road
test_17604,haze primary
test_17605,clear primary agriculture water cultivation habitation road
test_17606,clear primary
test_17607,clear primary agriculture water habitation road
test_17608,clear primary
test_17609,clear primary
test_17610,partly_cloudy primary
test_17611,clear primary agriculture cultivation
test_17612,clear primary agriculture habitation road
test_17613,clear primary agriculture water
test_17614,clear primary agriculture cultivation
test_17615,clear primary
test_17616,clear primary agriculture water cultivation habitation road
test_17617,clear primary agriculture
test_17618,clear primary
test_17619,clear haze primary
test_17620,clear primary agriculture cultivation
test_17621,clear primary agriculture habitation road
test_17622,clear partly_cloudy primary agriculture cultivation
test_17623,clear primary agriculture cultivation road
test_17624,clear primary water
test_17625,cloudy
test_17626,clear primary
test_17627,clear haze primary agriculture cultivation
test_17628,clear primary agriculture water cultivation habitation road artisinal_mine
test_17629,clear primary
test_17630,clear primary
test_17631,clear primary agriculture habitation road
test_17632,clear primary agriculture
test_17633,clear primary
test_17634,clear primary
test_17635,clear haze primary agriculture cultivation habitation road
test_17636,clear primary
test_17637,clear primary
test_17638,clear primary agriculture cultivation
test_17639,clear primary agriculture cultivation habitation
test_17640,clear primary agriculture cultivation habitation road
test_17641,partly_cloudy primary
test_17642,partly_cloudy primary agriculture water habitation road
test_17643,clear primary water road
test_17644,clear primary water
test_17645,clear primary agriculture cultivation habitation road
test_17646,haze primary
test_17647,clear primary blooming
test_17648,clear partly_cloudy primary
test_17649,clear haze primary agriculture water road
test_17650,clear primary
test_17651,clear primary agriculture cultivation
test_17652,clear primary water
test_17653,clear primary
test_17654,haze primary agriculture water road
test_17655,partly_cloudy primary
test_17656,clear primary
test_17657,partly_cloudy primary agriculture
test_17658,partly_cloudy primary
test_17659,clear primary agriculture road
test_17660,partly_cloudy primary agriculture water cultivation habitation road
test_17661,clear primary
test_17662,cloudy
test_17663,partly_cloudy primary
test_17664,clear cloudy primary water
test_17665,clear primary
test_17666,clear primary
test_17667,partly_cloudy primary agriculture
test_17668,partly_cloudy primary water
test_17669,clear primary
test_17670,clear primary blooming
test_17671,clear partly_cloudy primary
test_17672,clear primary
test_17673,clear primary
test_17674,partly_cloudy primary
test_17675,clear partly_cloudy primary
test_17676,clear primary agriculture cultivation
test_17677,clear haze primary
test_17678,clear primary water road bare_ground artisinal_mine
test_17679,clear primary
test_17680,clear partly_cloudy primary
test_17681,clear primary
test_17682,haze primary
test_17683,clear primary
test_17684,clear partly_cloudy primary water road conventional_mine bare_ground artisinal_mine selective_logging
test_17685,clear primary agriculture habitation road
test_17686,clear primary water
test_17687,partly_cloudy primary agriculture cultivation
test_17688,clear primary agriculture cultivation
test_17689,clear primary blooming
test_17690,clear primary water road
test_17691,partly_cloudy primary water
test_17692,clear cloudy agriculture water
test_17693,clear primary agriculture cultivation habitation
test_17694,clear primary agriculture cultivation
test_17695,clear primary
test_17696,clear primary agriculture cultivation habitation road
test_17697,clear primary agriculture cultivation road
test_17698,clear primary agriculture cultivation habitation road
test_17699,partly_cloudy primary water road
test_17700,clear cloudy primary water
test_17701,clear primary agriculture road
test_17702,clear haze primary agriculture cultivation
test_17703,clear primary
test_17704,clear primary
test_17705,partly_cloudy primary water
test_17706,clear primary agriculture cultivation habitation road
test_17707,clear primary agriculture road
test_17708,clear primary agriculture water cultivation habitation road
test_17709,partly_cloudy primary
test_17710,clear primary
test_17711,haze primary
test_17712,clear primary
test_17713,clear primary
test_17714,clear primary
test_17715,clear primary
test_17716,partly_cloudy primary agriculture
test_17717,clear primary agriculture road
test_17718,clear primary agriculture cultivation
test_17719,partly_cloudy primary
test_17720,clear primary
test_17721,clear primary
test_17722,clear primary agriculture water road
test_17723,partly_cloudy primary
test_17724,clear primary
test_17725,clear primary water
test_17726,clear primary
test_17727,clear primary agriculture water cultivation
test_17728,clear primary agriculture cultivation
test_17729,clear primary agriculture water
test_17730,haze primary
test_17731,clear primary
test_17732,clear partly_cloudy primary
test_17733,clear primary agriculture water cultivation road
test_17734,partly_cloudy primary
test_17735,clear primary
test_17736,partly_cloudy primary
test_17737,clear primary agriculture water road
test_17738,clear primary
test_17739,clear primary
test_17740,clear haze primary water
test_17741,clear primary
test_17742,clear primary
test_17743,clear primary water
test_17744,partly_cloudy primary water road
test_17745,clear primary agriculture water cultivation road
test_17746,clear primary
test_17747,partly_cloudy primary water
test_17748,clear haze primary water
test_17749,clear primary
test_17750,clear primary agriculture habitation road
test_17751,clear primary agriculture habitation road
test_17752,partly_cloudy primary
test_17753,partly_cloudy primary
test_17754,clear primary agriculture cultivation habitation road
test_17755,clear partly_cloudy primary agriculture water cultivation
test_17756,clear primary
test_17757,clear haze primary agriculture water cultivation
test_17758,clear primary
test_17759,clear primary
test_17760,clear primary
test_17761,clear primary agriculture water cultivation
test_17762,clear primary agriculture cultivation road
test_17763,clear primary
test_17764,cloudy
test_17765,partly_cloudy primary
test_17766,partly_cloudy primary
test_17767,cloudy
test_17768,clear primary agriculture habitation road
test_17769,partly_cloudy primary agriculture cultivation road
test_17770,clear primary agriculture
test_17771,cloudy
test_17772,clear primary
test_17773,haze cloudy
test_17774,clear primary
test_17775,clear primary agriculture habitation road
test_17776,clear primary agriculture cultivation habitation
test_17777,clear primary agriculture cultivation habitation road
test_17778,clear primary
test_17779,haze primary
test_17780,haze cloudy primary
test_17781,clear primary agriculture water road
test_17782,clear partly_cloudy primary water
test_17783,partly_cloudy primary
test_17784,partly_cloudy primary agriculture cultivation
test_17785,clear primary
test_17786,clear primary
test_17787,clear primary
test_17788,partly_cloudy primary
test_17789,haze primary
test_17790,partly_cloudy primary
test_17791,cloudy
test_17792,clear primary agriculture road
test_17793,clear primary
test_17794,clear primary agriculture habitation road
test_17795,clear primary
test_17796,clear partly_cloudy primary agriculture road
test_17797,clear primary agriculture habitation road
test_17798,clear primary agriculture water
test_17799,clear primary
test_17800,clear primary agriculture water cultivation
test_17801,clear partly_cloudy primary agriculture cultivation road
test_17802,clear primary agriculture cultivation
test_17803,clear primary
test_17804,clear primary water
test_17805,clear primary
test_17806,clear cloudy water
test_17807,clear primary
test_17808,clear primary agriculture
test_17809,clear primary
test_17810,haze primary agriculture water road
test_17811,clear primary
test_17812,clear primary agriculture water habitation
test_17813,partly_cloudy primary agriculture road
test_17814,partly_cloudy primary
test_17815,clear primary agriculture road
test_17816,clear primary agriculture cultivation habitation
test_17817,clear primary water
test_17818,clear primary
test_17819,clear primary agriculture cultivation
test_17820,clear primary
test_17821,clear primary water
test_17822,clear primary
test_17823,clear primary
test_17824,clear primary agriculture road
test_17825,clear primary
test_17826,clear primary
test_17827,clear primary agriculture water habitation road
test_17828,haze cloudy primary
test_17829,clear primary agriculture water habitation road
test_17830,clear primary blooming
test_17831,haze primary
test_17832,partly_cloudy primary water road
test_17833,clear primary
test_17834,clear primary agriculture cultivation habitation road
test_17835,clear primary
test_17836,clear primary agriculture cultivation
test_17837,clear primary
test_17838,clear primary
test_17839,clear primary agriculture cultivation
test_17840,partly_cloudy primary water
test_17841,clear primary
test_17842,clear primary
test_17843,clear primary
test_17844,clear primary agriculture water cultivation
test_17845,partly_cloudy cloudy primary
test_17846,clear primary water road
test_17847,partly_cloudy primary agriculture road
test_17848,clear primary
test_17849,haze cloudy primary
test_17850,partly_cloudy primary water
test_17851,partly_cloudy primary
test_17852,clear primary
test_17853,clear partly_cloudy primary agriculture water cultivation habitation
test_17854,partly_cloudy primary agriculture water road
test_17855,clear primary water
test_17856,clear cloudy agriculture water bare_ground
test_17857,partly_cloudy primary agriculture road
test_17858,clear primary
test_17859,haze primary agriculture water road
test_17860,clear primary
test_17861,cloudy
test_17862,partly_cloudy primary
test_17863,clear primary
test_17864,clear primary blooming
test_17865,partly_cloudy primary
test_17866,clear primary water bare_ground artisinal_mine
test_17867,partly_cloudy primary agriculture cultivation
test_17868,partly_cloudy primary agriculture habitation road
test_17869,partly_cloudy primary agriculture road
test_17870,partly_cloudy primary agriculture cultivation
test_17871,haze primary water
test_17872,clear primary
test_17873,clear primary
test_17874,clear primary
test_17875,clear primary
test_17876,clear primary agriculture bare_ground
test_17877,partly_cloudy primary agriculture road
test_17878,clear primary
test_17879,cloudy
test_17880,clear primary
test_17881,clear primary agriculture cultivation
test_17882,partly_cloudy primary
test_17883,partly_cloudy primary agriculture water
test_17884,partly_cloudy primary agriculture road
test_17885,clear primary agriculture cultivation
test_17886,clear primary
test_17887,clear cloudy water
test_17888,clear primary
test_17889,clear primary
test_17890,clear primary water
test_17891,clear primary agriculture
test_17892,haze cloudy primary
test_17893,clear primary water road
test_17894,clear primary water
test_17895,clear primary
test_17896,cloudy
test_17897,partly_cloudy primary
test_17898,clear primary
test_17899,clear primary agriculture cultivation
test_17900,clear primary agriculture road
test_17901,clear primary agriculture road
test_17902,clear partly_cloudy primary
test_17903,clear primary water
test_17904,clear primary agriculture cultivation
test_17905,clear haze primary agriculture water road
test_17906,clear primary habitation road
test_17907,clear primary
test_17908,clear haze primary agriculture habitation road
test_17909,clear primary agriculture water road
test_17910,clear primary
test_17911,haze primary water
test_17912,haze cloudy primary
test_17913,clear primary
test_17914,clear primary agriculture cultivation
test_17915,clear primary agriculture road
test_17916,partly_cloudy primary agriculture habitation road
test_17917,partly_cloudy primary agriculture road
test_17918,clear primary agriculture cultivation
test_17919,clear primary agriculture
test_17920,haze primary
test_17921,clear haze primary
test_17922,clear primary agriculture cultivation
test_17923,clear primary
test_17924,clear primary
test_17925,clear primary agriculture water
test_17926,haze primary
test_17927,clear primary agriculture cultivation habitation road
test_17928,clear partly_cloudy primary agriculture road
test_17929,clear primary
test_17930,partly_cloudy primary
test_17931,haze primary
test_17932,clear primary agriculture cultivation habitation road
test_17933,clear primary
test_17934,clear primary
test_17935,partly_cloudy primary agriculture water road
test_17936,clear primary
test_17937,partly_cloudy primary agriculture
test_17938,clear primary
test_17939,cloudy
test_17940,clear primary agriculture water cultivation habitation road
test_17941,clear primary
test_17942,partly_cloudy primary
test_17943,clear primary agriculture cultivation
test_17944,clear partly_cloudy primary
test_17945,clear haze primary agriculture water cultivation
test_17946,clear primary
test_17947,clear partly_cloudy primary agriculture cultivation habitation road
test_17948,clear primary agriculture water cultivation
test_17949,clear primary water road
test_17950,partly_cloudy primary
test_17951,clear primary
test_17952,clear primary
test_17953,clear primary
test_17954,clear primary agriculture road bare_ground
test_17955,partly_cloudy primary agriculture cultivation
test_17956,clear primary agriculture habitation road
test_17957,haze primary
test_17958,clear primary
test_17959,clear primary agriculture habitation road
test_17960,partly_cloudy primary agriculture water cultivation
test_17961,clear primary agriculture water habitation road
test_17962,clear primary
test_17963,clear primary agriculture cultivation
test_17964,partly_cloudy cloudy primary
test_17965,clear primary water road
test_17966,clear primary
test_17967,clear primary
test_17968,clear primary water
test_17969,clear primary
test_17970,clear primary
test_17971,clear primary
test_17972,clear primary
test_17973,clear primary agriculture water road
test_17974,clear partly_cloudy primary
test_17975,clear cloudy water
test_17976,clear primary agriculture water road
test_17977,clear primary agriculture cultivation
test_17978,partly_cloudy primary water
test_17979,clear primary agriculture water road
test_17980,clear primary
test_17981,partly_cloudy primary water
test_17982,clear primary agriculture habitation road
test_17983,clear primary agriculture bare_ground
test_17984,clear primary
test_17985,clear primary
test_17986,clear primary water
test_17987,clear primary
test_17988,partly_cloudy primary agriculture road
test_17989,cloudy
test_17990,clear cloudy primary water
test_17991,clear primary agriculture water cultivation
test_17992,clear primary
test_17993,partly_cloudy primary
test_17994,clear primary water
test_17995,clear primary
test_17996,clear primary agriculture habitation road
test_17997,clear primary
test_17998,clear primary
test_17999,clear primary agriculture bare_ground
test_18000,clear primary
test_18001,clear primary water
test_18002,clear primary
test_18003,clear primary agriculture cultivation
test_18004,partly_cloudy primary
test_18005,partly_cloudy primary agriculture road
test_18006,clear primary
test_18007,clear primary
test_18008,partly_cloudy primary
test_18009,clear primary
test_18010,partly_cloudy primary agriculture water
test_18011,clear primary agriculture cultivation habitation road
test_18012,clear primary
test_18013,clear primary agriculture cultivation habitation road
test_18014,haze primary
test_18015,clear primary agriculture habitation road
test_18016,partly_cloudy primary agriculture water road
test_18017,clear primary agriculture cultivation
test_18018,haze primary
test_18019,clear primary agriculture cultivation
test_18020,clear primary agriculture water cultivation habitation road
test_18021,clear primary agriculture cultivation road
test_18022,partly_cloudy primary
test_18023,cloudy
test_18024,clear primary
test_18025,clear primary
test_18026,clear cloudy water
test_18027,clear primary
test_18028,clear primary
test_18029,clear primary agriculture
test_18030,clear primary
test_18031,clear primary
test_18032,haze cloudy
test_18033,clear primary
test_18034,clear primary agriculture cultivation
test_18035,clear primary water
test_18036,haze primary
test_18037,clear primary agriculture road
test_18038,clear primary agriculture habitation road
test_18039,clear primary agriculture road
test_18040,clear primary agriculture water cultivation
test_18041,partly_cloudy primary agriculture cultivation
test_18042,clear primary agriculture road
test_18043,clear primary
test_18044,clear primary agriculture road
test_18045,partly_cloudy cloudy primary
test_18046,cloudy
test_18047,partly_cloudy primary agriculture
test_18048,clear primary
test_18049,cloudy
test_18050,clear primary
test_18051,clear primary agriculture cultivation
test_18052,haze primary
test_18053,clear primary agriculture water habitation road
test_18054,partly_cloudy primary water
test_18055,clear primary
test_18056,clear primary
test_18057,clear primary water artisinal_mine
test_18058,clear primary water
test_18059,clear primary agriculture water cultivation
test_18060,clear primary agriculture cultivation
test_18061,partly_cloudy primary agriculture cultivation
test_18062,clear primary
test_18063,clear primary agriculture road
test_18064,haze partly_cloudy primary
test_18065,clear primary agriculture cultivation
test_18066,clear primary agriculture water road
test_18067,clear primary
test_18068,clear primary agriculture road
test_18069,partly_cloudy primary
test_18070,clear primary agriculture road
test_18071,clear primary agriculture cultivation
test_18072,clear primary water
test_18073,clear haze primary
test_18074,clear primary
test_18075,partly_cloudy primary
test_18076,clear primary agriculture road
test_18077,cloudy
test_18078,clear primary agriculture road
test_18079,clear primary
test_18080,clear primary agriculture water road
test_18081,clear primary
test_18082,clear primary agriculture road
test_18083,clear primary water road
test_18084,haze primary agriculture water
test_18085,clear primary agriculture cultivation road
test_18086,clear primary agriculture water habitation road
test_18087,clear primary
test_18088,clear primary
test_18089,clear primary agriculture habitation road
test_18090,clear primary
test_18091,clear primary agriculture cultivation
test_18092,clear primary
test_18093,clear primary agriculture cultivation
test_18094,haze primary
test_18095,clear haze primary agriculture
test_18096,partly_cloudy primary
test_18097,clear primary
test_18098,clear primary
test_18099,clear primary water artisinal_mine
test_18100,clear primary
test_18101,clear primary agriculture water
test_18102,clear haze primary
test_18103,clear primary water habitation road
test_18104,clear primary
test_18105,haze cloudy primary
test_18106,clear primary
test_18107,clear primary agriculture water road
test_18108,clear primary
test_18109,clear primary habitation road
test_18110,clear primary water
test_18111,clear primary agriculture habitation road bare_ground
test_18112,partly_cloudy primary
test_18113,clear primary
test_18114,clear primary
test_18115,clear primary
test_18116,clear primary agriculture water cultivation
test_18117,clear primary agriculture cultivation habitation road
test_18118,haze partly_cloudy primary agriculture water
test_18119,clear primary
test_18120,clear primary agriculture bare_ground
test_18121,partly_cloudy primary
test_18122,clear primary agriculture cultivation habitation road
test_18123,partly_cloudy primary
test_18124,partly_cloudy primary
test_18125,clear primary agriculture cultivation habitation road
test_18126,clear primary
test_18127,clear primary
test_18128,partly_cloudy primary agriculture road
test_18129,clear partly_cloudy primary agriculture cultivation road
test_18130,clear primary agriculture water habitation road
test_18131,clear primary
test_18132,clear haze primary
test_18133,clear primary water
test_18134,partly_cloudy primary
test_18135,partly_cloudy primary
test_18136,partly_cloudy primary
test_18137,partly_cloudy primary agriculture road
test_18138,clear primary agriculture road
test_18139,clear primary
test_18140,clear partly_cloudy primary cultivation
test_18141,clear primary
test_18142,clear partly_cloudy primary agriculture cultivation habitation
test_18143,partly_cloudy primary
test_18144,clear primary agriculture cultivation
test_18145,partly_cloudy primary
test_18146,clear primary water
test_18147,clear primary agriculture cultivation habitation road
test_18148,clear primary
test_18149,partly_cloudy primary water
test_18150,clear primary
test_18151,clear primary agriculture cultivation
test_18152,clear partly_cloudy primary
test_18153,cloudy
test_18154,clear primary
test_18155,clear primary
test_18156,clear haze primary agriculture water road
test_18157,clear partly_cloudy primary
test_18158,clear primary
test_18159,clear cloudy primary agriculture bare_ground
test_18160,clear primary
test_18161,haze primary agriculture cultivation
test_18162,clear primary agriculture habitation road
test_18163,partly_cloudy primary
test_18164,clear primary water artisinal_mine
test_18165,haze primary
test_18166,clear primary cultivation
test_18167,partly_cloudy primary
test_18168,clear primary agriculture cultivation road
test_18169,haze cloudy
test_18170,clear primary agriculture cultivation habitation road
test_18171,clear primary agriculture water cultivation selective_logging
test_18172,partly_cloudy primary agriculture road
test_18173,clear primary agriculture water habitation road
test_18174,clear primary agriculture cultivation
test_18175,haze cloudy
test_18176,clear primary agriculture road
test_18177,clear primary agriculture cultivation
test_18178,partly_cloudy primary agriculture water
test_18179,haze primary
test_18180,clear primary
test_18181,clear primary agriculture cultivation habitation road
test_18182,clear primary
test_18183,clear primary
test_18184,partly_cloudy primary
test_18185,clear primary agriculture
test_18186,clear primary agriculture habitation road
test_18187,haze primary
test_18188,clear primary water
test_18189,cloudy
test_18190,clear primary
test_18191,partly_cloudy cloudy primary water
test_18192,clear primary
test_18193,clear primary agriculture road
test_18194,clear haze primary agriculture cultivation
test_18195,clear primary water artisinal_mine
test_18196,clear primary agriculture
test_18197,clear primary water road
test_18198,clear primary
test_18199,clear primary agriculture water cultivation habitation road
test_18200,partly_cloudy primary
test_18201,partly_cloudy primary
test_18202,clear primary agriculture habitation road
test_18203,partly_cloudy primary
test_18204,clear primary agriculture cultivation
test_18205,clear primary agriculture water habitation road
test_18206,clear primary agriculture habitation road
test_18207,clear primary agriculture habitation road
test_18208,clear primary
test_18209,clear primary
test_18210,clear primary
test_18211,clear primary
test_18212,clear cloudy water
test_18213,clear primary agriculture road
test_18214,clear primary
test_18215,clear primary water bare_ground artisinal_mine
test_18216,partly_cloudy cloudy primary
test_18217,clear primary
test_18218,haze cloudy primary
test_18219,clear primary
test_18220,clear primary agriculture cultivation
test_18221,clear primary
test_18222,clear primary
test_18223,clear primary agriculture habitation road
test_18224,clear primary agriculture cultivation
test_18225,clear primary agriculture water cultivation road
test_18226,clear primary agriculture water cultivation
test_18227,clear primary agriculture cultivation
test_18228,partly_cloudy primary
test_18229,clear primary habitation road
test_18230,clear primary agriculture cultivation habitation road
test_18231,partly_cloudy primary water
test_18232,clear primary
test_18233,cloudy
test_18234,clear primary water road
test_18235,clear primary
test_18236,clear primary agriculture water cultivation
test_18237,clear partly_cloudy primary agriculture cultivation
test_18238,cloudy
test_18239,clear primary agriculture water cultivation
test_18240,clear primary agriculture water cultivation
test_18241,clear primary
test_18242,clear primary
test_18243,clear primary agriculture water
test_18244,clear primary water road selective_logging
test_18245,partly_cloudy primary
test_18246,clear primary agriculture water road
test_18247,partly_cloudy primary agriculture cultivation habitation road
test_18248,clear primary agriculture water cultivation habitation
test_18249,clear primary road
test_18250,clear primary
test_18251,clear primary
test_18252,clear primary agriculture cultivation habitation
test_18253,clear primary agriculture water cultivation
test_18254,clear primary
test_18255,cloudy
test_18256,haze cloudy primary
test_18257,clear primary agriculture cultivation habitation road
test_18258,clear primary
test_18259,clear primary
test_18260,clear primary agriculture habitation road
test_18261,clear primary
test_18262,clear primary agriculture habitation road
test_18263,clear primary
test_18264,clear primary agriculture cultivation habitation road
test_18265,clear primary
test_18266,clear primary
test_18267,haze primary agriculture water
test_18268,haze primary
test_18269,clear partly_cloudy primary water road conventional_mine artisinal_mine
test_18270,clear primary agriculture habitation road
test_18271,clear primary water road selective_logging
test_18272,clear partly_cloudy primary agriculture habitation road
test_18273,clear primary
test_18274,clear primary
test_18275,clear primary agriculture bare_ground
test_18276,clear primary
test_18277,clear primary agriculture cultivation habitation road
test_18278,clear haze primary agriculture water cultivation road
test_18279,clear primary agriculture cultivation
test_18280,haze primary
test_18281,cloudy
test_18282,clear primary water
test_18283,haze cloudy primary
test_18284,clear partly_cloudy primary agriculture road
test_18285,partly_cloudy primary
test_18286,partly_cloudy primary agriculture water
test_18287,cloudy
test_18288,partly_cloudy primary
test_18289,clear primary
test_18290,cloudy
test_18291,clear primary agriculture habitation road
test_18292,clear primary
test_18293,clear haze primary agriculture water road
test_18294,clear primary
test_18295,partly_cloudy primary agriculture road
test_18296,partly_cloudy primary agriculture road
test_18297,clear primary
test_18298,partly_cloudy primary
test_18299,clear primary
test_18300,clear primary
test_18301,haze primary
test_18302,clear primary
test_18303,clear cloudy primary water
test_18304,clear primary
test_18305,clear primary water road
test_18306,partly_cloudy primary agriculture road
test_18307,partly_cloudy primary water
test_18308,clear primary
test_18309,partly_cloudy primary agriculture cultivation habitation
test_18310,partly_cloudy primary agriculture road
test_18311,clear primary water
test_18312,clear primary agriculture cultivation
test_18313,clear primary
test_18314,clear primary
test_18315,clear primary
test_18316,haze primary agriculture cultivation
test_18317,partly_cloudy primary agriculture cultivation habitation road
test_18318,clear primary agriculture cultivation habitation road
test_18319,clear primary
test_18320,clear primary
test_18321,cloudy
test_18322,clear primary water
test_18323,clear primary agriculture water cultivation
test_18324,clear primary
test_18325,clear primary agriculture water
test_18326,clear primary water
test_18327,partly_cloudy primary agriculture water road
test_18328,clear primary water road
test_18329,cloudy
test_18330,clear primary agriculture water cultivation
test_18331,clear primary agriculture habitation road
test_18332,clear primary
test_18333,clear primary
test_18334,clear haze primary agriculture
test_18335,partly_cloudy primary agriculture water
test_18336,haze primary agriculture water road
test_18337,cloudy
test_18338,clear primary agriculture water cultivation habitation
test_18339,clear primary agriculture water road
test_18340,clear primary blooming selective_logging
test_18341,clear primary agriculture
test_18342,clear primary water
test_18343,clear primary
test_18344,clear primary
test_18345,clear primary
test_18346,cloudy
test_18347,partly_cloudy primary
test_18348,clear primary agriculture water cultivation
test_18349,clear primary water
test_18350,partly_cloudy primary
test_18351,clear primary
test_18352,clear primary
test_18353,clear primary
test_18354,partly_cloudy primary
test_18355,clear primary agriculture water
test_18356,partly_cloudy primary
test_18357,clear haze primary water
test_18358,clear primary agriculture cultivation road
test_18359,partly_cloudy primary
test_18360,clear primary agriculture cultivation habitation road
test_18361,clear primary
test_18362,clear primary agriculture habitation road
test_18363,haze partly_cloudy primary agriculture road
test_18364,clear primary agriculture habitation road
test_18365,clear primary agriculture water road
test_18366,partly_cloudy primary
test_18367,clear primary
test_18368,partly_cloudy primary agriculture water road
test_18369,haze primary
test_18370,clear primary
test_18371,clear primary
test_18372,haze primary
test_18373,clear primary agriculture cultivation habitation road
test_18374,clear primary water
test_18375,clear primary
test_18376,clear primary
test_18377,clear partly_cloudy primary agriculture habitation road
test_18378,clear primary
test_18379,clear primary agriculture
test_18380,partly_cloudy primary
test_18381,clear primary
test_18382,clear primary
test_18383,haze primary agriculture water road
test_18384,partly_cloudy primary agriculture water road
test_18385,clear primary water
test_18386,clear primary agriculture cultivation road
test_18387,partly_cloudy primary
test_18388,cloudy
test_18389,clear partly_cloudy primary agriculture water
test_18390,clear primary
test_18391,clear primary
test_18392,partly_cloudy primary
test_18393,clear primary
test_18394,cloudy
test_18395,clear primary
test_18396,clear primary
test_18397,clear primary
test_18398,clear primary agriculture water habitation road
test_18399,partly_cloudy primary agriculture road
test_18400,clear primary water
test_18401,partly_cloudy primary water
test_18402,clear primary agriculture habitation road
test_18403,clear haze primary
test_18404,clear primary cultivation
test_18405,clear partly_cloudy primary
test_18406,clear primary agriculture cultivation
test_18407,partly_cloudy primary agriculture water cultivation road
test_18408,partly_cloudy primary water
test_18409,clear primary water
test_18410,partly_cloudy primary agriculture road
test_18411,cloudy
test_18412,clear primary
test_18413,clear primary agriculture habitation road
test_18414,clear primary water
test_18415,clear primary agriculture water
test_18416,clear primary agriculture road
test_18417,clear primary
test_18418,clear primary
test_18419,clear primary agriculture cultivation habitation road
test_18420,clear primary blooming
test_18421,clear primary agriculture road
test_18422,clear primary
test_18423,clear primary water
test_18424,clear primary blooming
test_18425,clear primary
test_18426,clear primary water
test_18427,clear primary agriculture water habitation road
test_18428,clear primary agriculture habitation road
test_18429,haze primary agriculture water
test_18430,partly_cloudy cloudy primary
test_18431,clear primary
test_18432,clear primary
test_18433,clear primary agriculture cultivation road
test_18434,haze primary
test_18435,clear primary agriculture cultivation
test_18436,clear primary agriculture water cultivation habitation
test_18437,clear primary
test_18438,partly_cloudy primary agriculture water
test_18439,partly_cloudy primary agriculture habitation road
test_18440,clear primary agriculture
test_18441,partly_cloudy primary agriculture habitation road
test_18442,clear primary agriculture cultivation
test_18443,clear primary
test_18444,clear primary
test_18445,partly_cloudy primary
test_18446,clear primary
test_18447,partly_cloudy primary agriculture water road
test_18448,clear partly_cloudy primary agriculture cultivation
test_18449,clear primary
test_18450,clear primary agriculture water
test_18451,clear primary
test_18452,cloudy
test_18453,partly_cloudy primary agriculture
test_18454,clear primary habitation road
test_18455,haze partly_cloudy primary
test_18456,clear primary agriculture cultivation habitation road
test_18457,clear primary water
test_18458,clear primary
test_18459,clear primary road selective_logging
test_18460,clear primary agriculture cultivation
test_18461,clear partly_cloudy primary
test_18462,clear primary
test_18463,clear primary
test_18464,clear primary
test_18465,clear primary water habitation road conventional_mine bare_ground artisinal_mine
test_18466,partly_cloudy primary
test_18467,clear primary agriculture road
test_18468,clear primary water
test_18469,cloudy
test_18470,clear primary
test_18471,partly_cloudy primary
test_18472,cloudy
test_18473,clear haze primary
test_18474,clear primary agriculture water cultivation road
test_18475,clear haze primary agriculture water road
test_18476,clear primary blooming selective_logging
test_18477,clear primary
test_18478,partly_cloudy cloudy primary agriculture road
test_18479,clear primary water road
test_18480,haze primary agriculture water cultivation
test_18481,partly_cloudy primary
test_18482,clear primary water
test_18483,clear primary
test_18484,clear primary
test_18485,clear primary
test_18486,clear partly_cloudy primary agriculture cultivation
test_18487,clear primary agriculture water habitation road
test_18488,cloudy
test_18489,clear primary
test_18490,clear primary agriculture water
test_18491,clear primary agriculture cultivation
test_18492,clear primary
test_18493,clear primary agriculture bare_ground
test_18494,clear haze primary
test_18495,clear primary agriculture cultivation habitation road
test_18496,partly_cloudy primary agriculture road conventional_mine
test_18497,clear primary water road
test_18498,clear primary
test_18499,clear primary
test_18500,partly_cloudy primary
test_18501,clear primary agriculture habitation road
test_18502,partly_cloudy cloudy primary water
test_18503,clear primary
test_18504,clear primary agriculture
test_18505,haze primary
test_18506,clear primary
test_18507,partly_cloudy primary agriculture road
test_18508,clear primary
test_18509,clear primary
test_18510,partly_cloudy primary agriculture cultivation habitation
test_18511,clear primary
test_18512,clear primary
test_18513,clear primary agriculture
test_18514,clear primary agriculture water cultivation
test_18515,clear primary
test_18516,clear primary
test_18517,clear primary
test_18518,partly_cloudy primary agriculture habitation road
test_18519,partly_cloudy primary
test_18520,partly_cloudy cloudy primary
test_18521,clear partly_cloudy primary agriculture cultivation habitation road
test_18522,clear primary
test_18523,clear primary agriculture cultivation
test_18524,partly_cloudy primary
test_18525,haze cloudy primary agriculture water
test_18526,clear primary agriculture water habitation road
test_18527,clear primary agriculture cultivation habitation road
test_18528,cloudy
test_18529,clear haze primary water
test_18530,clear primary water
test_18531,clear primary
test_18532,clear primary water habitation road bare_ground artisinal_mine
test_18533,partly_cloudy primary
test_18534,clear primary
test_18535,partly_cloudy primary
test_18536,clear primary agriculture bare_ground
test_18537,clear primary agriculture cultivation habitation
test_18538,clear primary agriculture habitation road
test_18539,clear primary agriculture water road
test_18540,clear primary agriculture habitation road bare_ground
test_18541,clear primary agriculture water road
test_18542,clear primary agriculture habitation road
test_18543,clear primary agriculture water cultivation
test_18544,partly_cloudy primary
test_18545,partly_cloudy primary agriculture road
test_18546,partly_cloudy primary agriculture cultivation habitation road
test_18547,clear primary agriculture water cultivation habitation
test_18548,clear primary
test_18549,clear primary
test_18550,clear primary agriculture road
test_18551,clear primary
test_18552,clear primary agriculture cultivation
test_18553,cloudy
test_18554,partly_cloudy primary
test_18555,clear primary
test_18556,clear primary
test_18557,cloudy
test_18558,clear primary agriculture habitation road
test_18559,haze primary
test_18560,clear primary agriculture cultivation
test_18561,clear primary habitation road
test_18562,clear primary
test_18563,haze primary agriculture water road
test_18564,clear primary agriculture habitation road
test_18565,clear primary
test_18566,partly_cloudy primary
test_18567,partly_cloudy primary agriculture water road
test_18568,clear primary
test_18569,haze cloudy
test_18570,clear primary
test_18571,clear primary water
test_18572,clear primary agriculture habitation road
test_18573,haze primary
test_18574,clear primary
test_18575,clear primary water
test_18576,clear primary agriculture water cultivation habitation road
test_18577,clear primary road
test_18578,clear primary water
test_18579,clear primary agriculture water habitation road
test_18580,clear primary agriculture water cultivation
test_18581,clear primary
test_18582,haze cloudy
test_18583,haze primary agriculture water
test_18584,clear primary agriculture road
test_18585,clear primary
test_18586,haze primary
test_18587,clear primary water bare_ground artisinal_mine
test_18588,haze primary agriculture cultivation
test_18589,clear primary agriculture water cultivation
test_18590,clear primary
test_18591,partly_cloudy primary
test_18592,clear haze primary agriculture cultivation road
test_18593,partly_cloudy primary
test_18594,clear primary agriculture water cultivation habitation
test_18595,partly_cloudy primary agriculture water
test_18596,clear primary
test_18597,clear primary
test_18598,clear primary
test_18599,partly_cloudy primary
test_18600,clear primary agriculture road
test_18601,clear primary agriculture cultivation habitation road
test_18602,clear primary agriculture road
test_18603,clear primary agriculture water
test_18604,clear primary
test_18605,clear primary agriculture cultivation habitation road
test_18606,clear primary water
test_18607,clear primary agriculture water habitation road
test_18608,clear primary
test_18609,clear primary agriculture road
test_18610,clear primary
test_18611,clear primary agriculture cultivation road
test_18612,clear partly_cloudy primary
test_18613,clear primary agriculture cultivation
test_18614,clear primary agriculture cultivation
test_18615,clear partly_cloudy primary
test_18616,clear primary agriculture road
test_18617,partly_cloudy primary
test_18618,clear primary
test_18619,cloudy
test_18620,clear primary agriculture cultivation
test_18621,clear primary water
test_18622,cloudy
test_18623,clear primary agriculture cultivation road
test_18624,partly_cloudy primary
test_18625,clear haze primary agriculture road
test_18626,clear primary agriculture cultivation
test_18627,clear primary agriculture cultivation
test_18628,partly_cloudy primary
test_18629,clear primary agriculture cultivation road
test_18630,clear primary
test_18631,clear primary water
test_18632,clear primary agriculture cultivation
test_18633,partly_cloudy cloudy primary
test_18634,clear primary
test_18635,clear primary agriculture water habitation road
test_18636,clear primary
test_18637,clear primary
test_18638,cloudy
test_18639,clear primary
test_18640,clear primary
test_18641,clear primary agriculture cultivation
test_18642,partly_cloudy primary
test_18643,clear primary agriculture road
test_18644,clear primary agriculture habitation road
test_18645,clear primary
test_18646,clear primary
test_18647,clear primary
test_18648,clear primary agriculture habitation road
test_18649,clear primary cultivation
test_18650,clear primary agriculture habitation road
test_18651,clear primary agriculture water cultivation road
test_18652,clear primary
test_18653,clear primary
test_18654,clear primary
test_18655,clear primary
test_18656,clear primary agriculture cultivation
test_18657,clear primary
test_18658,clear primary
test_18659,clear primary agriculture road
test_18660,clear primary
test_18661,haze primary
test_18662,clear primary agriculture cultivation habitation road
test_18663,clear primary agriculture road
test_18664,clear primary
test_18665,clear primary agriculture
test_18666,haze primary
test_18667,clear haze primary agriculture water road
test_18668,partly_cloudy primary
test_18669,clear primary blooming
test_18670,clear primary agriculture water
test_18671,partly_cloudy primary agriculture habitation road
test_18672,clear primary
test_18673,clear primary water
test_18674,clear primary agriculture road
test_18675,clear primary
test_18676,clear primary
test_18677,clear primary
test_18678,clear primary
test_18679,clear primary
test_18680,clear primary agriculture cultivation road
test_18681,clear partly_cloudy primary agriculture cultivation
test_18682,clear primary
test_18683,partly_cloudy primary water
test_18684,clear primary
test_18685,partly_cloudy cloudy primary water
test_18686,clear primary agriculture water road
test_18687,clear primary
test_18688,clear primary
test_18689,clear primary agriculture
test_18690,partly_cloudy primary agriculture cultivation
test_18691,cloudy
test_18692,clear primary
test_18693,partly_cloudy primary agriculture water
test_18694,clear primary
test_18695,haze cloudy primary
test_18696,clear primary
test_18697,clear primary
test_18698,clear primary agriculture habitation road
test_18699,haze primary
test_18700,clear primary
test_18701,clear primary agriculture water road
test_18702,clear primary
test_18703,haze partly_cloudy primary
test_18704,clear primary agriculture habitation road
test_18705,clear partly_cloudy primary
test_18706,clear primary agriculture cultivation
test_18707,partly_cloudy primary water
test_18708,clear primary
test_18709,clear primary agriculture road
test_18710,clear primary agriculture habitation road
test_18711,partly_cloudy primary agriculture
test_18712,clear primary agriculture water
test_18713,clear primary
test_18714,clear primary
test_18715,clear primary
test_18716,partly_cloudy primary water
test_18717,clear primary agriculture cultivation
test_18718,haze cloudy primary
test_18719,clear primary
test_18720,clear partly_cloudy primary
test_18721,clear primary
test_18722,cloudy
test_18723,clear primary water
test_18724,clear primary
test_18725,haze partly_cloudy primary agriculture cultivation
test_18726,clear primary
test_18727,clear primary agriculture road
test_18728,partly_cloudy primary agriculture water road
test_18729,clear primary water
test_18730,clear primary
test_18731,clear partly_cloudy primary agriculture cultivation
test_18732,clear primary
test_18733,clear primary agriculture cultivation road
test_18734,partly_cloudy primary agriculture water cultivation
test_18735,clear primary agriculture road
test_18736,clear primary
test_18737,clear primary agriculture habitation road
test_18738,partly_cloudy primary
test_18739,clear primary
test_18740,clear primary agriculture water cultivation
test_18741,clear primary agriculture water cultivation
test_18742,clear primary agriculture habitation road
test_18743,clear primary
test_18744,clear partly_cloudy primary
test_18745,cloudy
test_18746,partly_cloudy primary agriculture water
test_18747,clear primary
test_18748,clear primary agriculture cultivation habitation road
test_18749,clear primary
test_18750,clear primary
test_18751,clear primary
test_18752,clear primary
test_18753,partly_cloudy primary agriculture cultivation
test_18754,partly_cloudy primary agriculture water road
test_18755,clear primary agriculture water habitation road
test_18756,partly_cloudy primary
test_18757,clear primary
test_18758,clear primary agriculture water cultivation habitation
test_18759,partly_cloudy primary agriculture cultivation road
test_18760,clear primary
test_18761,clear primary
test_18762,clear primary
test_18763,partly_cloudy primary agriculture cultivation
test_18764,clear haze primary agriculture water
test_18765,clear primary agriculture water
test_18766,clear primary
test_18767,clear primary
test_18768,clear primary
test_18769,clear primary agriculture water cultivation
test_18770,clear primary
test_18771,clear primary agriculture road
test_18772,clear primary water
test_18773,clear primary agriculture road
test_18774,clear primary agriculture water cultivation habitation
test_18775,clear primary agriculture habitation road
test_18776,partly_cloudy primary agriculture road
test_18777,clear haze primary agriculture water road
test_18778,clear primary water artisinal_mine
test_18779,clear primary agriculture cultivation
test_18780,clear primary
test_18781,clear primary
test_18782,clear primary
test_18783,clear primary
test_18784,clear haze primary
test_18785,partly_cloudy primary agriculture road
test_18786,clear haze primary agriculture road
test_18787,partly_cloudy primary agriculture
test_18788,clear primary agriculture road
test_18789,clear primary
test_18790,clear primary
test_18791,clear primary
test_18792,clear partly_cloudy primary agriculture cultivation
test_18793,clear primary agriculture water
test_18794,haze cloudy primary
test_18795,haze primary
test_18796,clear primary agriculture
test_18797,clear primary
test_18798,clear primary agriculture cultivation
test_18799,clear primary
test_18800,clear primary agriculture cultivation
test_18801,clear primary
test_18802,clear haze primary
test_18803,partly_cloudy primary agriculture water cultivation habitation
test_18804,clear primary agriculture water cultivation
test_18805,clear primary
test_18806,clear primary agriculture cultivation
test_18807,clear primary
test_18808,clear primary agriculture water road
test_18809,clear primary
test_18810,haze partly_cloudy primary water
test_18811,clear primary
test_18812,partly_cloudy primary agriculture road
test_18813,clear primary
test_18814,partly_cloudy primary agriculture water
test_18815,clear primary agriculture cultivation habitation road
test_18816,clear primary agriculture cultivation
test_18817,clear primary
test_18818,clear primary agriculture water road
test_18819,clear primary water road
test_18820,clear primary agriculture habitation road
test_18821,clear primary
test_18822,clear haze primary
test_18823,clear primary
test_18824,partly_cloudy primary agriculture cultivation habitation road
test_18825,clear primary agriculture road
test_18826,clear primary
test_18827,clear primary
test_18828,partly_cloudy primary agriculture cultivation road
test_18829,partly_cloudy primary
test_18830,clear primary agriculture water cultivation
test_18831,clear primary
test_18832,partly_cloudy primary agriculture cultivation road
test_18833,clear primary
test_18834,clear primary
test_18835,clear partly_cloudy primary
test_18836,partly_cloudy primary water road
test_18837,clear primary
test_18838,clear primary
test_18839,partly_cloudy cloudy primary road
test_18840,clear primary
test_18841,cloudy
test_18842,clear primary
test_18843,clear primary
test_18844,clear primary
test_18845,partly_cloudy primary agriculture
test_18846,haze primary
test_18847,haze primary agriculture water
test_18848,clear primary
test_18849,partly_cloudy primary water
test_18850,clear primary agriculture road
test_18851,haze primary agriculture water road
test_18852,partly_cloudy cloudy primary
test_18853,clear primary
test_18854,clear primary
test_18855,haze primary agriculture water
test_18856,partly_cloudy primary agriculture habitation road
test_18857,partly_cloudy primary
test_18858,clear primary agriculture water cultivation habitation
test_18859,clear primary agriculture habitation road bare_ground
test_18860,clear primary
test_18861,clear partly_cloudy primary agriculture water habitation road
test_18862,clear primary agriculture cultivation
test_18863,clear primary
test_18864,cloudy
test_18865,clear primary water road
test_18866,clear primary water
test_18867,clear primary
test_18868,clear primary agriculture cultivation habitation road
test_18869,cloudy
test_18870,clear primary
test_18871,clear primary agriculture cultivation
test_18872,clear primary agriculture habitation road bare_ground
test_18873,clear primary
test_18874,clear primary agriculture cultivation road
test_18875,clear haze primary agriculture cultivation
test_18876,partly_cloudy cloudy primary
test_18877,clear primary
test_18878,clear primary agriculture water road
test_18879,clear primary
test_18880,haze cloudy primary
test_18881,haze primary
test_18882,clear primary
test_18883,cloudy
test_18884,clear primary
test_18885,clear primary agriculture road
test_18886,clear primary
test_18887,clear primary
test_18888,cloudy
test_18889,clear primary agriculture cultivation
test_18890,clear cloudy water
test_18891,clear primary agriculture cultivation
test_18892,clear cloudy water
test_18893,partly_cloudy primary
test_18894,clear primary
test_18895,clear primary selective_logging
test_18896,clear primary
test_18897,clear primary
test_18898,clear haze primary
test_18899,clear primary agriculture cultivation
test_18900,clear primary agriculture habitation road
test_18901,clear primary water
test_18902,clear primary
test_18903,clear primary agriculture cultivation road
test_18904,clear cloudy water
test_18905,partly_cloudy cloudy primary water
test_18906,clear primary agriculture
test_18907,clear cloudy water
test_18908,partly_cloudy cloudy
test_18909,clear primary habitation road
test_18910,clear primary water habitation
test_18911,clear primary
test_18912,clear primary agriculture water cultivation habitation road
test_18913,clear primary agriculture habitation road
test_18914,clear primary agriculture water road
test_18915,clear cloudy agriculture water bare_ground
test_18916,partly_cloudy primary
test_18917,clear primary
test_18918,clear primary
test_18919,clear primary agriculture water
test_18920,haze primary
test_18921,partly_cloudy primary
test_18922,clear primary water
test_18923,clear primary agriculture cultivation road
test_18924,clear primary
test_18925,clear primary agriculture water habitation road
test_18926,clear primary agriculture road bare_ground
test_18927,clear primary agriculture cultivation habitation road
test_18928,clear primary blooming selective_logging
test_18929,clear primary
test_18930,clear primary
test_18931,clear primary agriculture habitation road
test_18932,clear primary agriculture road
test_18933,partly_cloudy primary
test_18934,haze cloudy primary
test_18935,haze cloudy primary
test_18936,clear primary
test_18937,clear primary agriculture road
test_18938,clear primary agriculture cultivation
test_18939,clear primary agriculture bare_ground
test_18940,clear primary agriculture cultivation
test_18941,clear primary
test_18942,clear primary
test_18943,haze primary
test_18944,clear primary water
test_18945,clear primary
test_18946,clear primary
test_18947,clear cloudy water
test_18948,clear primary agriculture
test_18949,haze primary
test_18950,clear primary agriculture cultivation
test_18951,clear primary
test_18952,haze cloudy primary water
test_18953,clear primary
test_18954,haze primary
test_18955,clear primary agriculture cultivation road
test_18956,clear primary agriculture habitation road
test_18957,cloudy
test_18958,partly_cloudy primary
test_18959,clear primary
test_18960,clear primary agriculture cultivation
test_18961,cloudy
test_18962,clear primary agriculture road
test_18963,partly_cloudy cloudy primary
test_18964,clear primary habitation road
test_18965,clear primary agriculture road
test_18966,clear primary agriculture water habitation road conventional_mine bare_ground artisinal_mine
test_18967,haze cloudy primary water
test_18968,clear primary agriculture cultivation
test_18969,partly_cloudy primary
test_18970,clear primary
test_18971,clear primary water
test_18972,clear primary
test_18973,clear partly_cloudy primary agriculture cultivation
test_18974,clear primary
test_18975,clear primary
test_18976,partly_cloudy primary
test_18977,clear primary agriculture water cultivation
test_18978,clear primary
test_18979,clear primary agriculture water cultivation habitation
test_18980,clear primary agriculture water habitation road
test_18981,clear primary
test_18982,clear primary agriculture cultivation habitation road
test_18983,partly_cloudy primary
test_18984,clear primary
test_18985,clear primary
test_18986,haze cloudy
test_18987,clear primary agriculture road
test_18988,clear primary
test_18989,clear primary agriculture cultivation
test_18990,clear primary
test_18991,clear primary
test_18992,haze primary
test_18993,clear primary
test_18994,clear primary
test_18995,clear primary agriculture cultivation
test_18996,partly_cloudy primary
test_18997,clear primary agriculture habitation road
test_18998,clear primary agriculture water
test_18999,clear primary
test_19000,clear primary water
test_19001,cloudy
test_19002,clear primary agriculture cultivation habitation road
test_19003,haze partly_cloudy primary
test_19004,clear primary
test_19005,cloudy
test_19006,clear primary
test_19007,clear primary
test_19008,partly_cloudy primary agriculture cultivation
test_19009,clear primary habitation road
test_19010,clear primary agriculture water cultivation habitation
test_19011,clear primary agriculture habitation road
test_19012,partly_cloudy primary agriculture
test_19013,clear primary
test_19014,clear primary agriculture water habitation road
test_19015,clear primary water artisinal_mine
test_19016,clear primary agriculture road
test_19017,cloudy
test_19018,clear primary agriculture water
test_19019,partly_cloudy primary
test_19020,clear primary
test_19021,clear primary
test_19022,haze primary agriculture water
test_19023,partly_cloudy primary
test_19024,clear primary water artisinal_mine
test_19025,clear primary agriculture water habitation road
test_19026,clear primary
test_19027,clear primary
test_19028,clear primary
test_19029,clear primary agriculture habitation road
test_19030,clear primary water artisinal_mine
test_19031,partly_cloudy primary
test_19032,clear primary
test_19033,clear primary
test_19034,partly_cloudy primary agriculture water cultivation road
test_19035,clear primary
test_19036,clear primary agriculture habitation road
test_19037,clear primary blooming
test_19038,clear primary
test_19039,clear primary agriculture cultivation habitation
test_19040,cloudy
test_19041,clear primary
test_19042,clear primary agriculture cultivation
test_19043,clear primary agriculture cultivation
test_19044,clear primary
test_19045,clear primary agriculture water
test_19046,clear primary agriculture habitation road
test_19047,clear primary agriculture water road
test_19048,clear primary
test_19049,clear primary
test_19050,partly_cloudy primary agriculture
test_19051,clear primary agriculture cultivation
test_19052,clear primary water
test_19053,clear primary agriculture cultivation habitation
test_19054,clear haze primary agriculture cultivation
test_19055,clear primary agriculture
test_19056,clear primary
test_19057,clear primary
test_19058,cloudy
test_19059,clear primary
test_19060,clear primary agriculture cultivation
test_19061,clear primary agriculture cultivation
test_19062,clear primary agriculture cultivation
test_19063,clear primary
test_19064,clear partly_cloudy primary
test_19065,partly_cloudy primary
test_19066,clear primary
test_19067,clear primary agriculture water
test_19068,clear cloudy primary water
test_19069,clear primary
test_19070,clear primary
test_19071,clear primary
test_19072,clear primary agriculture habitation road
test_19073,clear primary
test_19074,clear primary
test_19075,clear primary
test_19076,cloudy
test_19077,clear cloudy water
test_19078,clear primary agriculture cultivation habitation
test_19079,clear primary agriculture
test_19080,clear primary water
test_19081,clear primary agriculture road
test_19082,clear primary
test_19083,clear primary
test_19084,clear primary agriculture road
test_19085,clear primary
test_19086,clear primary
test_19087,partly_cloudy primary
test_19088,clear primary
test_19089,clear primary agriculture cultivation
test_19090,clear primary agriculture cultivation habitation road
test_19091,clear primary water artisinal_mine
test_19092,clear haze primary agriculture cultivation habitation
test_19093,partly_cloudy primary
test_19094,clear primary
test_19095,clear primary
test_19096,clear primary agriculture water cultivation road
test_19097,partly_cloudy cloudy primary
test_19098,clear primary agriculture water road
test_19099,clear primary agriculture water
test_19100,clear primary agriculture road
test_19101,clear primary
test_19102,clear partly_cloudy primary agriculture habitation road
test_19103,clear primary agriculture water cultivation
test_19104,clear primary blooming
test_19105,clear primary
test_19106,clear primary
test_19107,clear primary agriculture cultivation
test_19108,partly_cloudy primary agriculture
test_19109,clear primary water
test_19110,partly_cloudy primary
test_19111,clear primary agriculture cultivation
test_19112,partly_cloudy primary agriculture cultivation
test_19113,clear primary
test_19114,clear primary
test_19115,haze cloudy primary
test_19116,clear primary
test_19117,clear primary
test_19118,clear primary
test_19119,clear primary
test_19120,clear primary
test_19121,clear primary
test_19122,partly_cloudy primary
test_19123,clear primary
test_19124,clear primary agriculture water road
test_19125,partly_cloudy primary
test_19126,clear primary water artisinal_mine
test_19127,clear primary agriculture habitation road
test_19128,partly_cloudy primary agriculture
test_19129,clear primary
test_19130,clear primary
test_19131,partly_cloudy primary
test_19132,haze primary
test_19133,clear primary
test_19134,clear primary agriculture water
test_19135,partly_cloudy primary
test_19136,clear primary
test_19137,clear primary
test_19138,haze partly_cloudy primary
test_19139,clear primary water
test_19140,partly_cloudy primary
test_19141,clear primary
test_19142,clear primary agriculture road
test_19143,cloudy
test_19144,clear primary water artisinal_mine
test_19145,clear primary
test_19146,clear primary agriculture cultivation
test_19147,cloudy
test_19148,clear primary cultivation
test_19149,partly_cloudy cloudy primary
test_19150,clear primary
test_19151,clear primary agriculture road bare_ground
test_19152,clear primary agriculture water habitation road
test_19153,clear primary agriculture road
test_19154,clear primary agriculture water cultivation
test_19155,clear primary
test_19156,partly_cloudy primary agriculture water
test_19157,clear primary
test_19158,clear primary
test_19159,partly_cloudy primary
test_19160,clear primary
test_19161,clear primary
test_19162,clear primary road selective_logging
test_19163,clear primary agriculture water cultivation habitation road
test_19164,partly_cloudy primary agriculture water cultivation road
test_19165,clear primary agriculture road
test_19166,clear cloudy primary agriculture bare_ground
test_19167,partly_cloudy primary agriculture
test_19168,clear primary agriculture
test_19169,clear haze primary agriculture
test_19170,clear partly_cloudy primary water
test_19171,clear haze primary agriculture road
test_19172,clear primary
test_19173,clear partly_cloudy primary agriculture
test_19174,clear primary agriculture habitation road
test_19175,clear primary agriculture cultivation
test_19176,clear primary agriculture road
test_19177,clear primary agriculture
test_19178,clear primary agriculture cultivation
test_19179,clear primary
test_19180,clear haze primary
test_19181,clear primary
test_19182,haze cloudy primary water
test_19183,clear primary agriculture water road
test_19184,clear primary agriculture cultivation
test_19185,clear primary agriculture habitation road
test_19186,clear primary
test_19187,clear primary
test_19188,cloudy
test_19189,cloudy
test_19190,partly_cloudy cloudy
test_19191,haze primary
test_19192,clear primary
test_19193,clear primary
test_19194,clear primary agriculture cultivation
test_19195,clear primary water road
test_19196,haze cloudy
test_19197,clear primary
test_19198,clear primary
test_19199,clear primary
test_19200,clear primary
test_19201,partly_cloudy primary agriculture
test_19202,haze primary
test_19203,clear primary agriculture cultivation
test_19204,clear primary
test_19205,haze primary
test_19206,partly_cloudy primary
test_19207,clear primary agriculture habitation road
test_19208,clear primary
test_19209,clear primary agriculture cultivation habitation
test_19210,clear primary agriculture cultivation road
test_19211,clear primary agriculture habitation road
test_19212,clear primary agriculture habitation road
test_19213,partly_cloudy primary agriculture cultivation
test_19214,clear primary
test_19215,clear primary agriculture cultivation
test_19216,haze primary water
test_19217,clear primary road
test_19218,clear haze primary agriculture
test_19219,clear primary
test_19220,partly_cloudy primary agriculture habitation road
test_19221,clear primary agriculture cultivation
test_19222,partly_cloudy primary agriculture road
test_19223,clear primary
test_19224,clear primary
test_19225,clear primary agriculture cultivation
test_19226,clear primary
test_19227,clear primary
test_19228,clear primary
test_19229,clear primary agriculture cultivation
test_19230,clear primary
test_19231,partly_cloudy primary agriculture water road
test_19232,haze cloudy primary
test_19233,clear haze primary
test_19234,clear primary agriculture water
test_19235,partly_cloudy primary
test_19236,haze primary agriculture water
test_19237,partly_cloudy primary agriculture
test_19238,partly_cloudy primary
test_19239,clear primary
test_19240,partly_cloudy primary
test_19241,clear partly_cloudy primary
test_19242,clear primary agriculture water road
test_19243,partly_cloudy cloudy primary water
test_19244,clear partly_cloudy primary agriculture cultivation
test_19245,clear primary
test_19246,clear primary agriculture water
test_19247,clear partly_cloudy primary agriculture road
test_19248,clear primary
test_19249,partly_cloudy primary
test_19250,partly_cloudy primary
test_19251,clear primary
test_19252,clear haze primary water
test_19253,clear primary
test_19254,clear primary
test_19255,haze primary agriculture water
test_19256,clear primary agriculture water
test_19257,haze primary
test_19258,clear primary agriculture
test_19259,cloudy
test_19260,clear primary agriculture water
test_19261,clear primary blooming
test_19262,clear primary agriculture cultivation road
test_19263,clear primary
test_19264,clear primary
test_19265,clear primary
test_19266,clear primary agriculture cultivation
test_19267,clear primary
test_19268,clear primary
test_19269,clear primary agriculture water cultivation habitation road
test_19270,clear primary
test_19271,clear primary
test_19272,haze cloudy primary
test_19273,haze primary agriculture water
test_19274,clear primary agriculture road
test_19275,clear partly_cloudy primary
test_19276,partly_cloudy primary agriculture cultivation habitation road
test_19277,clear partly_cloudy primary
test_19278,partly_cloudy primary agriculture habitation road
test_19279,clear primary
test_19280,clear primary agriculture habitation road
test_19281,partly_cloudy primary water
test_19282,clear primary habitation road
test_19283,cloudy
test_19284,clear primary agriculture cultivation
test_19285,partly_cloudy primary water road
test_19286,clear primary agriculture cultivation
test_19287,clear primary
test_19288,clear primary
test_19289,cloudy
test_19290,clear primary agriculture habitation road
test_19291,clear primary
test_19292,partly_cloudy primary agriculture road
test_19293,clear primary agriculture water
test_19294,partly_cloudy primary
test_19295,clear primary
test_19296,clear primary
test_19297,partly_cloudy primary agriculture water
test_19298,clear haze primary
test_19299,haze cloudy primary
test_19300,partly_cloudy primary
test_19301,clear primary agriculture water cultivation habitation
test_19302,clear primary agriculture water habitation
test_19303,partly_cloudy primary water road
test_19304,clear primary water road selective_logging
test_19305,clear partly_cloudy primary agriculture water habitation road
test_19306,clear primary agriculture water cultivation
test_19307,clear primary
test_19308,clear primary
test_19309,partly_cloudy primary agriculture water road
test_19310,clear primary
test_19311,partly_cloudy primary agriculture
test_19312,cloudy
test_19313,clear primary water
test_19314,clear primary agriculture water road
test_19315,clear primary agriculture road
test_19316,partly_cloudy primary water road
test_19317,cloudy
test_19318,haze partly_cloudy primary
test_19319,haze primary
test_19320,clear primary agriculture cultivation
test_19321,partly_cloudy primary agriculture water road
test_19322,partly_cloudy primary
test_19323,clear primary agriculture cultivation
test_19324,clear primary water road selective_logging
test_19325,clear primary
test_19326,clear primary
test_19327,partly_cloudy primary
test_19328,clear primary agriculture road
test_19329,clear primary
test_19330,clear primary agriculture road
test_19331,haze primary
test_19332,partly_cloudy primary agriculture water
test_19333,clear partly_cloudy primary
test_19334,clear primary
test_19335,haze cloudy primary
test_19336,haze cloudy
test_19337,clear primary agriculture cultivation habitation road
test_19338,clear partly_cloudy primary
test_19339,clear primary agriculture water habitation road
test_19340,clear primary
test_19341,cloudy
test_19342,clear primary water road
test_19343,clear primary water road
test_19344,clear primary
test_19345,clear primary agriculture
test_19346,clear primary
test_19347,clear primary water road
test_19348,clear primary water road
test_19349,clear primary agriculture water road bare_ground
test_19350,clear primary water road selective_logging
test_19351,partly_cloudy cloudy primary
test_19352,clear primary
test_19353,clear primary blooming
test_19354,haze primary water
test_19355,clear primary agriculture road
test_19356,clear primary
test_19357,partly_cloudy primary agriculture road
test_19358,partly_cloudy primary agriculture road
test_19359,haze cloudy
test_19360,clear primary water
test_19361,partly_cloudy primary
test_19362,partly_cloudy primary agriculture road
test_19363,clear primary
test_19364,clear primary agriculture water habitation road bare_ground
test_19365,clear primary
test_19366,clear primary agriculture habitation road
test_19367,clear cloudy water
test_19368,clear primary blooming selective_logging
test_19369,clear primary blooming
test_19370,clear primary agriculture road
test_19371,clear partly_cloudy primary agriculture road
test_19372,clear primary agriculture cultivation
test_19373,clear primary agriculture cultivation
test_19374,clear primary
test_19375,clear primary agriculture cultivation
test_19376,clear primary agriculture water habitation road
test_19377,clear primary agriculture cultivation
test_19378,clear primary agriculture water cultivation
test_19379,clear primary
test_19380,clear primary
test_19381,clear primary water road
test_19382,clear primary water
test_19383,clear primary water
test_19384,clear primary
test_19385,clear primary agriculture cultivation
test_19386,clear primary agriculture habitation road
test_19387,clear primary agriculture habitation road
test_19388,clear primary agriculture water road
test_19389,partly_cloudy primary agriculture
test_19390,cloudy
test_19391,clear primary agriculture road
test_19392,clear primary
test_19393,haze cloudy primary
test_19394,clear primary agriculture
test_19395,clear primary agriculture cultivation
test_19396,partly_cloudy primary agriculture water
test_19397,partly_cloudy primary
test_19398,clear primary
test_19399,clear primary
test_19400,clear primary
test_19401,partly_cloudy primary agriculture water
test_19402,clear primary water road
test_19403,partly_cloudy primary agriculture
test_19404,clear primary
test_19405,clear primary
test_19406,clear primary agriculture water road
test_19407,clear primary agriculture habitation road
test_19408,clear primary
test_19409,clear primary
test_19410,clear primary
test_19411,clear primary
test_19412,partly_cloudy primary water
test_19413,clear primary
test_19414,clear primary agriculture road
test_19415,clear primary
test_19416,clear primary
test_19417,partly_cloudy primary agriculture cultivation
test_19418,clear primary
test_19419,partly_cloudy primary
test_19420,partly_cloudy primary
test_19421,haze cloudy primary
test_19422,clear primary
test_19423,clear haze primary water
test_19424,clear primary water road selective_logging
test_19425,partly_cloudy primary agriculture
test_19426,clear primary water road
test_19427,clear primary water
test_19428,clear primary road selective_logging
test_19429,clear primary
test_19430,clear haze cloudy primary water
test_19431,partly_cloudy primary
test_19432,cloudy
test_19433,clear primary agriculture habitation road
test_19434,clear primary
test_19435,clear primary agriculture cultivation
test_19436,clear primary
test_19437,partly_cloudy primary
test_19438,clear partly_cloudy primary
test_19439,clear primary
test_19440,clear primary
test_19441,haze cloudy primary
test_19442,partly_cloudy primary
test_19443,partly_cloudy primary
test_19444,partly_cloudy primary
test_19445,partly_cloudy primary agriculture water road
test_19446,clear primary water
test_19447,clear primary agriculture habitation road
test_19448,clear primary agriculture water
test_19449,clear haze primary water
test_19450,partly_cloudy primary agriculture water
test_19451,clear primary agriculture cultivation habitation road
test_19452,clear primary
test_19453,clear primary agriculture cultivation
test_19454,partly_cloudy primary water
test_19455,partly_cloudy primary agriculture habitation road
test_19456,clear primary
test_19457,clear primary agriculture water
test_19458,partly_cloudy primary agriculture
test_19459,clear primary agriculture cultivation habitation road
test_19460,clear primary
test_19461,partly_cloudy primary agriculture road
test_19462,clear primary agriculture water cultivation
test_19463,partly_cloudy primary agriculture
test_19464,clear primary
test_19465,haze primary
test_19466,partly_cloudy primary agriculture road
test_19467,clear primary
test_19468,clear primary agriculture water cultivation
test_19469,partly_cloudy primary
test_19470,clear primary
test_19471,haze primary
test_19472,clear primary
test_19473,clear primary water artisinal_mine
test_19474,clear primary
test_19475,clear primary agriculture water road
test_19476,clear primary agriculture water cultivation
test_19477,clear primary
test_19478,partly_cloudy primary agriculture habitation road
test_19479,clear primary agriculture habitation road
test_19480,clear primary
test_19481,clear primary water
test_19482,clear primary
test_19483,clear primary water road selective_logging
test_19484,clear primary agriculture cultivation
test_19485,clear primary agriculture road
test_19486,clear primary cultivation
test_19487,clear primary water
test_19488,partly_cloudy primary agriculture cultivation habitation
test_19489,clear primary
test_19490,clear primary agriculture cultivation
test_19491,clear primary
test_19492,partly_cloudy primary
test_19493,partly_cloudy primary
test_19494,clear primary
test_19495,clear partly_cloudy primary agriculture
test_19496,clear haze primary agriculture cultivation
test_19497,clear primary agriculture water habitation road
test_19498,clear primary water road bare_ground artisinal_mine selective_logging
test_19499,clear primary
test_19500,clear primary agriculture cultivation habitation road
test_19501,clear primary agriculture road
test_19502,clear primary
test_19503,clear primary agriculture cultivation habitation road
test_19504,clear primary
test_19505,clear primary
test_19506,clear primary
test_19507,clear primary
test_19508,clear primary
test_19509,clear primary
test_19510,clear primary agriculture cultivation
test_19511,clear primary agriculture
test_19512,clear primary
test_19513,partly_cloudy primary
test_19514,clear primary
test_19515,clear primary agriculture water road
test_19516,partly_cloudy primary agriculture water
test_19517,cloudy
test_19518,clear primary habitation road
test_19519,clear primary agriculture habitation road
test_19520,clear primary
test_19521,clear haze primary
test_19522,clear primary
test_19523,clear primary
test_19524,partly_cloudy primary
test_19525,clear primary agriculture road
test_19526,clear haze primary
test_19527,clear primary agriculture cultivation habitation road
test_19528,clear haze primary water
test_19529,partly_cloudy primary agriculture cultivation
test_19530,clear haze primary water
test_19531,clear primary water bare_ground artisinal_mine
test_19532,clear primary
test_19533,partly_cloudy primary water
test_19534,clear primary
test_19535,clear primary water
test_19536,clear primary agriculture habitation road
test_19537,clear primary agriculture cultivation habitation road
test_19538,partly_cloudy primary
test_19539,clear primary agriculture cultivation
test_19540,clear primary
test_19541,clear primary
test_19542,clear primary water road conventional_mine bare_ground artisinal_mine selective_logging
test_19543,clear primary
test_19544,haze primary
test_19545,clear primary agriculture water cultivation
test_19546,clear primary
test_19547,partly_cloudy primary
test_19548,partly_cloudy primary
test_19549,clear primary
test_19550,partly_cloudy primary
test_19551,clear primary agriculture cultivation habitation
test_19552,clear primary agriculture water cultivation habitation road
test_19553,clear primary
test_19554,clear primary agriculture cultivation habitation road
test_19555,clear primary water
test_19556,clear haze primary water road
test_19557,clear primary
test_19558,clear haze primary agriculture cultivation
test_19559,clear primary agriculture water road
test_19560,cloudy
test_19561,clear primary
test_19562,clear primary
test_19563,clear primary
test_19564,cloudy
test_19565,clear haze primary
test_19566,clear primary water road
test_19567,clear primary agriculture road
test_19568,clear primary agriculture water habitation road
test_19569,partly_cloudy primary agriculture water
test_19570,clear primary
test_19571,clear primary agriculture road
test_19572,clear primary
test_19573,clear primary water
test_19574,clear primary
test_19575,clear primary agriculture road
test_19576,clear primary
test_19577,clear primary agriculture water habitation road
test_19578,clear primary agriculture cultivation
test_19579,clear primary agriculture water cultivation habitation road
test_19580,clear primary agriculture cultivation
test_19581,clear primary agriculture cultivation habitation road
test_19582,clear primary water road
test_19583,clear primary
test_19584,clear partly_cloudy primary
test_19585,haze cloudy primary water
test_19586,clear primary
test_19587,cloudy
test_19588,clear primary
test_19589,clear primary agriculture habitation road
test_19590,partly_cloudy primary
test_19591,clear primary agriculture
test_19592,partly_cloudy cloudy primary
test_19593,clear primary agriculture cultivation
test_19594,partly_cloudy primary
test_19595,clear primary
test_19596,clear primary agriculture cultivation road
test_19597,partly_cloudy primary
test_19598,clear primary
test_19599,clear primary
test_19600,clear primary
test_19601,partly_cloudy primary agriculture water road
test_19602,clear primary
test_19603,partly_cloudy primary
test_19604,clear primary
test_19605,clear primary
test_19606,partly_cloudy primary agriculture road
test_19607,clear primary
test_19608,clear primary
test_19609,clear primary agriculture habitation road bare_ground
test_19610,clear primary
test_19611,partly_cloudy primary
test_19612,clear primary
test_19613,clear primary
test_19614,clear partly_cloudy primary
test_19615,clear primary water road
test_19616,clear primary
test_19617,clear primary
test_19618,partly_cloudy primary agriculture cultivation road
test_19619,clear primary
test_19620,clear primary
test_19621,clear primary agriculture road
test_19622,clear primary water road
test_19623,clear primary
test_19624,clear partly_cloudy primary
test_19625,clear cloudy water
test_19626,clear primary water road
test_19627,clear primary agriculture water cultivation
test_19628,partly_cloudy primary agriculture road
test_19629,clear primary
test_19630,clear primary agriculture habitation road
test_19631,clear primary agriculture water habitation road
test_19632,clear primary
test_19633,partly_cloudy primary agriculture cultivation
test_19634,haze primary
test_19635,clear primary agriculture road
test_19636,clear primary agriculture water
test_19637,clear primary
test_19638,clear primary
test_19639,clear primary agriculture water road
test_19640,clear primary
test_19641,clear primary
test_19642,partly_cloudy primary
test_19643,clear primary water
test_19644,cloudy
test_19645,clear primary
test_19646,clear primary
test_19647,haze primary
test_19648,clear primary
test_19649,clear primary
test_19650,clear primary
test_19651,cloudy
test_19652,clear primary water habitation
test_19653,clear primary
test_19654,partly_cloudy cloudy
test_19655,partly_cloudy primary agriculture cultivation
test_19656,clear primary agriculture cultivation
test_19657,clear primary agriculture water habitation
test_19658,clear partly_cloudy primary
test_19659,clear primary agriculture cultivation
test_19660,clear primary agriculture cultivation
test_19661,partly_cloudy primary agriculture
test_19662,clear partly_cloudy primary agriculture
test_19663,clear haze primary water
test_19664,clear partly_cloudy primary
test_19665,haze partly_cloudy primary
test_19666,clear primary
test_19667,clear primary
test_19668,cloudy
test_19669,haze cloudy primary
test_19670,clear primary agriculture habitation road
test_19671,partly_cloudy primary
test_19672,partly_cloudy primary agriculture
test_19673,clear primary
test_19674,clear primary
test_19675,clear partly_cloudy primary agriculture cultivation
test_19676,clear primary
test_19677,clear primary
test_19678,clear primary
test_19679,clear primary agriculture water cultivation habitation
test_19680,clear primary agriculture water cultivation road
test_19681,clear primary agriculture water cultivation
test_19682,clear primary cultivation
test_19683,clear primary
test_19684,clear primary
test_19685,clear haze primary
test_19686,partly_cloudy primary agriculture
test_19687,clear primary agriculture water road bare_ground
test_19688,clear primary agriculture cultivation
test_19689,partly_cloudy cloudy primary
test_19690,clear primary
test_19691,clear primary water road
test_19692,clear primary
test_19693,cloudy
test_19694,clear primary blooming
test_19695,clear primary agriculture habitation road
test_19696,clear primary agriculture cultivation
test_19697,partly_cloudy primary
test_19698,clear primary water
test_19699,haze primary agriculture water road
test_19700,partly_cloudy primary agriculture water road
test_19701,clear primary agriculture road bare_ground
test_19702,clear primary
test_19703,clear primary agriculture cultivation
test_19704,clear primary agriculture habitation road
test_19705,clear primary
test_19706,clear primary agriculture bare_ground
test_19707,clear primary agriculture water
test_19708,clear primary
test_19709,clear primary agriculture habitation road
test_19710,clear primary agriculture cultivation habitation
test_19711,clear primary agriculture habitation road
test_19712,clear primary water
test_19713,clear haze primary agriculture road
test_19714,clear primary agriculture
test_19715,clear primary
test_19716,clear primary agriculture water road
test_19717,clear primary agriculture water cultivation habitation road
test_19718,clear primary
test_19719,clear primary
test_19720,clear primary
test_19721,clear primary agriculture habitation road
test_19722,clear primary agriculture road
test_19723,clear primary agriculture cultivation habitation road
test_19724,clear primary agriculture cultivation
test_19725,clear partly_cloudy primary
test_19726,clear primary
test_19727,clear primary
test_19728,partly_cloudy primary agriculture water cultivation habitation
test_19729,clear primary
test_19730,cloudy
test_19731,cloudy
test_19732,clear primary water habitation road
test_19733,cloudy
test_19734,clear primary agriculture water
test_19735,clear primary water
test_19736,clear primary water
test_19737,clear primary
test_19738,clear primary agriculture habitation road
test_19739,clear primary
test_19740,clear primary
test_19741,clear primary agriculture cultivation road
test_19742,clear primary
test_19743,clear primary
test_19744,clear primary
test_19745,clear primary
test_19746,partly_cloudy primary agriculture cultivation habitation road
test_19747,clear primary agriculture road
test_19748,clear primary
test_19749,clear primary agriculture cultivation habitation road
test_19750,haze primary agriculture water
test_19751,clear primary
test_19752,partly_cloudy primary
test_19753,clear primary
test_19754,clear haze primary water
test_19755,clear primary habitation road
test_19756,clear primary
test_19757,clear primary agriculture water cultivation
test_19758,clear partly_cloudy primary water
test_19759,haze primary
test_19760,partly_cloudy primary water
test_19761,clear primary
test_19762,partly_cloudy primary agriculture habitation road
test_19763,clear primary agriculture cultivation
test_19764,clear primary
test_19765,clear primary water
test_19766,cloudy
test_19767,clear primary water road
test_19768,clear primary
test_19769,clear primary
test_19770,clear primary
test_19771,partly_cloudy primary
test_19772,cloudy
test_19773,clear primary agriculture
test_19774,clear primary agriculture water road
test_19775,cloudy
test_19776,partly_cloudy primary
test_19777,clear primary
test_19778,cloudy
test_19779,clear primary
test_19780,clear primary
test_19781,clear primary water
test_19782,clear primary agriculture water road
test_19783,clear primary agriculture cultivation habitation
test_19784,clear primary
test_19785,clear primary agriculture water bare_ground
test_19786,clear partly_cloudy primary agriculture cultivation
test_19787,clear primary water
test_19788,clear primary agriculture road
test_19789,clear primary agriculture road
test_19790,partly_cloudy primary agriculture cultivation
test_19791,partly_cloudy cloudy primary
test_19792,clear primary
test_19793,clear primary
test_19794,clear partly_cloudy primary agriculture water habitation road
test_19795,clear primary
test_19796,clear primary
test_19797,partly_cloudy cloudy primary
test_19798,partly_cloudy primary agriculture road
test_19799,clear primary
test_19800,clear primary
test_19801,clear primary
test_19802,clear primary
test_19803,clear primary water
test_19804,clear primary
test_19805,clear primary agriculture cultivation habitation road
test_19806,clear primary
test_19807,haze cloudy primary
test_19808,clear primary agriculture
test_19809,partly_cloudy primary agriculture water road
test_19810,clear primary agriculture habitation road
test_19811,clear primary agriculture cultivation
test_19812,clear partly_cloudy primary agriculture habitation road
test_19813,clear haze primary agriculture cultivation
test_19814,clear primary agriculture habitation road
test_19815,clear primary
test_19816,clear primary
test_19817,clear primary agriculture water
test_19818,clear primary agriculture water cultivation
test_19819,partly_cloudy cloudy primary
test_19820,cloudy
test_19821,clear primary
test_19822,clear primary
test_19823,partly_cloudy primary
test_19824,clear primary
test_19825,clear haze cloudy primary water
test_19826,clear primary
test_19827,partly_cloudy primary
test_19828,clear primary
test_19829,partly_cloudy primary
test_19830,clear primary
test_19831,haze primary
test_19832,clear primary agriculture road
test_19833,partly_cloudy primary
test_19834,partly_cloudy primary
test_19835,clear primary agriculture cultivation
test_19836,partly_cloudy primary
test_19837,partly_cloudy primary agriculture water road
test_19838,partly_cloudy primary water
test_19839,clear primary agriculture cultivation
test_19840,clear primary water road
test_19841,clear primary
test_19842,partly_cloudy primary agriculture
test_19843,clear primary agriculture water cultivation habitation road
test_19844,clear primary agriculture cultivation habitation road
test_19845,clear haze primary agriculture water
test_19846,clear primary agriculture cultivation
test_19847,clear partly_cloudy primary
test_19848,clear primary
test_19849,clear primary agriculture water habitation road
test_19850,clear primary
test_19851,clear haze primary agriculture
test_19852,partly_cloudy primary water
test_19853,clear primary blooming
test_19854,clear primary
test_19855,clear primary agriculture water cultivation habitation road
test_19856,clear primary agriculture habitation road
test_19857,clear primary agriculture cultivation
test_19858,clear primary
test_19859,clear primary water
test_19860,cloudy
test_19861,clear primary agriculture
test_19862,partly_cloudy primary
test_19863,partly_cloudy primary agriculture cultivation road
test_19864,clear primary
test_19865,clear haze primary water
test_19866,clear primary
test_19867,haze cloudy primary
test_19868,clear haze primary
test_19869,clear primary agriculture water cultivation
test_19870,clear primary water road
test_19871,clear primary habitation road
test_19872,clear primary agriculture cultivation
test_19873,clear partly_cloudy primary agriculture cultivation road
test_19874,clear primary agriculture cultivation
test_19875,partly_cloudy primary agriculture water road
test_19876,clear primary
test_19877,clear haze primary
test_19878,partly_cloudy primary
test_19879,clear primary
test_19880,clear cloudy water
test_19881,clear primary agriculture
test_19882,clear primary habitation road
test_19883,clear primary
test_19884,haze cloudy primary
test_19885,clear haze primary
test_19886,clear primary
test_19887,clear primary
test_19888,haze primary
test_19889,clear primary agriculture cultivation
test_19890,clear primary
test_19891,clear primary agriculture cultivation habitation road
test_19892,clear haze primary agriculture
test_19893,partly_cloudy primary water
test_19894,clear primary water
test_19895,clear primary water
test_19896,clear primary agriculture habitation road
test_19897,clear primary agriculture cultivation road
test_19898,clear primary
test_19899,clear primary water
test_19900,clear primary agriculture cultivation habitation road
test_19901,clear primary
test_19902,clear primary
test_19903,partly_cloudy primary
test_19904,clear primary
test_19905,clear primary
test_19906,clear primary
test_19907,haze primary agriculture water road
test_19908,clear primary
test_19909,clear primary
test_19910,partly_cloudy primary agriculture
test_19911,partly_cloudy primary agriculture water
test_19912,clear primary agriculture water cultivation road
test_19913,partly_cloudy primary agriculture
test_19914,clear primary
test_19915,partly_cloudy primary agriculture cultivation
test_19916,clear primary
test_19917,partly_cloudy primary
test_19918,clear primary
test_19919,clear primary
test_19920,clear primary
test_19921,clear primary agriculture water
test_19922,partly_cloudy cloudy primary
test_19923,partly_cloudy primary agriculture cultivation road
test_19924,partly_cloudy primary
test_19925,haze primary agriculture water habitation road
test_19926,clear primary agriculture cultivation road
test_19927,partly_cloudy primary agriculture
test_19928,partly_cloudy primary
test_19929,clear primary agriculture cultivation road
test_19930,clear primary
test_19931,clear partly_cloudy primary water road
test_19932,partly_cloudy primary
test_19933,partly_cloudy primary agriculture water
test_19934,clear primary
test_19935,clear primary
test_19936,clear partly_cloudy primary water road
test_19937,clear primary
test_19938,clear primary
test_19939,partly_cloudy primary water road
test_19940,clear primary agriculture road
test_19941,clear primary
test_19942,clear primary agriculture water habitation road
test_19943,clear partly_cloudy primary agriculture water cultivation
test_19944,haze primary
test_19945,clear primary
test_19946,clear primary agriculture cultivation
test_19947,clear primary
test_19948,clear primary
test_19949,clear primary agriculture habitation road
test_19950,clear primary
test_19951,clear primary agriculture cultivation road
test_19952,cloudy
test_19953,clear primary blooming selective_logging
test_19954,haze cloudy
test_19955,clear primary agriculture cultivation
test_19956,clear primary agriculture cultivation
test_19957,clear primary
test_19958,partly_cloudy primary agriculture road
test_19959,clear primary
test_19960,partly_cloudy cloudy
test_19961,clear primary water
test_19962,clear primary
test_19963,clear haze primary agriculture cultivation
test_19964,clear primary agriculture habitation road
test_19965,clear primary agriculture road
test_19966,partly_cloudy primary
test_19967,clear primary
test_19968,clear haze primary agriculture habitation road
test_19969,partly_cloudy primary agriculture cultivation
test_19970,partly_cloudy primary
test_19971,clear primary
test_19972,clear primary agriculture cultivation habitation road
test_19973,clear primary agriculture cultivation
test_19974,clear primary agriculture cultivation
test_19975,clear cloudy water
test_19976,clear haze primary agriculture cultivation
test_19977,partly_cloudy primary
test_19978,clear primary agriculture habitation road
test_19979,clear primary agriculture
test_19980,clear cloudy primary agriculture water habitation road conventional_mine bare_ground artisinal_mine
test_19981,clear haze primary agriculture water cultivation road
test_19982,clear primary
test_19983,clear primary water road
test_19984,clear primary
test_19985,partly_cloudy primary agriculture
test_19986,clear partly_cloudy primary agriculture cultivation
test_19987,clear primary agriculture
test_19988,clear primary
test_19989,clear primary agriculture cultivation
test_19990,clear primary agriculture cultivation road
test_19991,clear primary
test_19992,clear partly_cloudy primary
test_19993,haze primary
test_19994,clear primary
test_19995,clear primary
test_19996,clear primary
test_19997,clear primary water road
test_19998,clear primary agriculture water road
test_19999,partly_cloudy primary
test_20000,clear primary agriculture cultivation habitation road
test_20001,partly_cloudy cloudy primary water
test_20002,clear partly_cloudy primary agriculture habitation road
test_20003,clear primary
test_20004,clear primary agriculture cultivation habitation road
test_20005,clear primary agriculture cultivation
test_20006,partly_cloudy primary
test_20007,partly_cloudy primary
test_20008,clear primary
test_20009,clear primary
test_20010,haze cloudy primary
test_20011,clear haze primary
test_20012,clear primary
test_20013,clear primary agriculture cultivation road
test_20014,clear primary agriculture cultivation road
test_20015,cloudy
test_20016,clear primary
test_20017,clear primary agriculture cultivation
test_20018,clear primary agriculture water cultivation habitation road selective_logging
test_20019,clear primary agriculture habitation road
test_20020,clear primary
test_20021,clear primary
test_20022,clear partly_cloudy primary
test_20023,clear primary agriculture cultivation habitation road
test_20024,clear primary water
test_20025,clear primary
test_20026,clear primary agriculture water habitation road
test_20027,clear primary agriculture water road
test_20028,clear primary
test_20029,clear primary agriculture cultivation road
test_20030,clear primary
test_20031,clear primary agriculture water cultivation
test_20032,clear primary
test_20033,clear primary
test_20034,haze primary
test_20035,clear primary agriculture water
test_20036,clear primary
test_20037,clear primary agriculture water bare_ground artisinal_mine
test_20038,clear primary
test_20039,clear primary agriculture water habitation road
test_20040,clear haze primary water
test_20041,partly_cloudy primary
test_20042,clear primary
test_20043,clear primary agriculture cultivation habitation road
test_20044,clear primary water
test_20045,clear primary
test_20046,clear primary agriculture
test_20047,clear primary
test_20048,partly_cloudy primary
test_20049,clear haze primary agriculture
test_20050,partly_cloudy primary agriculture water road
test_20051,clear primary
test_20052,clear primary
test_20053,clear primary
test_20054,clear primary agriculture water
test_20055,clear primary
test_20056,clear primary
test_20057,clear primary
test_20058,clear primary
test_20059,clear primary agriculture road
test_20060,partly_cloudy primary
test_20061,clear primary agriculture water habitation road
test_20062,clear primary agriculture water habitation road
test_20063,clear primary water
test_20064,clear primary
test_20065,clear primary
test_20066,haze cloudy primary water
test_20067,clear primary
test_20068,clear primary
test_20069,partly_cloudy primary agriculture habitation road
test_20070,clear primary agriculture cultivation
test_20071,clear primary
test_20072,clear haze primary agriculture water road
test_20073,partly_cloudy primary agriculture cultivation
test_20074,clear primary
test_20075,clear primary agriculture cultivation
test_20076,clear primary
test_20077,clear primary agriculture cultivation
test_20078,partly_cloudy primary agriculture road
test_20079,partly_cloudy primary agriculture cultivation road
test_20080,clear primary
test_20081,partly_cloudy primary
test_20082,clear primary agriculture habitation road
test_20083,cloudy
test_20084,clear primary agriculture water cultivation
test_20085,clear primary agriculture cultivation road
test_20086,clear primary water road
test_20087,partly_cloudy primary
test_20088,clear primary water road
test_20089,clear primary agriculture road
test_20090,partly_cloudy primary agriculture cultivation
test_20091,cloudy
test_20092,clear primary
test_20093,clear primary agriculture
test_20094,partly_cloudy primary agriculture
test_20095,clear partly_cloudy primary agriculture road
test_20096,clear primary
test_20097,partly_cloudy primary
test_20098,haze primary water
test_20099,clear primary agriculture habitation road
test_20100,clear primary
test_20101,clear primary cultivation
test_20102,clear primary
test_20103,clear primary
test_20104,clear primary agriculture
test_20105,clear primary
test_20106,partly_cloudy primary
test_20107,clear partly_cloudy primary agriculture
test_20108,clear primary agriculture cultivation road
test_20109,clear primary
test_20110,clear primary agriculture road
test_20111,partly_cloudy primary
test_20112,partly_cloudy primary agriculture water road
test_20113,haze cloudy primary
test_20114,cloudy
test_20115,clear partly_cloudy primary
test_20116,clear primary
test_20117,clear primary
test_20118,clear primary water
test_20119,clear primary
test_20120,clear primary
test_20121,clear partly_cloudy primary
test_20122,haze primary
test_20123,clear cloudy water
test_20124,partly_cloudy primary agriculture water cultivation road
test_20125,partly_cloudy primary agriculture water habitation road
test_20126,partly_cloudy primary
test_20127,haze primary
test_20128,clear primary agriculture road
test_20129,clear haze primary
test_20130,clear primary
test_20131,clear primary
test_20132,haze primary
test_20133,clear primary
test_20134,clear primary agriculture road
test_20135,partly_cloudy primary agriculture water
test_20136,clear primary
test_20137,clear primary agriculture cultivation
test_20138,clear primary agriculture habitation road bare_ground
test_20139,clear primary
test_20140,partly_cloudy primary agriculture water
test_20141,clear primary water road
test_20142,clear primary water
test_20143,clear primary water
test_20144,haze cloudy primary
test_20145,clear primary agriculture water road
test_20146,clear primary habitation road
test_20147,clear primary
test_20148,clear partly_cloudy primary water road
test_20149,haze primary
test_20150,clear haze primary agriculture road
test_20151,clear primary agriculture water habitation road
test_20152,clear primary
test_20153,partly_cloudy primary
test_20154,clear primary
test_20155,clear primary agriculture bare_ground
test_20156,clear primary water
test_20157,clear primary agriculture water cultivation
test_20158,clear primary agriculture cultivation
test_20159,cloudy
test_20160,clear primary
test_20161,clear primary
test_20162,partly_cloudy primary agriculture
test_20163,partly_cloudy primary water
test_20164,clear primary
test_20165,partly_cloudy primary
test_20166,cloudy
test_20167,haze cloudy primary
test_20168,haze partly_cloudy primary water
test_20169,clear primary water road
test_20170,clear primary agriculture cultivation habitation road
test_20171,clear primary agriculture cultivation
test_20172,clear primary
test_20173,partly_cloudy primary agriculture cultivation habitation road
test_20174,clear haze primary
test_20175,clear primary agriculture habitation road
test_20176,clear primary agriculture
test_20177,haze primary
test_20178,clear haze primary
test_20179,haze cloudy primary
test_20180,clear primary agriculture water cultivation
test_20181,clear primary
test_20182,clear primary
test_20183,clear primary
test_20184,clear primary
test_20185,clear primary agriculture cultivation habitation road
test_20186,partly_cloudy primary water road
test_20187,clear primary agriculture cultivation habitation road
test_20188,haze partly_cloudy primary agriculture road
test_20189,clear primary agriculture water
test_20190,partly_cloudy primary
test_20191,clear primary agriculture water road bare_ground
test_20192,clear primary
test_20193,clear primary
test_20194,clear primary
test_20195,clear primary
test_20196,clear primary
test_20197,partly_cloudy primary agriculture cultivation road
test_20198,clear primary
test_20199,partly_cloudy primary agriculture habitation road
test_20200,clear primary
test_20201,clear primary
test_20202,clear primary agriculture habitation road
test_20203,clear primary water
test_20204,clear primary agriculture habitation road
test_20205,clear primary
test_20206,clear primary agriculture road
test_20207,clear primary
test_20208,clear primary agriculture cultivation habitation road
test_20209,clear primary
test_20210,clear primary agriculture water road
test_20211,clear primary
test_20212,cloudy
test_20213,clear primary
test_20214,clear primary
test_20215,partly_cloudy primary agriculture water
test_20216,clear primary agriculture water
test_20217,clear primary
test_20218,clear primary
test_20219,clear primary
test_20220,clear primary
test_20221,clear primary
test_20222,partly_cloudy primary
test_20223,clear primary agriculture habitation road
test_20224,clear primary agriculture cultivation road
test_20225,clear primary agriculture road
test_20226,haze primary
test_20227,clear primary agriculture cultivation
test_20228,partly_cloudy primary agriculture
test_20229,clear primary water road
test_20230,clear primary agriculture cultivation
test_20231,clear primary
test_20232,clear primary
test_20233,clear primary
test_20234,clear primary
test_20235,partly_cloudy primary
test_20236,clear primary agriculture water road
test_20237,clear primary
test_20238,clear primary
test_20239,clear haze primary agriculture water road
test_20240,clear primary
test_20241,clear haze primary agriculture habitation road
test_20242,cloudy
test_20243,clear primary
test_20244,clear primary
test_20245,clear primary agriculture water road
test_20246,clear primary agriculture habitation road
test_20247,clear primary agriculture cultivation
test_20248,clear primary
test_20249,clear primary
test_20250,clear primary water
test_20251,partly_cloudy primary agriculture cultivation
test_20252,clear primary
test_20253,clear primary
test_20254,clear primary
test_20255,clear primary habitation road
test_20256,clear primary agriculture cultivation
test_20257,partly_cloudy primary agriculture water cultivation
test_20258,haze primary
test_20259,clear primary water
test_20260,partly_cloudy primary
test_20261,cloudy
test_20262,clear primary agriculture water road
test_20263,clear primary
test_20264,clear primary agriculture habitation road
test_20265,clear primary
test_20266,partly_cloudy primary
test_20267,clear primary water road
test_20268,partly_cloudy primary
test_20269,cloudy
test_20270,clear primary water
test_20271,clear primary
test_20272,clear primary agriculture road bare_ground
test_20273,partly_cloudy primary
test_20274,cloudy
test_20275,clear primary water
test_20276,clear primary agriculture cultivation
test_20277,clear primary
test_20278,clear primary agriculture water road
test_20279,clear partly_cloudy primary agriculture cultivation habitation
test_20280,clear primary water road
test_20281,clear primary
test_20282,clear primary
test_20283,clear primary agriculture water road
test_20284,clear primary agriculture
test_20285,clear primary
test_20286,clear haze primary agriculture water
test_20287,clear primary
test_20288,clear primary
test_20289,haze primary
test_20290,clear primary agriculture road
test_20291,haze cloudy primary
test_20292,clear primary agriculture cultivation habitation road
test_20293,clear primary
test_20294,clear primary agriculture water cultivation
test_20295,clear primary agriculture road
test_20296,partly_cloudy primary
test_20297,clear primary
test_20298,clear primary agriculture habitation road
test_20299,clear primary agriculture road
test_20300,clear primary agriculture habitation road
test_20301,haze cloudy
test_20302,clear primary agriculture road
test_20303,clear primary
test_20304,clear primary agriculture cultivation habitation
test_20305,cloudy
test_20306,partly_cloudy primary agriculture
test_20307,clear primary agriculture cultivation
test_20308,clear primary
test_20309,clear primary
test_20310,clear primary
test_20311,clear primary water
test_20312,partly_cloudy primary agriculture road
test_20313,clear primary agriculture cultivation
test_20314,clear primary agriculture cultivation habitation road
test_20315,clear primary agriculture road
test_20316,clear primary
test_20317,clear primary agriculture cultivation
test_20318,clear primary water
test_20319,clear primary
test_20320,clear primary
test_20321,clear primary agriculture water habitation road
test_20322,haze primary
test_20323,clear primary agriculture water cultivation road
test_20324,clear primary
test_20325,clear primary agriculture habitation road bare_ground
test_20326,haze cloudy primary
test_20327,clear primary blooming
test_20328,clear primary
test_20329,clear primary
test_20330,clear primary agriculture road
test_20331,clear primary agriculture water cultivation habitation road
test_20332,clear primary agriculture water
test_20333,clear primary
test_20334,clear primary
test_20335,clear primary
test_20336,cloudy
test_20337,clear primary agriculture road
test_20338,clear primary agriculture
test_20339,haze cloudy primary
test_20340,clear primary agriculture water
test_20341,clear primary
test_20342,clear primary agriculture water habitation
test_20343,clear primary agriculture cultivation road
test_20344,clear primary agriculture water cultivation
test_20345,clear primary agriculture cultivation habitation
test_20346,clear primary
test_20347,clear primary agriculture road
test_20348,clear primary
test_20349,clear primary
test_20350,haze primary
test_20351,clear primary agriculture
test_20352,clear primary agriculture habitation road
test_20353,clear partly_cloudy primary agriculture cultivation habitation road
test_20354,clear primary agriculture road
test_20355,clear primary
test_20356,clear primary agriculture cultivation habitation
test_20357,clear primary agriculture road
test_20358,clear primary
test_20359,clear primary
test_20360,clear haze primary
test_20361,clear primary
test_20362,partly_cloudy primary
test_20363,partly_cloudy primary agriculture cultivation
test_20364,clear primary agriculture cultivation
test_20365,clear primary agriculture cultivation
test_20366,haze primary
test_20367,clear primary agriculture habitation road
test_20368,clear primary agriculture habitation road
test_20369,clear partly_cloudy primary agriculture road
test_20370,clear primary
test_20371,clear primary
test_20372,clear primary
test_20373,clear primary water
test_20374,partly_cloudy primary agriculture water
test_20375,clear primary water road
test_20376,clear primary agriculture cultivation habitation road
test_20377,partly_cloudy primary agriculture water
test_20378,clear primary agriculture water road
test_20379,haze cloudy
test_20380,clear primary
test_20381,clear primary agriculture water
test_20382,clear primary
test_20383,clear primary water
test_20384,partly_cloudy primary
test_20385,clear primary
test_20386,clear cloudy agriculture
test_20387,clear primary
test_20388,clear primary agriculture cultivation
test_20389,haze cloudy primary
test_20390,clear primary
test_20391,clear primary agriculture water road selective_logging
test_20392,haze cloudy primary
test_20393,clear primary agriculture habitation road
test_20394,partly_cloudy primary agriculture road
test_20395,clear primary agriculture cultivation
test_20396,clear primary
test_20397,clear primary
test_20398,clear primary agriculture water cultivation road
test_20399,clear primary agriculture water habitation road
test_20400,clear primary agriculture
test_20401,partly_cloudy primary agriculture road
test_20402,clear primary
test_20403,clear primary
test_20404,partly_cloudy primary water
test_20405,clear primary
test_20406,partly_cloudy primary agriculture cultivation road
test_20407,partly_cloudy primary agriculture water
test_20408,clear primary
test_20409,haze primary agriculture cultivation
test_20410,clear haze primary agriculture cultivation
test_20411,clear primary
test_20412,partly_cloudy primary agriculture
test_20413,partly_cloudy primary
test_20414,clear primary
test_20415,clear primary
test_20416,clear primary agriculture water road
test_20417,clear primary habitation road
test_20418,haze cloudy
test_20419,cloudy
test_20420,haze cloudy
test_20421,clear primary
test_20422,clear primary agriculture
test_20423,haze primary
test_20424,clear primary
test_20425,clear primary
test_20426,partly_cloudy cloudy primary
test_20427,clear primary water road
test_20428,clear primary
test_20429,partly_cloudy primary agriculture water habitation road
test_20430,clear primary agriculture cultivation
test_20431,partly_cloudy primary
test_20432,clear partly_cloudy primary agriculture water
test_20433,clear primary agriculture road bare_ground
test_20434,clear primary agriculture cultivation habitation
test_20435,clear primary agriculture habitation road
test_20436,haze primary water
test_20437,clear primary
test_20438,clear primary
test_20439,clear primary
test_20440,haze cloudy primary
test_20441,haze partly_cloudy primary agriculture water habitation road
test_20442,clear primary agriculture habitation road
test_20443,partly_cloudy primary
test_20444,clear primary
test_20445,haze partly_cloudy primary
test_20446,clear haze primary
test_20447,partly_cloudy cloudy primary water
test_20448,clear primary agriculture water road
test_20449,partly_cloudy primary agriculture water cultivation
test_20450,clear primary
test_20451,clear primary
test_20452,clear primary
test_20453,clear partly_cloudy primary
test_20454,clear haze primary water
test_20455,clear primary agriculture habitation road
test_20456,partly_cloudy primary
test_20457,clear primary agriculture water cultivation habitation
test_20458,partly_cloudy primary water road
test_20459,clear primary agriculture cultivation road
test_20460,clear primary
test_20461,clear partly_cloudy primary agriculture water road
test_20462,clear primary agriculture water road
test_20463,clear primary agriculture habitation road
test_20464,clear partly_cloudy primary agriculture cultivation
test_20465,clear haze primary agriculture cultivation habitation road
test_20466,partly_cloudy primary agriculture
test_20467,clear primary agriculture water cultivation
test_20468,clear primary
test_20469,clear primary agriculture road
test_20470,clear haze primary agriculture habitation road
test_20471,partly_cloudy primary agriculture cultivation
test_20472,haze cloudy primary
test_20473,clear primary
test_20474,clear primary
test_20475,clear cloudy water
test_20476,clear primary agriculture water cultivation road
test_20477,clear primary water road
test_20478,clear cloudy primary agriculture bare_ground
test_20479,clear primary
test_20480,clear primary
test_20481,clear primary
test_20482,partly_cloudy primary
test_20483,clear primary
test_20484,clear primary
test_20485,partly_cloudy primary
test_20486,clear primary blooming
test_20487,clear primary agriculture road
test_20488,clear primary
test_20489,clear primary agriculture water road
test_20490,clear partly_cloudy primary agriculture water habitation road
test_20491,clear primary agriculture cultivation
test_20492,partly_cloudy primary
test_20493,clear primary water road
test_20494,partly_cloudy cloudy primary
test_20495,clear primary habitation road
test_20496,clear haze primary
test_20497,partly_cloudy primary agriculture water
test_20498,partly_cloudy primary
test_20499,cloudy
test_20500,clear primary agriculture cultivation
test_20501,clear primary
test_20502,clear partly_cloudy primary
test_20503,haze cloudy primary
test_20504,clear primary water
test_20505,clear primary agriculture water cultivation habitation road
test_20506,clear primary water road
test_20507,clear primary agriculture water
test_20508,partly_cloudy primary water
test_20509,partly_cloudy primary
test_20510,clear primary agriculture cultivation habitation
test_20511,clear primary
test_20512,clear primary agriculture water
test_20513,clear primary
test_20514,clear primary
test_20515,clear primary water road
test_20516,clear partly_cloudy primary
test_20517,clear primary
test_20518,clear primary
test_20519,partly_cloudy primary
test_20520,clear primary
test_20521,clear haze primary water
test_20522,clear primary
test_20523,clear primary
test_20524,clear primary
test_20525,clear primary agriculture cultivation
test_20526,clear primary agriculture cultivation
test_20527,cloudy
test_20528,clear primary water
test_20529,clear primary
test_20530,clear primary agriculture road
test_20531,clear primary
test_20532,clear primary agriculture cultivation
test_20533,clear primary agriculture water
test_20534,clear primary water
test_20535,clear primary water
test_20536,clear primary
test_20537,clear primary water
test_20538,clear primary
test_20539,partly_cloudy primary agriculture habitation road
test_20540,partly_cloudy primary
test_20541,clear primary
test_20542,clear primary
test_20543,clear primary agriculture cultivation habitation road
test_20544,clear primary agriculture water road
test_20545,clear primary
test_20546,clear primary
test_20547,partly_cloudy primary agriculture road
test_20548,clear primary agriculture cultivation
test_20549,clear primary blooming
test_20550,partly_cloudy primary agriculture water habitation
test_20551,clear primary
test_20552,partly_cloudy cloudy primary agriculture water
test_20553,clear primary agriculture habitation road
test_20554,partly_cloudy primary water road
test_20555,clear partly_cloudy primary
test_20556,clear primary agriculture water
test_20557,clear primary water road conventional_mine bare_ground artisinal_mine selective_logging
test_20558,clear primary agriculture cultivation
test_20559,haze cloudy primary
test_20560,partly_cloudy primary agriculture
test_20561,clear primary agriculture road
test_20562,partly_cloudy primary agriculture cultivation
test_20563,clear primary
test_20564,clear primary
test_20565,clear primary agriculture water cultivation habitation
test_20566,clear primary agriculture cultivation
test_20567,clear primary agriculture cultivation
test_20568,clear primary
test_20569,clear primary
test_20570,clear primary agriculture water cultivation habitation
test_20571,clear primary agriculture water cultivation habitation road
test_20572,clear primary
test_20573,clear primary agriculture water
test_20574,clear primary agriculture cultivation habitation road
test_20575,clear primary agriculture habitation road
test_20576,clear primary agriculture water cultivation habitation road
test_20577,partly_cloudy cloudy primary road
test_20578,clear primary agriculture cultivation habitation
test_20579,clear primary
test_20580,clear primary
test_20581,clear primary agriculture road
test_20582,clear primary
test_20583,clear primary
test_20584,clear primary
test_20585,clear primary agriculture water
test_20586,clear primary
test_20587,clear primary agriculture cultivation
test_20588,clear primary agriculture habitation road
test_20589,clear primary water road
test_20590,clear primary
test_20591,clear primary
test_20592,haze primary water
test_20593,cloudy
test_20594,clear primary
test_20595,clear primary
test_20596,partly_cloudy primary
test_20597,clear primary agriculture cultivation
test_20598,clear primary agriculture water habitation road
test_20599,clear primary
test_20600,clear haze primary agriculture water road
test_20601,clear primary
test_20602,clear primary
test_20603,clear primary agriculture water cultivation
test_20604,clear primary
test_20605,clear primary
test_20606,clear primary
test_20607,partly_cloudy primary agriculture road
test_20608,clear primary
test_20609,clear primary agriculture habitation road
test_20610,clear primary
test_20611,clear primary
test_20612,clear primary
test_20613,clear haze cloudy primary agriculture water
test_20614,partly_cloudy primary agriculture habitation road
test_20615,clear primary agriculture cultivation
test_20616,partly_cloudy primary agriculture water
test_20617,clear primary agriculture road
test_20618,clear primary
test_20619,clear primary
test_20620,clear primary water
test_20621,clear primary
test_20622,partly_cloudy primary water road
test_20623,clear primary
test_20624,clear primary agriculture cultivation habitation
test_20625,clear primary agriculture cultivation
test_20626,clear primary agriculture water
test_20627,partly_cloudy primary
test_20628,clear primary
test_20629,clear primary
test_20630,clear primary
test_20631,clear primary
test_20632,clear primary
test_20633,partly_cloudy cloudy primary road conventional_mine
test_20634,clear primary
test_20635,haze primary
test_20636,clear primary
test_20637,clear primary
test_20638,clear primary agriculture bare_ground
test_20639,cloudy
test_20640,clear primary
test_20641,clear primary agriculture road
test_20642,clear primary agriculture road
test_20643,clear primary agriculture water habitation road
test_20644,clear haze primary
test_20645,clear cloudy
test_20646,clear primary agriculture water habitation road bare_ground artisinal_mine
test_20647,partly_cloudy primary agriculture road
test_20648,haze partly_cloudy cloudy primary
test_20649,clear primary agriculture cultivation
test_20650,clear haze primary water
test_20651,clear primary agriculture water
test_20652,clear primary agriculture water cultivation
test_20653,haze primary
test_20654,clear primary
test_20655,clear primary agriculture cultivation habitation road
test_20656,clear primary agriculture cultivation
test_20657,clear primary water
test_20658,clear primary
test_20659,partly_cloudy primary
test_20660,clear primary agriculture water
test_20661,clear primary
test_20662,partly_cloudy primary agriculture cultivation
test_20663,clear primary
test_20664,clear primary
test_20665,clear primary agriculture water
test_20666,haze primary
test_20667,partly_cloudy primary agriculture cultivation
test_20668,clear primary water
test_20669,clear primary agriculture water habitation road
test_20670,clear primary
test_20671,clear primary
test_20672,clear primary
test_20673,clear primary
test_20674,clear primary
test_20675,clear primary
test_20676,clear primary agriculture cultivation
test_20677,clear primary
test_20678,clear primary
test_20679,clear primary agriculture habitation road
test_20680,haze primary
test_20681,clear primary agriculture water road
test_20682,clear primary
test_20683,partly_cloudy primary water road
test_20684,clear primary agriculture water habitation road
test_20685,partly_cloudy primary
test_20686,haze cloudy
test_20687,clear haze primary agriculture water
test_20688,clear primary agriculture water habitation road
test_20689,clear primary agriculture water cultivation habitation
test_20690,clear primary
test_20691,clear primary agriculture cultivation habitation road
test_20692,clear primary water artisinal_mine
test_20693,clear primary water road selective_logging
test_20694,clear primary
test_20695,clear primary agriculture cultivation
test_20696,clear primary agriculture
test_20697,partly_cloudy cloudy primary
test_20698,clear primary agriculture water cultivation habitation road
test_20699,partly_cloudy primary
test_20700,clear primary water road
test_20701,clear primary agriculture cultivation
test_20702,cloudy
test_20703,clear primary cultivation
test_20704,clear primary agriculture water cultivation habitation road
test_20705,clear primary agriculture water road
test_20706,partly_cloudy primary
test_20707,clear primary agriculture cultivation
test_20708,clear haze primary water habitation
test_20709,clear haze primary agriculture cultivation
test_20710,clear primary
test_20711,partly_cloudy primary
test_20712,haze primary
test_20713,clear primary
test_20714,clear primary
test_20715,clear primary
test_20716,clear primary
test_20717,clear haze cloudy primary water
test_20718,clear partly_cloudy primary
test_20719,clear primary
test_20720,partly_cloudy primary
test_20721,partly_cloudy cloudy primary
test_20722,clear primary agriculture cultivation road
test_20723,clear primary
test_20724,partly_cloudy primary agriculture cultivation
test_20725,clear primary agriculture road
test_20726,clear primary
test_20727,haze cloudy primary
test_20728,partly_cloudy primary agriculture habitation road
test_20729,cloudy primary water
test_20730,partly_cloudy primary water
test_20731,partly_cloudy primary agriculture
test_20732,partly_cloudy primary agriculture road
test_20733,partly_cloudy primary
test_20734,partly_cloudy primary
test_20735,clear primary
test_20736,clear primary agriculture road
test_20737,clear haze primary
test_20738,clear primary agriculture road
test_20739,clear primary
test_20740,clear primary
test_20741,clear primary agriculture
test_20742,clear haze primary water
test_20743,partly_cloudy primary agriculture road
test_20744,clear primary agriculture cultivation
test_20745,clear primary agriculture water road
test_20746,haze partly_cloudy cloudy primary water
test_20747,clear primary
test_20748,clear primary agriculture habitation road bare_ground
test_20749,clear primary agriculture
test_20750,clear partly_cloudy primary agriculture cultivation
test_20751,cloudy
test_20752,partly_cloudy primary agriculture water cultivation road
test_20753,partly_cloudy primary agriculture water
test_20754,clear primary water road
test_20755,clear primary agriculture water cultivation
test_20756,partly_cloudy primary
test_20757,clear primary agriculture cultivation
test_20758,clear primary
test_20759,clear primary agriculture road
test_20760,partly_cloudy primary
test_20761,clear primary agriculture cultivation
test_20762,clear primary
test_20763,clear primary
test_20764,clear primary agriculture
test_20765,clear primary agriculture road
test_20766,clear primary
test_20767,clear primary
test_20768,clear primary
test_20769,partly_cloudy primary water road
test_20770,clear primary water
test_20771,clear primary
test_20772,clear primary
test_20773,clear primary agriculture water cultivation
test_20774,clear primary
test_20775,partly_cloudy primary agriculture cultivation habitation road
test_20776,clear primary
test_20777,haze cloudy primary
test_20778,clear primary
test_20779,partly_cloudy primary agriculture
test_20780,clear primary habitation road
test_20781,clear primary
test_20782,clear primary agriculture cultivation
test_20783,clear primary
test_20784,clear primary
test_20785,clear primary water
test_20786,partly_cloudy primary
test_20787,clear primary agriculture road
test_20788,clear primary
test_20789,partly_cloudy primary
test_20790,clear primary
test_20791,clear primary
test_20792,clear primary
test_20793,clear primary agriculture habitation road
test_20794,clear partly_cloudy primary agriculture cultivation
test_20795,clear primary agriculture
test_20796,clear primary agriculture cultivation habitation
test_20797,clear haze primary agriculture
test_20798,clear primary agriculture water road
test_20799,clear primary water
test_20800,clear primary blooming
test_20801,clear primary agriculture cultivation road
test_20802,clear primary water
test_20803,clear primary agriculture bare_ground
test_20804,clear primary water bare_ground artisinal_mine
test_20805,clear primary water
test_20806,clear primary agriculture road
test_20807,clear partly_cloudy primary
test_20808,clear primary agriculture habitation road
test_20809,clear primary
test_20810,clear cloudy water
test_20811,clear primary
test_20812,clear primary agriculture water road
test_20813,clear primary agriculture road
test_20814,haze primary
test_20815,clear primary
test_20816,clear primary agriculture
test_20817,clear primary
test_20818,partly_cloudy primary
test_20819,clear primary
test_20820,clear primary
test_20821,clear primary agriculture cultivation habitation road
test_20822,clear primary
test_20823,clear haze primary water
test_20824,clear primary
test_20825,clear primary
test_20826,clear primary
test_20827,clear primary agriculture road
test_20828,clear primary
test_20829,clear primary
test_20830,clear primary water
test_20831,clear primary agriculture water
test_20832,partly_cloudy primary
test_20833,partly_cloudy primary water
test_20834,clear primary agriculture cultivation
test_20835,clear primary agriculture cultivation
test_20836,clear primary
test_20837,clear primary agriculture water road
test_20838,clear primary agriculture cultivation
test_20839,clear primary agriculture bare_ground
test_20840,clear primary
test_20841,cloudy
test_20842,clear primary agriculture
test_20843,cloudy
test_20844,clear primary agriculture cultivation
test_20845,haze cloudy primary
test_20846,clear primary water road
test_20847,clear primary
test_20848,clear primary
test_20849,clear primary
test_20850,partly_cloudy primary
test_20851,clear primary agriculture road
test_20852,clear primary agriculture habitation road
test_20853,clear primary
test_20854,clear primary agriculture water
test_20855,cloudy
test_20856,clear primary
test_20857,clear partly_cloudy primary agriculture road
test_20858,clear primary agriculture water cultivation
test_20859,partly_cloudy primary agriculture cultivation habitation road
test_20860,clear primary
test_20861,clear primary agriculture habitation road
test_20862,partly_cloudy primary
test_20863,clear primary
test_20864,clear primary agriculture
test_20865,clear cloudy water
test_20866,partly_cloudy primary
test_20867,clear primary agriculture road
test_20868,clear haze primary agriculture road
test_20869,clear primary agriculture cultivation
test_20870,clear primary
test_20871,clear primary agriculture cultivation road
test_20872,clear primary
test_20873,clear primary
test_20874,clear primary
test_20875,clear primary
test_20876,clear primary
test_20877,clear primary
test_20878,clear primary
test_20879,clear primary
test_20880,clear primary
test_20881,clear primary
test_20882,partly_cloudy primary agriculture cultivation
test_20883,partly_cloudy cloudy
test_20884,clear primary agriculture water road
test_20885,clear primary
test_20886,cloudy
test_20887,clear primary agriculture
test_20888,cloudy
test_20889,clear primary agriculture road
test_20890,partly_cloudy primary
test_20891,clear primary agriculture habitation road
test_20892,partly_cloudy primary agriculture road
test_20893,clear cloudy
test_20894,clear primary
test_20895,clear primary
test_20896,clear primary agriculture
test_20897,partly_cloudy primary agriculture road
test_20898,clear primary agriculture cultivation habitation road
test_20899,clear primary agriculture water cultivation
test_20900,clear primary
test_20901,clear primary agriculture road
test_20902,clear primary agriculture habitation road
test_20903,clear haze primary agriculture road
test_20904,cloudy
test_20905,clear primary
test_20906,clear primary
test_20907,clear primary
test_20908,partly_cloudy primary agriculture
test_20909,clear primary agriculture water
test_20910,clear primary water
test_20911,clear primary agriculture water cultivation
test_20912,clear primary
test_20913,clear primary
test_20914,clear primary
test_20915,clear primary
test_20916,clear primary
test_20917,clear partly_cloudy primary water road
test_20918,clear primary agriculture cultivation
test_20919,clear primary blooming
test_20920,clear primary agriculture water cultivation bare_ground selective_logging
test_20921,clear primary agriculture
test_20922,clear haze primary
test_20923,clear primary agriculture cultivation
test_20924,clear primary
test_20925,partly_cloudy primary water
test_20926,clear primary
test_20927,clear primary
test_20928,partly_cloudy primary water
test_20929,clear primary
test_20930,clear partly_cloudy primary
test_20931,clear primary
test_20932,clear primary
test_20933,clear primary
test_20934,clear primary
test_20935,clear primary agriculture cultivation habitation road
test_20936,clear primary
test_20937,haze primary
test_20938,clear primary
test_20939,partly_cloudy cloudy primary
test_20940,partly_cloudy primary
test_20941,partly_cloudy primary
test_20942,clear primary
test_20943,clear primary
test_20944,clear primary
test_20945,clear primary
test_20946,haze primary agriculture
test_20947,partly_cloudy primary
test_20948,clear primary
test_20949,clear primary
test_20950,clear primary agriculture habitation road
test_20951,clear primary
test_20952,clear primary agriculture water
test_20953,clear primary agriculture cultivation habitation road
test_20954,cloudy
test_20955,clear primary agriculture road bare_ground
test_20956,clear primary agriculture water cultivation
test_20957,partly_cloudy primary agriculture road
test_20958,clear primary agriculture cultivation
test_20959,clear primary
test_20960,clear primary agriculture cultivation habitation
test_20961,clear partly_cloudy primary agriculture cultivation
test_20962,partly_cloudy primary
test_20963,clear primary agriculture cultivation
test_20964,clear primary
test_20965,clear primary
test_20966,partly_cloudy primary agriculture road
test_20967,clear primary agriculture water habitation road
test_20968,clear primary
test_20969,clear primary
test_20970,clear primary agriculture cultivation habitation road
test_20971,clear primary
test_20972,partly_cloudy primary agriculture water cultivation habitation
test_20973,clear cloudy water
test_20974,clear primary agriculture cultivation habitation road
test_20975,clear primary
test_20976,clear primary
test_20977,clear primary
test_20978,clear haze primary water road
test_20979,clear primary
test_20980,clear primary
test_20981,clear primary
test_20982,partly_cloudy primary agriculture road
test_20983,haze partly_cloudy primary agriculture water
test_20984,clear primary agriculture cultivation
test_20985,clear primary
test_20986,partly_cloudy primary agriculture water road
test_20987,clear primary
test_20988,clear primary
test_20989,clear primary agriculture water habitation road
test_20990,clear primary
test_20991,clear primary water
test_20992,partly_cloudy cloudy primary
test_20993,clear primary
test_20994,partly_cloudy primary agriculture water habitation
test_20995,haze primary
test_20996,clear primary agriculture road
test_20997,clear primary agriculture cultivation
test_20998,cloudy
test_20999,clear primary agriculture cultivation habitation
test_21000,clear primary agriculture cultivation
test_21001,cloudy
test_21002,clear primary
test_21003,clear primary
test_21004,clear primary
test_21005,clear primary agriculture
test_21006,clear primary agriculture water cultivation
test_21007,partly_cloudy primary agriculture
test_21008,clear primary
test_21009,partly_cloudy primary
test_21010,clear primary agriculture road bare_ground
test_21011,clear primary
test_21012,clear cloudy water
test_21013,clear primary
test_21014,clear primary water
test_21015,clear primary agriculture water
test_21016,clear primary agriculture habitation road
test_21017,partly_cloudy primary
test_21018,clear primary water
test_21019,clear primary agriculture water bare_ground
test_21020,clear primary water road selective_logging
test_21021,clear primary agriculture road
test_21022,clear primary
test_21023,clear primary
test_21024,clear primary agriculture water cultivation habitation road
test_21025,clear primary
test_21026,clear primary
test_21027,clear primary agriculture cultivation
test_21028,cloudy
test_21029,partly_cloudy primary agriculture water road
test_21030,clear primary water
test_21031,clear primary agriculture water
test_21032,clear primary agriculture habitation road
test_21033,clear primary agriculture cultivation habitation road
test_21034,haze cloudy
test_21035,clear primary agriculture cultivation
test_21036,clear primary
test_21037,haze primary water
test_21038,partly_cloudy primary agriculture water road
test_21039,partly_cloudy primary agriculture water cultivation habitation road
test_21040,partly_cloudy primary agriculture road
test_21041,partly_cloudy primary
test_21042,clear primary
test_21043,clear primary
test_21044,clear primary agriculture cultivation
test_21045,clear primary
test_21046,haze cloudy primary
test_21047,cloudy
test_21048,clear primary agriculture cultivation
test_21049,clear primary
test_21050,clear primary
test_21051,clear primary
test_21052,partly_cloudy primary
test_21053,clear primary water
test_21054,clear primary
test_21055,partly_cloudy primary
test_21056,cloudy
test_21057,clear primary agriculture road
test_21058,clear primary agriculture water cultivation
test_21059,partly_cloudy primary agriculture habitation road
test_21060,clear primary
test_21061,clear primary agriculture water road
test_21062,clear partly_cloudy primary agriculture water road
test_21063,cloudy
test_21064,clear primary agriculture water
test_21065,partly_cloudy primary
test_21066,clear primary agriculture habitation road
test_21067,clear primary agriculture habitation road
test_21068,clear primary
test_21069,partly_cloudy cloudy primary agriculture water
test_21070,clear primary agriculture cultivation
test_21071,clear primary
test_21072,clear primary agriculture cultivation
test_21073,clear primary
test_21074,haze primary
test_21075,clear primary
test_21076,clear primary
test_21077,partly_cloudy primary water
test_21078,clear primary
test_21079,clear primary
test_21080,clear primary agriculture cultivation habitation road
test_21081,clear primary agriculture water bare_ground
test_21082,clear primary
test_21083,clear primary agriculture road
test_21084,clear primary agriculture road
test_21085,partly_cloudy cloudy
test_21086,clear primary
test_21087,clear primary agriculture cultivation
test_21088,clear primary
test_21089,clear primary agriculture water cultivation
test_21090,clear primary
test_21091,clear primary agriculture cultivation
test_21092,partly_cloudy primary
test_21093,clear primary water road
test_21094,clear primary water habitation
test_21095,clear primary
test_21096,clear primary
test_21097,clear primary agriculture water
test_21098,haze primary
test_21099,clear primary water
test_21100,clear primary agriculture habitation road
test_21101,clear primary
test_21102,clear primary agriculture water cultivation road
test_21103,clear primary agriculture water cultivation
test_21104,clear primary agriculture
test_21105,clear primary
test_21106,clear primary
test_21107,partly_cloudy primary agriculture road
test_21108,clear haze primary
test_21109,partly_cloudy primary
test_21110,clear primary agriculture cultivation
test_21111,haze primary
test_21112,clear primary
test_21113,partly_cloudy primary agriculture cultivation
test_21114,clear primary agriculture cultivation road
test_21115,partly_cloudy primary agriculture water road
test_21116,clear primary
test_21117,clear primary agriculture habitation road
test_21118,clear primary agriculture water cultivation road
test_21119,clear primary agriculture road
test_21120,clear primary agriculture cultivation
test_21121,clear primary agriculture habitation road
test_21122,partly_cloudy primary
test_21123,partly_cloudy primary agriculture road
test_21124,clear primary agriculture water cultivation road
test_21125,clear primary
test_21126,clear primary
test_21127,clear primary agriculture bare_ground
test_21128,clear haze primary agriculture water
test_21129,haze primary
test_21130,clear primary
test_21131,clear primary
test_21132,clear primary
test_21133,clear primary agriculture cultivation
test_21134,clear primary agriculture water cultivation road
test_21135,clear primary
test_21136,cloudy
test_21137,clear haze primary
test_21138,clear primary
test_21139,clear haze primary water road
test_21140,partly_cloudy primary
test_21141,partly_cloudy primary agriculture water
test_21142,clear primary
test_21143,clear primary agriculture habitation road
test_21144,clear primary
test_21145,clear primary
test_21146,clear primary agriculture water cultivation
test_21147,clear primary
test_21148,clear primary
test_21149,clear partly_cloudy primary agriculture habitation road
test_21150,clear primary
test_21151,clear primary agriculture cultivation road
test_21152,clear partly_cloudy primary agriculture road
test_21153,clear primary
test_21154,clear primary agriculture cultivation
test_21155,clear primary agriculture
test_21156,clear primary
test_21157,clear primary
test_21158,haze cloudy primary
test_21159,cloudy
test_21160,clear primary water
test_21161,clear haze primary
test_21162,clear primary agriculture water
test_21163,clear primary
test_21164,partly_cloudy primary
test_21165,clear primary agriculture road
test_21166,clear partly_cloudy primary agriculture water cultivation
test_21167,clear primary agriculture
test_21168,cloudy
test_21169,clear primary
test_21170,haze primary
test_21171,clear primary
test_21172,clear primary agriculture habitation road
test_21173,clear primary agriculture
test_21174,clear primary water road
test_21175,clear primary
test_21176,clear primary
test_21177,clear primary agriculture cultivation
test_21178,clear primary agriculture cultivation
test_21179,clear partly_cloudy primary agriculture cultivation
test_21180,clear primary
test_21181,partly_cloudy primary
test_21182,clear primary water
test_21183,partly_cloudy primary agriculture
test_21184,clear haze primary
test_21185,clear primary agriculture cultivation
test_21186,clear primary
test_21187,clear primary agriculture cultivation
test_21188,clear primary
test_21189,clear primary agriculture water cultivation habitation
test_21190,clear primary cultivation
test_21191,clear primary agriculture cultivation
test_21192,clear primary
test_21193,clear primary
test_21194,clear primary
test_21195,cloudy primary
test_21196,clear primary
test_21197,clear primary
test_21198,clear partly_cloudy primary agriculture road
test_21199,clear primary agriculture road
test_21200,clear primary agriculture water cultivation road
test_21201,cloudy
test_21202,clear haze primary agriculture road
test_21203,clear primary
test_21204,clear primary
test_21205,partly_cloudy primary water
test_21206,clear partly_cloudy primary
test_21207,partly_cloudy primary
test_21208,clear primary agriculture water habitation road
test_21209,clear primary agriculture cultivation
test_21210,partly_cloudy primary
test_21211,clear primary
test_21212,clear haze primary agriculture cultivation
test_21213,clear primary
test_21214,haze cloudy
test_21215,clear primary agriculture cultivation
test_21216,clear primary
test_21217,cloudy
test_21218,clear primary
test_21219,haze partly_cloudy primary agriculture
test_21220,partly_cloudy primary
test_21221,partly_cloudy primary
test_21222,clear partly_cloudy primary agriculture cultivation
test_21223,clear primary agriculture cultivation
test_21224,clear primary agriculture water
test_21225,clear primary agriculture
test_21226,clear primary agriculture cultivation
test_21227,clear haze primary agriculture road
test_21228,clear partly_cloudy primary
test_21229,clear primary
test_21230,clear primary
test_21231,clear primary agriculture cultivation
test_21232,clear primary agriculture road
test_21233,clear primary
test_21234,cloudy
test_21235,clear primary agriculture road
test_21236,haze cloudy primary water
test_21237,clear primary water
test_21238,clear primary
test_21239,clear primary
test_21240,clear primary
test_21241,clear haze primary
test_21242,clear primary
test_21243,clear primary
test_21244,clear primary agriculture cultivation
test_21245,clear primary water road
test_21246,clear primary
test_21247,clear primary agriculture cultivation
test_21248,clear primary agriculture water habitation road
test_21249,clear primary
test_21250,clear primary
test_21251,clear primary
test_21252,clear primary
test_21253,clear primary agriculture habitation road
test_21254,cloudy
test_21255,partly_cloudy primary agriculture water
test_21256,clear primary agriculture habitation road
test_21257,clear partly_cloudy primary
test_21258,clear primary
test_21259,clear primary agriculture habitation road
test_21260,clear primary
test_21261,clear primary
test_21262,clear primary agriculture road
test_21263,clear primary
test_21264,haze primary agriculture water road
test_21265,partly_cloudy primary agriculture cultivation
test_21266,clear primary agriculture water road
test_21267,partly_cloudy primary agriculture road
test_21268,clear primary
test_21269,haze primary
test_21270,haze partly_cloudy primary agriculture water
test_21271,cloudy
test_21272,clear primary
test_21273,clear primary agriculture water cultivation habitation
test_21274,clear primary
test_21275,partly_cloudy primary water
test_21276,clear primary water
test_21277,clear primary
test_21278,clear primary
test_21279,cloudy
test_21280,clear primary water road selective_logging
test_21281,clear primary
test_21282,partly_cloudy primary
test_21283,partly_cloudy cloudy primary
test_21284,clear primary agriculture water
test_21285,clear partly_cloudy primary
test_21286,haze cloudy
test_21287,clear primary
test_21288,partly_cloudy cloudy primary agriculture road
test_21289,clear primary
test_21290,clear primary
test_21291,clear primary
test_21292,clear primary water
test_21293,clear primary agriculture road bare_ground
test_21294,clear haze primary agriculture water habitation road
test_21295,clear primary agriculture water cultivation
test_21296,partly_cloudy primary
test_21297,clear primary agriculture water road
test_21298,clear haze primary
test_21299,clear primary agriculture cultivation
test_21300,partly_cloudy primary
test_21301,clear primary
test_21302,clear primary agriculture habitation road
test_21303,haze cloudy
test_21304,partly_cloudy primary agriculture road
test_21305,clear primary
test_21306,cloudy
test_21307,clear primary agriculture water habitation road
test_21308,clear primary agriculture cultivation
test_21309,clear primary agriculture road
test_21310,clear primary agriculture road
test_21311,cloudy
test_21312,haze cloudy
test_21313,clear primary
test_21314,partly_cloudy primary agriculture road
test_21315,clear primary agriculture water cultivation
test_21316,clear primary agriculture cultivation
test_21317,partly_cloudy primary
test_21318,cloudy
test_21319,haze primary water
test_21320,clear primary
test_21321,clear primary
test_21322,partly_cloudy primary
test_21323,clear partly_cloudy primary water road
test_21324,clear primary
test_21325,clear primary water
test_21326,clear primary water
test_21327,clear primary
test_21328,clear primary agriculture cultivation road
test_21329,clear primary
test_21330,clear primary
test_21331,clear primary agriculture water habitation road bare_ground
test_21332,clear primary agriculture water
test_21333,clear primary
test_21334,clear primary
test_21335,clear primary
test_21336,haze primary
test_21337,clear primary agriculture cultivation
test_21338,partly_cloudy primary agriculture cultivation habitation road
test_21339,clear primary
test_21340,clear primary
test_21341,clear primary agriculture water
test_21342,partly_cloudy primary
test_21343,clear primary agriculture road
test_21344,clear partly_cloudy primary agriculture cultivation
test_21345,haze primary
test_21346,clear primary
test_21347,clear primary agriculture cultivation
test_21348,partly_cloudy primary water
test_21349,clear primary
test_21350,partly_cloudy primary agriculture water road
test_21351,clear primary
test_21352,clear partly_cloudy primary road
test_21353,clear primary
test_21354,cloudy
test_21355,partly_cloudy primary agriculture
test_21356,clear primary habitation road
test_21357,clear primary water
test_21358,clear primary
test_21359,clear primary water
test_21360,clear primary
test_21361,clear partly_cloudy primary agriculture water habitation road
test_21362,clear primary
test_21363,clear primary agriculture habitation road
test_21364,clear primary agriculture water road
test_21365,clear partly_cloudy primary agriculture cultivation
test_21366,clear primary
test_21367,clear primary
test_21368,clear haze primary agriculture cultivation
test_21369,clear primary
test_21370,partly_cloudy primary
test_21371,clear primary blooming
test_21372,clear primary agriculture cultivation
test_21373,clear primary water
test_21374,clear primary agriculture road
test_21375,partly_cloudy primary
test_21376,partly_cloudy primary
test_21377,clear primary agriculture habitation road
test_21378,clear primary
test_21379,haze cloudy primary
test_21380,clear primary agriculture cultivation
test_21381,clear primary agriculture water cultivation
test_21382,clear primary
test_21383,partly_cloudy primary
test_21384,clear primary agriculture cultivation
test_21385,clear primary
test_21386,clear primary
test_21387,clear primary
test_21388,clear primary water
test_21389,clear partly_cloudy primary agriculture water road
test_21390,partly_cloudy primary
test_21391,cloudy
test_21392,clear haze primary agriculture cultivation
test_21393,clear primary
test_21394,partly_cloudy primary agriculture water
test_21395,clear primary blooming
test_21396,clear primary agriculture road
test_21397,partly_cloudy primary water
test_21398,clear primary
test_21399,haze primary agriculture water road
test_21400,clear primary
test_21401,haze cloudy primary
test_21402,clear primary
test_21403,clear primary agriculture road
test_21404,clear primary
test_21405,haze primary agriculture road
test_21406,clear primary agriculture water road artisinal_mine selective_logging
test_21407,clear primary agriculture habitation road
test_21408,clear primary
test_21409,clear primary agriculture habitation road bare_ground
test_21410,clear primary
test_21411,clear primary
test_21412,clear primary
test_21413,clear primary
test_21414,clear primary agriculture water cultivation road
test_21415,clear primary agriculture habitation road
test_21416,partly_cloudy primary
test_21417,clear primary
test_21418,clear primary
test_21419,haze cloudy primary
test_21420,partly_cloudy primary
test_21421,partly_cloudy primary
test_21422,clear primary
test_21423,clear primary water
test_21424,clear primary
test_21425,clear primary agriculture water cultivation habitation road
test_21426,clear partly_cloudy primary agriculture cultivation
test_21427,clear primary
test_21428,clear primary agriculture cultivation road
test_21429,clear primary
test_21430,clear primary
test_21431,clear primary
test_21432,clear primary agriculture habitation road
test_21433,partly_cloudy primary water
test_21434,cloudy water
test_21435,haze primary agriculture water road
test_21436,clear primary agriculture road
test_21437,partly_cloudy primary agriculture water
test_21438,clear primary
test_21439,clear partly_cloudy primary water
test_21440,clear cloudy water
test_21441,clear primary agriculture cultivation road
test_21442,partly_cloudy primary agriculture road
test_21443,clear primary agriculture cultivation habitation road
test_21444,partly_cloudy primary agriculture road
test_21445,haze primary agriculture water road
test_21446,clear primary
test_21447,clear primary
test_21448,clear primary agriculture water cultivation habitation road
test_21449,partly_cloudy primary
test_21450,clear primary agriculture water cultivation habitation road
test_21451,clear primary
test_21452,partly_cloudy primary agriculture water road
test_21453,clear primary
test_21454,clear cloudy primary water
test_21455,clear primary agriculture cultivation
test_21456,clear partly_cloudy primary agriculture
test_21457,clear primary agriculture cultivation
test_21458,cloudy
test_21459,clear primary agriculture cultivation road
test_21460,clear primary agriculture water cultivation
test_21461,clear primary
test_21462,clear primary blooming
test_21463,clear primary
test_21464,clear primary water
test_21465,clear primary
test_21466,partly_cloudy primary agriculture water habitation road conventional_mine
test_21467,clear primary agriculture cultivation
test_21468,partly_cloudy primary
test_21469,clear primary water
test_21470,clear primary water road
test_21471,clear primary agriculture road bare_ground
test_21472,clear primary agriculture cultivation
test_21473,partly_cloudy primary
test_21474,clear primary agriculture road
test_21475,clear primary
test_21476,clear primary
test_21477,clear primary agriculture cultivation
test_21478,clear primary
test_21479,cloudy
test_21480,clear primary
test_21481,clear primary
test_21482,clear primary water
test_21483,clear primary agriculture water
test_21484,clear primary
test_21485,clear primary
test_21486,partly_cloudy primary water
test_21487,partly_cloudy primary
test_21488,partly_cloudy cloudy primary
test_21489,clear primary water road
test_21490,clear primary water
test_21491,clear primary
test_21492,clear primary agriculture cultivation
test_21493,clear primary agriculture cultivation habitation road
test_21494,clear primary agriculture cultivation
test_21495,partly_cloudy primary
test_21496,clear partly_cloudy primary agriculture cultivation road
test_21497,clear cloudy primary water
test_21498,partly_cloudy cloudy primary
test_21499,clear primary
test_21500,clear primary
test_21501,partly_cloudy primary
test_21502,clear primary blooming
test_21503,clear primary agriculture cultivation habitation
test_21504,partly_cloudy cloudy
test_21505,clear primary agriculture habitation road
test_21506,clear primary
test_21507,haze cloudy
test_21508,clear primary
test_21509,partly_cloudy primary agriculture road
test_21510,clear primary agriculture cultivation
test_21511,clear primary agriculture road
test_21512,haze primary water
test_21513,partly_cloudy primary agriculture road
test_21514,clear partly_cloudy primary agriculture water cultivation
test_21515,clear primary
test_21516,partly_cloudy primary
test_21517,clear primary
test_21518,clear primary
test_21519,cloudy
test_21520,clear primary
test_21521,clear primary water
test_21522,partly_cloudy primary
test_21523,clear partly_cloudy primary water
test_21524,cloudy
test_21525,clear primary agriculture road bare_ground
test_21526,partly_cloudy primary agriculture
test_21527,clear primary agriculture road
test_21528,partly_cloudy primary
test_21529,clear primary
test_21530,clear primary agriculture water bare_ground
test_21531,cloudy water
test_21532,clear primary
test_21533,clear primary
test_21534,clear primary agriculture habitation road
test_21535,clear primary agriculture road
test_21536,clear primary
test_21537,clear primary
test_21538,clear primary
test_21539,clear primary agriculture water
test_21540,partly_cloudy primary
test_21541,clear primary agriculture cultivation
test_21542,partly_cloudy primary agriculture
test_21543,clear primary
test_21544,clear primary
test_21545,clear primary agriculture cultivation habitation road
test_21546,haze cloudy primary
test_21547,clear partly_cloudy primary
test_21548,partly_cloudy primary agriculture water
test_21549,clear primary agriculture habitation road
test_21550,partly_cloudy primary
test_21551,clear cloudy primary water
test_21552,cloudy
test_21553,haze cloudy
test_21554,clear primary
test_21555,partly_cloudy primary agriculture habitation road
test_21556,partly_cloudy primary
test_21557,clear primary agriculture cultivation
test_21558,partly_cloudy primary
test_21559,clear primary
test_21560,clear primary
test_21561,clear primary agriculture cultivation
test_21562,clear primary
test_21563,clear primary agriculture cultivation
test_21564,partly_cloudy primary agriculture
test_21565,clear haze primary
test_21566,clear haze primary
test_21567,partly_cloudy primary water
test_21568,partly_cloudy primary agriculture water cultivation road
test_21569,haze primary agriculture water
test_21570,partly_cloudy primary
test_21571,clear primary
test_21572,partly_cloudy primary agriculture cultivation
test_21573,clear primary
test_21574,partly_cloudy primary
test_21575,clear partly_cloudy primary agriculture cultivation
test_21576,haze cloudy primary
test_21577,clear partly_cloudy primary agriculture cultivation habitation road
test_21578,clear primary
test_21579,clear primary
test_21580,clear primary agriculture bare_ground
test_21581,clear primary
test_21582,clear primary
test_21583,clear primary
test_21584,clear primary
test_21585,clear primary
test_21586,clear primary
test_21587,partly_cloudy primary agriculture water road
test_21588,clear primary agriculture water road
test_21589,partly_cloudy primary agriculture water road
test_21590,clear primary agriculture road conventional_mine bare_ground
test_21591,clear primary
test_21592,clear primary
test_21593,clear primary
test_21594,clear primary
test_21595,clear primary agriculture road bare_ground
test_21596,cloudy
test_21597,clear primary agriculture habitation road
test_21598,cloudy
test_21599,haze cloudy primary
test_21600,partly_cloudy primary agriculture cultivation habitation
test_21601,clear primary agriculture habitation road
test_21602,clear primary
test_21603,clear primary agriculture road
test_21604,clear primary
test_21605,clear primary
test_21606,clear primary agriculture cultivation
test_21607,clear partly_cloudy primary agriculture
test_21608,clear primary water
test_21609,clear primary water
test_21610,partly_cloudy primary
test_21611,clear primary agriculture water road
test_21612,partly_cloudy primary agriculture habitation road
test_21613,clear primary agriculture water habitation road
test_21614,clear primary
test_21615,clear primary agriculture cultivation habitation road
test_21616,clear primary water road
test_21617,clear primary water road selective_logging
test_21618,clear primary
test_21619,partly_cloudy primary
test_21620,clear primary
test_21621,clear primary water
test_21622,clear primary agriculture cultivation
test_21623,clear primary
test_21624,clear primary
test_21625,clear primary
test_21626,partly_cloudy primary
test_21627,clear primary agriculture cultivation
test_21628,partly_cloudy primary
test_21629,clear partly_cloudy primary blooming
test_21630,clear primary
test_21631,clear primary agriculture
test_21632,clear primary agriculture water
test_21633,clear primary
test_21634,clear primary agriculture water
test_21635,clear primary blooming
test_21636,clear primary habitation road
test_21637,clear haze primary water
test_21638,clear primary habitation road
test_21639,clear primary
test_21640,clear primary
test_21641,clear primary
test_21642,clear primary
test_21643,clear primary
test_21644,partly_cloudy primary
test_21645,clear primary water road artisinal_mine
test_21646,clear primary
test_21647,clear primary
test_21648,clear primary
test_21649,clear primary
test_21650,clear primary
test_21651,clear primary agriculture water
test_21652,clear primary
test_21653,clear primary
test_21654,partly_cloudy primary
test_21655,partly_cloudy primary
test_21656,partly_cloudy primary
test_21657,clear primary
test_21658,clear primary agriculture habitation road
test_21659,clear primary agriculture water
test_21660,clear primary
test_21661,clear primary
test_21662,haze cloudy primary water
test_21663,partly_cloudy primary agriculture water road
test_21664,partly_cloudy cloudy primary
test_21665,clear primary
test_21666,haze partly_cloudy primary water
test_21667,clear primary
test_21668,cloudy
test_21669,clear primary
test_21670,partly_cloudy primary agriculture cultivation
test_21671,clear primary
test_21672,clear primary
test_21673,clear haze primary
test_21674,clear primary agriculture water habitation road
test_21675,partly_cloudy primary
test_21676,partly_cloudy primary agriculture road
test_21677,clear primary agriculture cultivation
test_21678,clear primary agriculture cultivation
test_21679,clear primary
test_21680,clear primary agriculture water
test_21681,clear primary agriculture habitation road
test_21682,clear primary
test_21683,partly_cloudy primary
test_21684,partly_cloudy primary
test_21685,clear primary agriculture water cultivation habitation road selective_logging
test_21686,clear primary agriculture road
test_21687,clear partly_cloudy primary agriculture habitation road
test_21688,clear primary
test_21689,clear primary water road
test_21690,clear primary water road
test_21691,clear primary
test_21692,partly_cloudy primary agriculture cultivation habitation road
test_21693,clear primary water
test_21694,clear primary
test_21695,partly_cloudy primary agriculture cultivation
test_21696,cloudy
test_21697,haze primary
test_21698,partly_cloudy primary agriculture habitation road
test_21699,clear primary agriculture water
test_21700,clear primary
test_21701,clear primary agriculture cultivation
test_21702,cloudy
test_21703,clear primary
test_21704,clear primary agriculture cultivation habitation road
test_21705,haze cloudy
test_21706,clear primary
test_21707,cloudy
test_21708,partly_cloudy primary water
test_21709,clear partly_cloudy primary
test_21710,haze primary
test_21711,clear primary
test_21712,clear primary water road bare_ground artisinal_mine
test_21713,partly_cloudy cloudy primary
test_21714,clear primary agriculture water habitation road
test_21715,partly_cloudy primary
test_21716,clear haze primary
test_21717,clear primary
test_21718,clear primary water artisinal_mine
test_21719,clear haze primary agriculture road
test_21720,clear primary agriculture water cultivation habitation
test_21721,clear primary agriculture habitation road
test_21722,haze primary water
test_21723,clear primary
test_21724,clear primary agriculture habitation road
test_21725,haze cloudy primary
test_21726,clear primary
test_21727,clear primary
test_21728,clear primary
test_21729,clear primary
test_21730,clear primary agriculture road
test_21731,cloudy
test_21732,partly_cloudy primary agriculture water road conventional_mine
test_21733,clear primary
test_21734,clear primary
test_21735,haze primary agriculture
test_21736,partly_cloudy primary agriculture cultivation
test_21737,clear primary agriculture water cultivation habitation road
test_21738,partly_cloudy primary agriculture cultivation
test_21739,clear primary
test_21740,clear partly_cloudy primary agriculture habitation road
test_21741,clear haze primary agriculture cultivation habitation road
test_21742,partly_cloudy primary water
test_21743,partly_cloudy primary agriculture cultivation habitation road
test_21744,clear primary agriculture water cultivation
test_21745,clear primary agriculture road bare_ground
test_21746,partly_cloudy primary water
test_21747,clear primary
test_21748,clear partly_cloudy primary
test_21749,clear primary agriculture
test_21750,clear haze primary
test_21751,clear primary agriculture cultivation habitation
test_21752,clear primary
test_21753,partly_cloudy primary
test_21754,clear primary agriculture habitation
test_21755,clear primary agriculture cultivation habitation road
test_21756,clear primary agriculture water road
test_21757,partly_cloudy primary agriculture habitation road
test_21758,clear primary
test_21759,clear primary agriculture cultivation
test_21760,clear primary water
test_21761,clear primary water road
test_21762,partly_cloudy primary
test_21763,clear primary agriculture
test_21764,clear cloudy primary water
test_21765,partly_cloudy primary water
test_21766,clear primary agriculture habitation road
test_21767,clear primary agriculture water cultivation habitation
test_21768,clear primary agriculture water cultivation
test_21769,clear primary
test_21770,partly_cloudy primary agriculture road
test_21771,clear primary
test_21772,clear primary
test_21773,clear partly_cloudy primary agriculture cultivation
test_21774,clear primary agriculture water
test_21775,clear primary
test_21776,clear primary agriculture cultivation road
test_21777,clear primary water
test_21778,clear primary
test_21779,haze cloudy primary
test_21780,clear primary
test_21781,clear primary agriculture cultivation habitation
test_21782,clear primary
test_21783,partly_cloudy primary
test_21784,haze primary agriculture water
test_21785,partly_cloudy primary
test_21786,partly_cloudy primary
test_21787,cloudy
test_21788,clear primary
test_21789,clear primary agriculture cultivation habitation road
test_21790,clear primary water road
test_21791,partly_cloudy primary agriculture habitation road
test_21792,clear primary
test_21793,clear primary agriculture bare_ground
test_21794,clear primary
test_21795,clear primary agriculture road
test_21796,clear primary agriculture habitation road
test_21797,clear primary
test_21798,clear primary
test_21799,clear primary road selective_logging
test_21800,clear primary
test_21801,clear primary agriculture habitation road
test_21802,clear haze primary
test_21803,clear primary agriculture habitation road
test_21804,clear haze primary agriculture water road
test_21805,partly_cloudy primary
test_21806,partly_cloudy primary
test_21807,clear primary
test_21808,clear primary agriculture cultivation habitation road
test_21809,clear primary agriculture water road
test_21810,clear primary
test_21811,clear partly_cloudy primary agriculture cultivation
test_21812,clear primary agriculture cultivation habitation road
test_21813,clear primary water road
test_21814,clear primary agriculture cultivation habitation
test_21815,haze partly_cloudy primary agriculture water road
test_21816,clear primary water
test_21817,clear primary
test_21818,clear haze primary
test_21819,clear haze primary
test_21820,clear primary
test_21821,clear primary water
test_21822,haze primary
test_21823,clear primary
test_21824,partly_cloudy primary
test_21825,clear primary
test_21826,partly_cloudy primary
test_21827,clear primary
test_21828,clear primary water road
test_21829,clear primary
test_21830,clear primary agriculture cultivation road
test_21831,partly_cloudy primary water road
test_21832,clear primary
test_21833,haze partly_cloudy primary
test_21834,clear primary agriculture road
test_21835,clear haze primary
test_21836,haze primary
test_21837,clear primary agriculture habitation road
test_21838,clear primary water
test_21839,clear primary
test_21840,clear primary
test_21841,clear haze primary agriculture water cultivation
test_21842,cloudy
test_21843,clear primary
test_21844,clear primary
test_21845,clear primary agriculture habitation road
test_21846,clear primary
test_21847,clear primary
test_21848,haze primary agriculture
test_21849,partly_cloudy primary
test_21850,clear primary agriculture water habitation road
test_21851,clear primary agriculture cultivation road
test_21852,clear primary
test_21853,clear primary
test_21854,haze cloudy primary
test_21855,clear primary agriculture cultivation habitation road
test_21856,clear primary water road conventional_mine bare_ground artisinal_mine
test_21857,clear primary
test_21858,clear primary
test_21859,clear primary agriculture cultivation
test_21860,clear primary
test_21861,partly_cloudy primary agriculture cultivation
test_21862,clear primary agriculture cultivation road
test_21863,clear primary
test_21864,clear primary agriculture
test_21865,clear primary agriculture water cultivation habitation road
test_21866,clear primary water road
test_21867,clear primary
test_21868,partly_cloudy primary agriculture road
test_21869,partly_cloudy primary agriculture cultivation road
test_21870,clear primary agriculture habitation road
test_21871,clear primary water
test_21872,partly_cloudy primary
test_21873,clear primary agriculture habitation road
test_21874,clear primary agriculture water cultivation
test_21875,clear primary agriculture cultivation
test_21876,clear primary
test_21877,clear primary
test_21878,clear primary
test_21879,partly_cloudy primary agriculture road
test_21880,clear primary agriculture cultivation
test_21881,clear primary
test_21882,clear primary agriculture road bare_ground
test_21883,clear primary
test_21884,clear primary
test_21885,partly_cloudy primary water
test_21886,clear primary agriculture water cultivation habitation road
test_21887,clear primary
test_21888,clear primary
test_21889,partly_cloudy primary
test_21890,clear primary
test_21891,clear primary agriculture road
test_21892,partly_cloudy primary agriculture habitation road
test_21893,clear primary agriculture water cultivation
test_21894,partly_cloudy cloudy primary agriculture water
test_21895,clear primary agriculture water habitation road
test_21896,partly_cloudy primary agriculture cultivation
test_21897,partly_cloudy primary
test_21898,clear primary
test_21899,partly_cloudy primary water
test_21900,clear primary
test_21901,clear primary
test_21902,clear primary
test_21903,clear primary
test_21904,clear cloudy water
test_21905,clear primary
test_21906,clear primary agriculture water cultivation habitation road
test_21907,clear primary
test_21908,partly_cloudy primary
test_21909,clear primary
test_21910,clear primary agriculture water cultivation habitation road
test_21911,clear primary
test_21912,clear primary agriculture habitation road
test_21913,clear primary agriculture cultivation habitation
test_21914,clear primary agriculture cultivation
test_21915,clear partly_cloudy primary
test_21916,clear primary agriculture road
test_21917,clear primary
test_21918,clear primary
test_21919,clear primary agriculture cultivation
test_21920,clear primary agriculture water cultivation habitation
test_21921,clear primary
test_21922,clear haze primary
test_21923,clear primary
test_21924,haze primary
test_21925,partly_cloudy primary
test_21926,clear primary
test_21927,clear primary agriculture cultivation habitation road
test_21928,haze primary
test_21929,clear primary
test_21930,clear primary
test_21931,clear partly_cloudy primary agriculture water cultivation
test_21932,clear haze primary agriculture water cultivation road
test_21933,clear primary
test_21934,clear primary
test_21935,clear primary water
test_21936,clear primary agriculture cultivation habitation road
test_21937,clear primary
test_21938,clear primary water
test_21939,clear primary
test_21940,partly_cloudy primary agriculture water
test_21941,partly_cloudy primary agriculture
test_21942,haze cloudy primary
test_21943,clear primary agriculture cultivation
test_21944,clear primary agriculture road
test_21945,clear primary agriculture cultivation road
test_21946,clear haze primary agriculture cultivation habitation
test_21947,clear primary agriculture road
test_21948,clear primary water
test_21949,clear primary agriculture cultivation
test_21950,partly_cloudy primary water
test_21951,clear primary road blooming selective_logging
test_21952,clear primary
test_21953,clear primary
test_21954,clear primary
test_21955,cloudy
test_21956,clear primary water road
test_21957,clear primary
test_21958,clear primary
test_21959,clear primary agriculture bare_ground
test_21960,clear primary agriculture cultivation
test_21961,clear primary
test_21962,clear primary agriculture road
test_21963,partly_cloudy primary agriculture cultivation road
test_21964,partly_cloudy primary water
test_21965,clear primary agriculture cultivation
test_21966,clear primary agriculture cultivation
test_21967,clear primary water road
test_21968,partly_cloudy cloudy primary agriculture road conventional_mine
test_21969,clear primary agriculture cultivation
test_21970,haze primary
test_21971,clear primary agriculture cultivation road
test_21972,clear primary
test_21973,clear cloudy water bare_ground
test_21974,clear primary
test_21975,cloudy
test_21976,clear primary
test_21977,cloudy
test_21978,clear primary
test_21979,clear primary
test_21980,clear primary agriculture water road
test_21981,partly_cloudy primary agriculture cultivation
test_21982,clear primary agriculture cultivation
test_21983,partly_cloudy primary
test_21984,clear primary
test_21985,partly_cloudy primary
test_21986,clear primary water
test_21987,clear primary water
test_21988,clear primary water road
test_21989,haze cloudy primary
test_21990,clear primary agriculture road
test_21991,clear partly_cloudy primary
test_21992,haze primary
test_21993,clear primary cultivation
test_21994,haze cloudy
test_21995,clear partly_cloudy primary
test_21996,clear primary
test_21997,partly_cloudy primary
test_21998,clear primary
test_21999,clear primary agriculture road
test_22000,clear primary agriculture water
test_22001,clear primary
test_22002,cloudy
test_22003,partly_cloudy primary
test_22004,clear primary
test_22005,haze primary
test_22006,clear primary agriculture habitation road
test_22007,partly_cloudy primary agriculture road
test_22008,clear haze primary
test_22009,clear primary
test_22010,partly_cloudy primary agriculture cultivation
test_22011,partly_cloudy primary
test_22012,partly_cloudy primary
test_22013,clear primary
test_22014,clear primary agriculture cultivation habitation road
test_22015,clear primary
test_22016,partly_cloudy primary
test_22017,clear primary
test_22018,clear primary
test_22019,partly_cloudy primary agriculture cultivation habitation road
test_22020,clear primary
test_22021,clear primary agriculture cultivation road
test_22022,clear primary agriculture road bare_ground
test_22023,clear primary
test_22024,clear primary agriculture cultivation road
test_22025,partly_cloudy primary agriculture cultivation
test_22026,clear primary
test_22027,clear primary
test_22028,clear primary agriculture road
test_22029,clear primary agriculture cultivation habitation road
test_22030,clear primary agriculture water road
test_22031,clear primary agriculture water cultivation habitation road
test_22032,clear primary water
test_22033,clear primary agriculture water road
test_22034,clear primary
test_22035,clear primary
test_22036,clear haze primary
test_22037,clear primary
test_22038,cloudy
test_22039,clear primary agriculture road
test_22040,clear primary agriculture cultivation habitation road
test_22041,clear primary agriculture
test_22042,clear partly_cloudy primary
test_22043,clear primary agriculture cultivation
test_22044,clear primary
test_22045,partly_cloudy primary agriculture cultivation
test_22046,haze primary
test_22047,clear primary agriculture cultivation
test_22048,clear primary
test_22049,clear primary agriculture cultivation habitation road
test_22050,clear primary
test_22051,clear primary
test_22052,clear primary
test_22053,clear primary water road
test_22054,clear primary agriculture water cultivation
test_22055,clear primary water road
test_22056,clear primary blooming
test_22057,haze cloudy
test_22058,clear primary
test_22059,clear primary
test_22060,clear primary
test_22061,clear primary
test_22062,clear primary
test_22063,clear primary agriculture road
test_22064,clear primary water
test_22065,clear primary agriculture water road bare_ground
test_22066,clear primary agriculture cultivation
test_22067,clear primary agriculture water cultivation habitation
test_22068,clear primary agriculture road
test_22069,clear primary agriculture water habitation road
test_22070,clear primary
test_22071,haze partly_cloudy primary agriculture water
test_22072,clear primary agriculture road bare_ground
test_22073,clear primary agriculture water cultivation habitation
test_22074,cloudy
test_22075,partly_cloudy primary agriculture road
test_22076,clear primary agriculture cultivation road
test_22077,cloudy
test_22078,clear primary agriculture habitation road
test_22079,clear primary agriculture water habitation road
test_22080,clear primary water
test_22081,partly_cloudy primary water
test_22082,partly_cloudy primary
test_22083,partly_cloudy primary
test_22084,clear primary
test_22085,clear primary agriculture water cultivation
test_22086,clear primary
test_22087,clear primary agriculture water road
test_22088,clear primary agriculture cultivation
test_22089,clear primary agriculture water bare_ground
test_22090,clear haze primary agriculture road
test_22091,clear primary agriculture cultivation
test_22092,haze cloudy primary
test_22093,clear cloudy primary water
test_22094,clear primary
test_22095,clear primary agriculture water habitation road
test_22096,clear primary
test_22097,partly_cloudy primary
test_22098,clear primary
test_22099,clear primary
test_22100,clear primary
test_22101,haze partly_cloudy primary
test_22102,clear primary
test_22103,clear primary agriculture road
test_22104,clear partly_cloudy primary agriculture cultivation habitation road
test_22105,clear primary agriculture habitation road
test_22106,partly_cloudy primary
test_22107,clear primary
test_22108,clear primary agriculture road
test_22109,clear primary agriculture cultivation
test_22110,clear primary
test_22111,clear partly_cloudy primary agriculture water road
test_22112,haze primary
test_22113,clear partly_cloudy primary agriculture
test_22114,clear primary
test_22115,clear primary agriculture road
test_22116,clear primary
test_22117,clear primary
test_22118,clear primary
test_22119,partly_cloudy primary
test_22120,clear primary agriculture cultivation
test_22121,partly_cloudy primary agriculture road
test_22122,clear primary
test_22123,partly_cloudy cloudy primary
test_22124,clear primary blooming
test_22125,clear primary
test_22126,clear primary agriculture water cultivation
test_22127,clear primary
test_22128,clear primary
test_22129,clear primary
test_22130,partly_cloudy primary agriculture water
test_22131,cloudy
test_22132,clear primary agriculture water cultivation
test_22133,clear primary water
test_22134,clear primary water road
test_22135,clear primary water
test_22136,clear primary water road
test_22137,clear primary agriculture water cultivation habitation road
test_22138,clear primary
test_22139,clear primary agriculture water cultivation road
test_22140,clear primary agriculture cultivation
test_22141,clear primary
test_22142,clear primary
test_22143,partly_cloudy primary agriculture water road
test_22144,cloudy
test_22145,clear primary agriculture bare_ground
test_22146,clear primary agriculture cultivation road
test_22147,clear haze primary agriculture cultivation road
test_22148,clear partly_cloudy primary agriculture cultivation
test_22149,clear primary agriculture water cultivation road
test_22150,cloudy
test_22151,partly_cloudy primary agriculture cultivation
test_22152,clear primary
test_22153,clear primary agriculture
test_22154,cloudy
test_22155,clear primary water
test_22156,partly_cloudy primary
test_22157,clear primary water road
test_22158,clear primary
test_22159,clear primary water road
test_22160,clear primary
test_22161,partly_cloudy primary
test_22162,clear primary
test_22163,clear primary
test_22164,cloudy
test_22165,partly_cloudy primary
test_22166,clear primary
test_22167,partly_cloudy primary
test_22168,clear primary agriculture habitation road
test_22169,clear cloudy primary water
test_22170,clear primary water
test_22171,clear primary agriculture road
test_22172,clear haze primary agriculture water road
test_22173,clear primary agriculture road bare_ground
test_22174,clear primary
test_22175,cloudy
test_22176,cloudy
test_22177,partly_cloudy primary
test_22178,clear primary
test_22179,partly_cloudy primary
test_22180,cloudy
test_22181,partly_cloudy primary
test_22182,clear primary
test_22183,clear primary agriculture
test_22184,clear primary
test_22185,clear primary
test_22186,clear primary
test_22187,partly_cloudy primary agriculture road
test_22188,partly_cloudy primary agriculture water
test_22189,clear primary agriculture water road
test_22190,clear primary agriculture habitation road
test_22191,clear cloudy primary water
test_22192,partly_cloudy primary
test_22193,clear primary
test_22194,clear partly_cloudy primary
test_22195,clear primary agriculture water habitation road
test_22196,clear primary water
test_22197,clear primary water
test_22198,clear primary agriculture cultivation
test_22199,clear primary
test_22200,partly_cloudy primary
test_22201,clear primary agriculture road
test_22202,partly_cloudy primary
test_22203,clear primary
test_22204,clear primary agriculture road
test_22205,clear primary agriculture water
test_22206,partly_cloudy primary agriculture cultivation
test_22207,clear haze primary agriculture cultivation
test_22208,clear primary
test_22209,partly_cloudy cloudy primary agriculture road
test_22210,clear primary
test_22211,clear primary
test_22212,clear primary
test_22213,clear primary
test_22214,partly_cloudy primary agriculture road
test_22215,clear primary
test_22216,clear primary water road
test_22217,clear primary agriculture cultivation
test_22218,partly_cloudy primary agriculture water
test_22219,partly_cloudy primary water road
test_22220,clear primary
test_22221,clear primary agriculture water habitation road
test_22222,clear partly_cloudy primary
test_22223,clear primary
test_22224,partly_cloudy primary water road
test_22225,partly_cloudy primary
test_22226,clear primary agriculture
test_22227,partly_cloudy primary agriculture water
test_22228,partly_cloudy primary
test_22229,clear primary
test_22230,clear primary agriculture habitation road
test_22231,clear primary agriculture water
test_22232,haze cloudy
test_22233,clear primary water
test_22234,clear primary agriculture cultivation
test_22235,cloudy
test_22236,clear primary agriculture road bare_ground
test_22237,haze cloudy primary
test_22238,clear primary agriculture habitation road
test_22239,clear primary agriculture cultivation habitation
test_22240,partly_cloudy primary agriculture habitation road
test_22241,clear primary
test_22242,clear primary
test_22243,clear primary agriculture cultivation
test_22244,clear primary agriculture water habitation road
test_22245,clear primary agriculture water cultivation
test_22246,clear primary
test_22247,clear primary
test_22248,clear primary
test_22249,clear primary
test_22250,clear primary
test_22251,clear primary agriculture cultivation habitation road
test_22252,clear primary agriculture cultivation
test_22253,haze partly_cloudy cloudy primary
test_22254,partly_cloudy primary agriculture
test_22255,partly_cloudy primary agriculture habitation road
test_22256,clear primary
test_22257,clear primary
test_22258,clear primary agriculture water road
test_22259,haze primary
test_22260,clear primary water cultivation
test_22261,clear primary agriculture cultivation
test_22262,clear primary agriculture water cultivation
test_22263,clear primary
test_22264,clear primary agriculture cultivation
test_22265,clear primary
test_22266,clear primary water road conventional_mine artisinal_mine selective_logging
test_22267,clear primary water road selective_logging
test_22268,clear primary
test_22269,clear haze primary agriculture road
test_22270,clear primary
test_22271,clear primary agriculture water
test_22272,clear primary agriculture cultivation
test_22273,clear primary agriculture water habitation road artisinal_mine selective_logging
test_22274,clear primary water
test_22275,clear primary
test_22276,clear primary agriculture water road
test_22277,cloudy
test_22278,clear cloudy primary water
test_22279,clear primary
test_22280,clear primary
test_22281,clear primary agriculture road
test_22282,clear primary agriculture water
test_22283,clear partly_cloudy primary
test_22284,clear primary water
test_22285,clear primary agriculture water cultivation habitation road
test_22286,clear partly_cloudy primary agriculture cultivation
test_22287,partly_cloudy primary
test_22288,clear primary
test_22289,clear primary agriculture cultivation
test_22290,clear primary
test_22291,clear primary agriculture water road
test_22292,clear haze primary agriculture water
test_22293,partly_cloudy primary
test_22294,clear primary agriculture road
test_22295,clear primary agriculture road
test_22296,partly_cloudy primary water
test_22297,clear primary
test_22298,cloudy
test_22299,clear primary agriculture cultivation habitation road
test_22300,clear haze primary agriculture habitation road
test_22301,partly_cloudy primary agriculture road
test_22302,haze cloudy primary
test_22303,clear primary agriculture habitation road
test_22304,clear primary agriculture cultivation
test_22305,partly_cloudy primary
test_22306,clear primary
test_22307,clear primary agriculture water road
test_22308,clear primary water
test_22309,clear primary agriculture water habitation road
test_22310,clear primary agriculture habitation road
test_22311,clear primary
test_22312,clear primary
test_22313,partly_cloudy primary
test_22314,clear primary
test_22315,clear primary agriculture habitation road
test_22316,clear primary
test_22317,clear primary
test_22318,clear partly_cloudy primary water
test_22319,clear primary
test_22320,partly_cloudy primary agriculture
test_22321,partly_cloudy primary agriculture
test_22322,clear primary agriculture water habitation road bare_ground
test_22323,partly_cloudy primary agriculture cultivation
test_22324,clear primary
test_22325,clear primary agriculture water cultivation
test_22326,partly_cloudy primary agriculture water road
test_22327,clear primary agriculture water habitation road
test_22328,clear primary agriculture cultivation
test_22329,clear primary agriculture
test_22330,clear primary agriculture
test_22331,partly_cloudy primary water road
test_22332,clear primary
test_22333,clear primary
test_22334,partly_cloudy primary agriculture habitation road
test_22335,clear primary agriculture water habitation road
test_22336,clear primary
test_22337,clear haze primary agriculture water habitation road
test_22338,partly_cloudy primary agriculture water habitation road
test_22339,clear cloudy water
test_22340,clear primary
test_22341,clear primary road selective_logging
test_22342,partly_cloudy primary agriculture cultivation habitation
test_22343,partly_cloudy primary agriculture
test_22344,clear primary
test_22345,clear primary water road selective_logging
test_22346,clear primary agriculture
test_22347,clear partly_cloudy primary
test_22348,clear primary agriculture cultivation
test_22349,clear primary agriculture water cultivation
test_22350,haze cloudy primary
test_22351,clear haze primary agriculture water road
test_22352,clear primary agriculture water habitation
test_22353,clear primary
test_22354,haze primary agriculture water
test_22355,clear primary
test_22356,partly_cloudy primary agriculture cultivation
test_22357,clear primary
test_22358,clear primary
test_22359,partly_cloudy primary
test_22360,clear primary
test_22361,cloudy
test_22362,clear primary agriculture habitation road
test_22363,clear primary agriculture road
test_22364,clear primary agriculture habitation road
test_22365,clear primary
test_22366,clear primary
test_22367,clear primary agriculture cultivation habitation road
test_22368,clear primary agriculture road
test_22369,clear partly_cloudy primary
test_22370,clear primary
test_22371,partly_cloudy primary agriculture water road
test_22372,clear primary agriculture water cultivation habitation road
test_22373,clear primary
test_22374,clear primary agriculture cultivation
test_22375,clear primary
test_22376,clear haze primary agriculture cultivation road
test_22377,clear primary agriculture habitation road
test_22378,partly_cloudy cloudy
test_22379,clear primary
test_22380,clear primary water
test_22381,clear primary
test_22382,clear primary
test_22383,clear primary agriculture cultivation
test_22384,partly_cloudy primary agriculture water cultivation habitation road
test_22385,clear primary water road
test_22386,haze cloudy
test_22387,partly_cloudy primary
test_22388,clear primary agriculture habitation road
test_22389,clear primary
test_22390,haze cloudy
test_22391,clear primary
test_22392,partly_cloudy primary water
test_22393,clear primary agriculture water
test_22394,clear primary agriculture road
test_22395,clear primary agriculture cultivation
test_22396,clear primary
test_22397,clear haze primary water road
test_22398,clear primary
test_22399,partly_cloudy primary agriculture
test_22400,clear primary
test_22401,clear primary
test_22402,clear primary agriculture cultivation road
test_22403,clear primary agriculture water habitation road
test_22404,haze primary
test_22405,partly_cloudy primary
test_22406,partly_cloudy primary
test_22407,clear primary
test_22408,clear primary
test_22409,clear primary
test_22410,clear primary water
test_22411,clear primary
test_22412,partly_cloudy primary
test_22413,clear primary agriculture habitation road
test_22414,partly_cloudy primary agriculture water road
test_22415,partly_cloudy primary agriculture cultivation road
test_22416,haze cloudy primary
test_22417,haze cloudy primary
test_22418,haze cloudy primary
test_22419,clear primary
test_22420,clear primary
test_22421,clear primary
test_22422,clear primary
test_22423,clear primary
test_22424,clear primary
test_22425,clear primary
test_22426,clear primary agriculture road
test_22427,clear primary agriculture cultivation
test_22428,clear primary water
test_22429,clear primary agriculture road
test_22430,clear primary
test_22431,partly_cloudy primary agriculture cultivation habitation road
test_22432,clear primary agriculture water road
test_22433,clear primary agriculture water
test_22434,clear partly_cloudy primary
test_22435,clear cloudy water
test_22436,clear primary water
test_22437,clear primary
test_22438,clear primary
test_22439,clear primary
test_22440,clear primary agriculture water road bare_ground
test_22441,clear primary
test_22442,clear partly_cloudy primary
test_22443,clear primary agriculture water cultivation habitation road
test_22444,clear primary
test_22445,clear primary
test_22446,partly_cloudy primary agriculture water cultivation road
test_22447,clear primary
test_22448,clear primary
test_22449,partly_cloudy primary
test_22450,clear primary
test_22451,cloudy
test_22452,partly_cloudy primary agriculture
test_22453,clear primary water
test_22454,haze primary agriculture road
test_22455,clear primary agriculture habitation road
test_22456,clear primary blooming selective_logging
test_22457,clear primary
test_22458,partly_cloudy primary agriculture
test_22459,cloudy water
test_22460,clear partly_cloudy primary
test_22461,clear primary agriculture cultivation
test_22462,clear primary
test_22463,clear primary
test_22464,clear primary agriculture road bare_ground
test_22465,clear partly_cloudy primary agriculture water cultivation
test_22466,clear cloudy water
test_22467,cloudy
test_22468,clear primary blooming
test_22469,clear primary
test_22470,cloudy
test_22471,clear primary
test_22472,partly_cloudy primary
test_22473,partly_cloudy primary
test_22474,clear primary
test_22475,clear primary agriculture road bare_ground
test_22476,clear primary
test_22477,clear primary
test_22478,clear primary
test_22479,partly_cloudy primary agriculture
test_22480,haze cloudy
test_22481,partly_cloudy primary agriculture water
test_22482,clear primary water
test_22483,clear primary water
test_22484,clear primary
test_22485,clear primary
test_22486,clear primary water road
test_22487,clear primary water road
test_22488,clear primary agriculture habitation road
test_22489,clear primary agriculture cultivation habitation
test_22490,clear primary
test_22491,clear primary
test_22492,clear primary water road selective_logging
test_22493,clear primary agriculture water road
test_22494,clear primary cultivation blooming selective_logging
test_22495,clear primary
test_22496,partly_cloudy primary
test_22497,clear primary agriculture bare_ground
test_22498,clear primary
test_22499,clear partly_cloudy primary
test_22500,clear primary
test_22501,clear partly_cloudy primary
test_22502,clear primary
test_22503,clear primary
test_22504,clear primary agriculture habitation road
test_22505,clear primary agriculture water habitation road
test_22506,clear primary agriculture cultivation
test_22507,clear primary
test_22508,clear primary agriculture cultivation habitation road
test_22509,clear primary agriculture cultivation habitation road
test_22510,clear primary agriculture water habitation road
test_22511,clear primary water
test_22512,clear haze primary
test_22513,clear primary
test_22514,clear primary agriculture cultivation
test_22515,clear primary
test_22516,clear primary agriculture road
test_22517,clear primary
test_22518,clear primary
test_22519,clear primary water road
test_22520,haze primary agriculture water
test_22521,clear primary agriculture water
test_22522,clear primary
test_22523,partly_cloudy primary
test_22524,clear primary agriculture cultivation habitation
test_22525,clear primary
test_22526,clear primary
test_22527,clear primary
test_22528,clear primary
test_22529,clear primary agriculture cultivation
test_22530,clear primary
test_22531,clear primary
test_22532,clear primary agriculture road
test_22533,clear primary blooming
test_22534,clear primary
test_22535,clear partly_cloudy primary agriculture cultivation habitation road
test_22536,clear primary
test_22537,clear primary
test_22538,clear primary
test_22539,clear primary
test_22540,cloudy
test_22541,partly_cloudy primary
test_22542,clear primary
test_22543,clear primary agriculture cultivation
test_22544,clear primary agriculture habitation road
test_22545,clear cloudy water
test_22546,haze primary
test_22547,clear primary
test_22548,clear primary
test_22549,clear primary
test_22550,clear primary
test_22551,haze primary agriculture
test_22552,partly_cloudy primary
test_22553,clear primary agriculture cultivation
test_22554,clear primary
test_22555,clear primary agriculture water habitation road
test_22556,clear primary agriculture road
test_22557,partly_cloudy primary agriculture water road
test_22558,clear primary agriculture
test_22559,clear primary water
test_22560,partly_cloudy primary
test_22561,partly_cloudy primary agriculture
test_22562,clear primary
test_22563,partly_cloudy primary agriculture water road
test_22564,clear primary
test_22565,clear primary agriculture cultivation
test_22566,clear primary
test_22567,clear primary agriculture cultivation
test_22568,clear primary water road
test_22569,clear primary
test_22570,clear primary agriculture water habitation road
test_22571,cloudy
test_22572,clear primary
test_22573,partly_cloudy primary
test_22574,cloudy
test_22575,clear primary agriculture water
test_22576,clear primary agriculture water
test_22577,clear primary water artisinal_mine
test_22578,partly_cloudy primary
test_22579,clear primary agriculture cultivation
test_22580,clear primary
test_22581,clear primary
test_22582,clear partly_cloudy primary
test_22583,clear primary agriculture habitation road
test_22584,clear primary
test_22585,clear primary agriculture water road
test_22586,clear primary
test_22587,cloudy
test_22588,clear primary
test_22589,clear primary agriculture cultivation road
test_22590,partly_cloudy primary agriculture habitation road
test_22591,clear primary agriculture water cultivation
test_22592,partly_cloudy primary
test_22593,partly_cloudy primary agriculture cultivation
test_22594,partly_cloudy primary agriculture habitation road
test_22595,clear primary agriculture habitation road
test_22596,partly_cloudy primary
test_22597,clear primary
test_22598,clear primary
test_22599,clear primary
test_22600,partly_cloudy primary
test_22601,clear primary agriculture habitation road
test_22602,clear primary water habitation road bare_ground artisinal_mine
test_22603,partly_cloudy primary agriculture cultivation habitation road
test_22604,clear primary
test_22605,clear primary water
test_22606,clear primary agriculture cultivation
test_22607,clear primary
test_22608,clear primary agriculture cultivation
test_22609,clear primary agriculture cultivation habitation road
test_22610,clear primary agriculture cultivation
test_22611,clear primary
test_22612,clear partly_cloudy primary agriculture water habitation road
test_22613,clear primary
test_22614,clear primary
test_22615,clear primary
test_22616,partly_cloudy primary agriculture
test_22617,clear primary agriculture water cultivation
test_22618,clear primary agriculture cultivation
test_22619,partly_cloudy primary agriculture road
test_22620,clear primary
test_22621,clear primary agriculture water
test_22622,clear primary agriculture cultivation
test_22623,clear primary road selective_logging
test_22624,haze primary
test_22625,clear primary blooming selective_logging
test_22626,clear primary blooming
test_22627,partly_cloudy primary
test_22628,partly_cloudy primary agriculture cultivation
test_22629,clear primary agriculture habitation road
test_22630,clear primary
test_22631,clear primary
test_22632,clear primary
test_22633,clear primary agriculture water
test_22634,clear primary
test_22635,partly_cloudy cloudy
test_22636,clear primary
test_22637,clear primary
test_22638,clear primary agriculture cultivation road
test_22639,clear haze primary agriculture water
test_22640,clear primary
test_22641,clear primary
test_22642,partly_cloudy primary
test_22643,clear primary
test_22644,clear primary
test_22645,clear primary agriculture water cultivation
test_22646,clear primary
test_22647,partly_cloudy primary agriculture water
test_22648,clear primary
test_22649,cloudy
test_22650,clear primary
test_22651,clear primary
test_22652,clear primary
test_22653,clear primary
test_22654,clear primary
test_22655,partly_cloudy primary agriculture habitation road
test_22656,clear primary agriculture habitation road
test_22657,clear primary agriculture water road
test_22658,clear primary agriculture cultivation habitation
test_22659,clear primary agriculture cultivation habitation road
test_22660,clear primary agriculture cultivation habitation road
test_22661,clear primary agriculture water
test_22662,clear primary agriculture road
test_22663,partly_cloudy primary agriculture water
test_22664,clear primary agriculture
test_22665,clear primary water
test_22666,clear primary
test_22667,clear primary agriculture
test_22668,clear primary agriculture cultivation
test_22669,cloudy
test_22670,clear primary agriculture habitation road
test_22671,clear primary
test_22672,partly_cloudy primary agriculture habitation road
test_22673,clear primary
test_22674,partly_cloudy primary agriculture
test_22675,clear primary
test_22676,partly_cloudy primary agriculture cultivation
test_22677,partly_cloudy primary
test_22678,clear primary agriculture habitation road
test_22679,clear primary
test_22680,clear haze primary agriculture water road
test_22681,clear primary
test_22682,clear primary
test_22683,clear cloudy water
test_22684,clear primary agriculture water habitation road
test_22685,haze cloudy primary
test_22686,clear primary agriculture cultivation
test_22687,cloudy
test_22688,partly_cloudy primary
test_22689,partly_cloudy primary agriculture cultivation
test_22690,clear primary agriculture habitation road
test_22691,clear primary water habitation
test_22692,haze primary agriculture water road
test_22693,partly_cloudy primary water
test_22694,clear partly_cloudy primary
test_22695,clear cloudy water
test_22696,haze cloudy primary
test_22697,clear primary
test_22698,clear primary agriculture cultivation habitation road
test_22699,clear primary
test_22700,clear primary
test_22701,clear primary agriculture water road
test_22702,clear primary
test_22703,clear primary
test_22704,partly_cloudy primary
test_22705,clear cloudy primary water
test_22706,clear primary
test_22707,clear partly_cloudy primary water road selective_logging
test_22708,clear partly_cloudy primary agriculture
test_22709,haze cloudy primary
test_22710,clear primary water
test_22711,partly_cloudy primary agriculture cultivation road
test_22712,haze primary
test_22713,haze cloudy primary
test_22714,clear primary agriculture cultivation road
test_22715,clear primary agriculture cultivation
test_22716,clear primary
test_22717,clear primary agriculture habitation road
test_22718,clear primary agriculture cultivation
test_22719,clear primary
test_22720,clear primary
test_22721,clear partly_cloudy primary
test_22722,clear primary agriculture road
test_22723,clear haze primary
test_22724,clear primary agriculture water habitation road
test_22725,clear primary
test_22726,clear primary agriculture water cultivation
test_22727,clear primary agriculture water cultivation
test_22728,partly_cloudy primary agriculture water
test_22729,haze cloudy primary
test_22730,partly_cloudy primary
test_22731,clear primary agriculture water cultivation bare_ground artisinal_mine
test_22732,clear primary
test_22733,clear primary
test_22734,clear primary agriculture road
test_22735,partly_cloudy primary agriculture
test_22736,clear primary
test_22737,haze cloudy primary
test_22738,clear primary
test_22739,clear primary agriculture cultivation habitation road
test_22740,clear primary agriculture water road
test_22741,clear primary water
test_22742,clear primary agriculture
test_22743,clear primary
test_22744,clear primary agriculture cultivation habitation
test_22745,clear primary water
test_22746,partly_cloudy primary
test_22747,clear primary agriculture cultivation
test_22748,clear primary
test_22749,clear partly_cloudy primary agriculture cultivation road
test_22750,partly_cloudy primary
test_22751,clear primary water
test_22752,partly_cloudy cloudy primary agriculture water
test_22753,clear primary agriculture cultivation habitation road
test_22754,clear primary agriculture water cultivation habitation
test_22755,clear primary agriculture water cultivation habitation road
test_22756,clear primary agriculture water cultivation habitation road
test_22757,clear primary agriculture water
test_22758,partly_cloudy primary
test_22759,partly_cloudy primary
test_22760,clear primary
test_22761,haze primary
test_22762,clear primary
test_22763,clear primary
test_22764,clear cloudy water
test_22765,haze cloudy water
test_22766,clear primary agriculture water habitation road
test_22767,clear primary agriculture
test_22768,clear primary agriculture
test_22769,clear primary
test_22770,clear partly_cloudy primary
test_22771,clear primary agriculture habitation road
test_22772,partly_cloudy primary
test_22773,clear primary agriculture road
test_22774,clear primary agriculture cultivation
test_22775,clear primary water
test_22776,clear primary agriculture water road
test_22777,clear primary habitation road
test_22778,clear primary
test_22779,partly_cloudy primary
test_22780,clear primary
test_22781,clear primary
test_22782,clear primary
test_22783,clear primary water road
test_22784,clear primary agriculture water
test_22785,clear primary
test_22786,clear primary agriculture cultivation
test_22787,clear primary
test_22788,haze primary water
test_22789,clear primary
test_22790,clear haze primary
test_22791,clear primary
test_22792,clear primary agriculture water habitation road
test_22793,clear primary agriculture habitation road
test_22794,clear primary agriculture water cultivation
test_22795,partly_cloudy primary agriculture water road
test_22796,clear primary water
test_22797,clear primary agriculture habitation road
test_22798,clear primary
test_22799,clear primary
test_22800,partly_cloudy primary
test_22801,clear primary
test_22802,clear partly_cloudy primary
test_22803,clear primary
test_22804,cloudy
test_22805,clear primary agriculture habitation road
test_22806,clear primary
test_22807,clear primary agriculture cultivation
test_22808,clear primary agriculture water cultivation habitation
test_22809,partly_cloudy primary
test_22810,partly_cloudy primary
test_22811,clear primary
test_22812,partly_cloudy primary agriculture water
test_22813,cloudy
test_22814,clear primary
test_22815,haze partly_cloudy primary
test_22816,clear primary agriculture habitation road
test_22817,clear primary
test_22818,clear primary agriculture road
test_22819,clear primary
test_22820,clear primary habitation road
test_22821,clear primary agriculture cultivation
test_22822,partly_cloudy primary agriculture cultivation
test_22823,clear primary
test_22824,clear primary
test_22825,clear primary
test_22826,clear primary
test_22827,clear primary
test_22828,partly_cloudy primary
test_22829,clear haze primary
test_22830,clear primary
test_22831,cloudy
test_22832,clear primary
test_22833,partly_cloudy primary
test_22834,partly_cloudy primary
test_22835,clear primary agriculture road bare_ground
test_22836,clear primary water artisinal_mine
test_22837,clear primary agriculture habitation road
test_22838,clear primary agriculture water
test_22839,clear primary agriculture water habitation road
test_22840,clear primary
test_22841,partly_cloudy primary agriculture road
test_22842,clear primary
test_22843,partly_cloudy primary
test_22844,clear primary
test_22845,clear haze primary
test_22846,clear primary
test_22847,clear primary
test_22848,clear primary agriculture road
test_22849,clear primary
test_22850,partly_cloudy primary agriculture cultivation
test_22851,clear primary road selective_logging
test_22852,haze cloudy
test_22853,clear primary agriculture water cultivation
test_22854,clear primary agriculture cultivation habitation
test_22855,clear primary
test_22856,clear primary
test_22857,clear haze primary
test_22858,partly_cloudy primary
test_22859,haze cloudy primary
test_22860,partly_cloudy cloudy primary
test_22861,clear primary water
test_22862,clear partly_cloudy primary agriculture cultivation habitation road
test_22863,clear primary agriculture cultivation
test_22864,clear primary agriculture habitation road
test_22865,haze cloudy primary
test_22866,clear primary cultivation
test_22867,clear primary agriculture road
test_22868,clear cloudy primary water
test_22869,clear primary agriculture water cultivation
test_22870,haze primary
test_22871,clear primary
test_22872,partly_cloudy primary agriculture habitation road
test_22873,clear cloudy primary water
test_22874,clear primary agriculture water cultivation road
test_22875,clear primary
test_22876,clear primary
test_22877,clear primary water
test_22878,clear primary
test_22879,clear partly_cloudy primary agriculture cultivation habitation road
test_22880,haze primary
test_22881,partly_cloudy primary
test_22882,clear primary water road
test_22883,clear partly_cloudy primary agriculture
test_22884,clear primary agriculture habitation road
test_22885,clear primary agriculture road
test_22886,clear primary agriculture habitation road
test_22887,clear primary agriculture road bare_ground
test_22888,clear primary cultivation
test_22889,partly_cloudy primary
test_22890,clear primary
test_22891,haze primary water road
test_22892,clear primary agriculture habitation road
test_22893,partly_cloudy primary
test_22894,clear haze primary water
test_22895,clear primary agriculture cultivation
test_22896,haze primary
test_22897,clear primary water
test_22898,clear primary agriculture water cultivation
test_22899,partly_cloudy primary agriculture cultivation
test_22900,clear primary agriculture cultivation
test_22901,clear primary water artisinal_mine
test_22902,cloudy
test_22903,partly_cloudy primary
test_22904,clear primary
test_22905,clear primary agriculture road
test_22906,clear primary
test_22907,clear primary
test_22908,clear primary agriculture cultivation
test_22909,clear primary agriculture road
test_22910,clear cloudy water
test_22911,clear haze primary
test_22912,clear primary
test_22913,clear primary
test_22914,clear primary
test_22915,haze primary
test_22916,partly_cloudy primary agriculture road
test_22917,partly_cloudy cloudy primary water
test_22918,clear primary
test_22919,clear primary blooming
test_22920,partly_cloudy primary water
test_22921,clear primary
test_22922,clear primary agriculture habitation road
test_22923,haze primary
test_22924,haze primary
test_22925,partly_cloudy primary
test_22926,clear primary water
test_22927,partly_cloudy primary
test_22928,partly_cloudy cloudy
test_22929,clear primary
test_22930,clear primary
test_22931,clear primary
test_22932,clear primary
test_22933,clear primary agriculture habitation road
test_22934,clear primary
test_22935,clear primary agriculture cultivation habitation
test_22936,clear primary
test_22937,clear primary agriculture cultivation habitation road
test_22938,clear primary
test_22939,clear primary agriculture cultivation road
test_22940,clear primary road
test_22941,clear haze primary agriculture water cultivation
test_22942,clear primary
test_22943,partly_cloudy primary agriculture
test_22944,clear primary agriculture cultivation
test_22945,clear primary cultivation
test_22946,partly_cloudy primary
test_22947,clear primary agriculture cultivation road
test_22948,clear primary agriculture cultivation
test_22949,clear primary agriculture cultivation
test_22950,clear primary
test_22951,clear primary
test_22952,clear primary agriculture water road
test_22953,clear haze primary agriculture water road
test_22954,partly_cloudy primary
test_22955,clear primary
test_22956,partly_cloudy primary
test_22957,clear primary agriculture cultivation habitation road
test_22958,clear primary blooming selective_logging
test_22959,clear primary blooming
test_22960,clear primary agriculture cultivation
test_22961,clear primary agriculture water
test_22962,clear primary
test_22963,clear primary water
test_22964,clear primary
test_22965,clear primary water
test_22966,clear primary
test_22967,clear primary
test_22968,clear primary
test_22969,partly_cloudy primary
test_22970,clear primary
test_22971,clear primary agriculture water road
test_22972,partly_cloudy primary
test_22973,clear partly_cloudy primary
test_22974,clear primary
test_22975,clear primary agriculture cultivation
test_22976,cloudy
test_22977,haze primary agriculture water
test_22978,partly_cloudy primary
test_22979,clear primary agriculture water
test_22980,clear primary
test_22981,clear primary
test_22982,clear primary
test_22983,clear primary
test_22984,clear haze primary
test_22985,clear primary agriculture water habitation road
test_22986,clear primary agriculture cultivation habitation road
test_22987,clear cloudy water
test_22988,partly_cloudy primary agriculture water habitation road
test_22989,clear primary agriculture water road bare_ground artisinal_mine
test_22990,clear primary agriculture water
test_22991,clear primary
test_22992,clear primary agriculture cultivation
test_22993,partly_cloudy primary agriculture cultivation habitation road
test_22994,haze primary
test_22995,clear primary
test_22996,clear primary agriculture cultivation road
test_22997,clear primary agriculture cultivation habitation road
test_22998,partly_cloudy primary agriculture road
test_22999,partly_cloudy primary
test_23000,partly_cloudy primary
test_23001,partly_cloudy primary
test_23002,clear primary
test_23003,partly_cloudy primary agriculture road
test_23004,clear primary agriculture road bare_ground
test_23005,clear primary
test_23006,clear primary water bare_ground artisinal_mine
test_23007,clear primary
test_23008,clear primary agriculture habitation road
test_23009,partly_cloudy primary agriculture
test_23010,cloudy
test_23011,clear partly_cloudy primary agriculture water cultivation road
test_23012,clear primary agriculture cultivation habitation road
test_23013,clear primary agriculture water road
test_23014,partly_cloudy primary
test_23015,clear primary
test_23016,clear primary water cultivation road selective_logging
test_23017,clear primary water
test_23018,clear primary agriculture cultivation habitation road
test_23019,clear primary
test_23020,clear primary agriculture
test_23021,clear primary agriculture cultivation habitation
test_23022,clear primary
test_23023,clear primary water
test_23024,clear primary
test_23025,clear primary agriculture cultivation
test_23026,clear primary
test_23027,clear primary agriculture water
test_23028,clear primary
test_23029,clear primary
test_23030,clear primary
test_23031,clear primary
test_23032,clear primary water artisinal_mine
test_23033,clear primary agriculture cultivation
test_23034,clear primary
test_23035,clear primary
test_23036,clear partly_cloudy primary
test_23037,clear primary agriculture habitation road
test_23038,clear primary agriculture water bare_ground
test_23039,clear primary agriculture habitation road
test_23040,clear primary agriculture water cultivation habitation road
test_23041,clear primary
test_23042,cloudy water
test_23043,clear primary agriculture water bare_ground
test_23044,clear primary agriculture cultivation
test_23045,clear primary agriculture cultivation
test_23046,clear primary agriculture water
test_23047,clear primary
test_23048,clear primary agriculture water cultivation
test_23049,clear primary water
test_23050,clear primary habitation road
test_23051,clear primary agriculture cultivation
test_23052,clear primary agriculture habitation road bare_ground
test_23053,clear primary agriculture
test_23054,clear primary agriculture water
test_23055,cloudy
test_23056,clear primary
test_23057,clear primary
test_23058,partly_cloudy primary
test_23059,partly_cloudy primary agriculture cultivation
test_23060,clear primary agriculture cultivation
test_23061,clear primary water
test_23062,clear haze primary agriculture
test_23063,clear partly_cloudy primary
test_23064,clear primary agriculture cultivation
test_23065,clear primary agriculture water
test_23066,clear primary
test_23067,partly_cloudy primary
test_23068,clear primary agriculture cultivation
test_23069,clear primary
test_23070,clear primary agriculture habitation road
test_23071,clear primary
test_23072,clear haze primary agriculture water road
test_23073,clear partly_cloudy primary
test_23074,clear primary agriculture cultivation road
test_23075,clear primary
test_23076,clear primary
test_23077,clear primary water road
test_23078,clear primary
test_23079,clear partly_cloudy primary agriculture water cultivation habitation road
test_23080,clear primary agriculture cultivation
test_23081,clear primary
test_23082,clear primary agriculture water
test_23083,clear primary agriculture cultivation
test_23084,clear primary water
test_23085,cloudy
test_23086,clear primary agriculture cultivation
test_23087,clear primary agriculture water cultivation habitation road
test_23088,clear primary
test_23089,partly_cloudy primary agriculture water
test_23090,clear primary
test_23091,clear primary
test_23092,clear primary water road
test_23093,clear primary water
test_23094,clear primary
test_23095,clear primary
test_23096,clear primary agriculture habitation road
test_23097,partly_cloudy primary agriculture cultivation
test_23098,clear primary
test_23099,clear primary
test_23100,clear primary
test_23101,clear primary agriculture water
test_23102,clear primary
test_23103,clear primary
test_23104,clear primary
test_23105,partly_cloudy primary
test_23106,clear primary agriculture habitation road bare_ground
test_23107,clear primary agriculture cultivation
test_23108,partly_cloudy primary agriculture water cultivation
test_23109,clear primary
test_23110,clear primary
test_23111,partly_cloudy primary agriculture water
test_23112,clear primary agriculture habitation road
test_23113,clear primary
test_23114,clear primary
test_23115,cloudy
test_23116,clear primary agriculture cultivation
test_23117,partly_cloudy primary water
test_23118,clear primary agriculture habitation road
test_23119,haze primary water
test_23120,clear primary
test_23121,partly_cloudy primary
test_23122,partly_cloudy primary
test_23123,clear primary
test_23124,clear primary
test_23125,clear primary
test_23126,haze cloudy primary
test_23127,clear primary agriculture cultivation habitation road
test_23128,clear primary
test_23129,clear primary
test_23130,clear primary water
test_23131,clear primary agriculture habitation road
test_23132,clear primary
test_23133,partly_cloudy primary water road
test_23134,clear primary
test_23135,clear partly_cloudy primary
test_23136,clear primary water
test_23137,clear primary
test_23138,clear primary agriculture cultivation
test_23139,clear primary agriculture water cultivation
test_23140,clear primary water
test_23141,clear primary
test_23142,partly_cloudy primary agriculture water cultivation
test_23143,haze cloudy primary
test_23144,clear primary
test_23145,clear primary habitation road
test_23146,clear primary
test_23147,clear primary
test_23148,clear primary
test_23149,clear primary
test_23150,partly_cloudy primary agriculture water road
test_23151,clear primary agriculture habitation road
test_23152,clear primary
test_23153,clear primary agriculture water habitation road
test_23154,clear primary water
test_23155,clear primary water
test_23156,partly_cloudy primary
test_23157,clear primary
test_23158,clear primary
test_23159,clear primary
test_23160,clear primary agriculture cultivation road
test_23161,clear primary agriculture road
test_23162,clear haze primary agriculture cultivation
test_23163,partly_cloudy primary agriculture water
test_23164,clear primary agriculture cultivation habitation road
test_23165,partly_cloudy primary agriculture cultivation
test_23166,clear primary
test_23167,clear primary
test_23168,haze primary
test_23169,partly_cloudy cloudy primary
test_23170,clear primary agriculture cultivation
test_23171,partly_cloudy primary water
test_23172,clear primary agriculture water road
test_23173,haze primary
test_23174,clear primary
test_23175,cloudy
test_23176,clear primary agriculture road
test_23177,clear primary
test_23178,clear primary water road
test_23179,clear primary
test_23180,clear primary agriculture cultivation road
test_23181,haze cloudy primary
test_23182,clear primary agriculture road
test_23183,clear primary water
test_23184,clear primary
test_23185,cloudy
test_23186,clear primary water road
test_23187,partly_cloudy primary water
test_23188,partly_cloudy cloudy primary
test_23189,clear primary
test_23190,clear primary agriculture cultivation road
test_23191,clear primary
test_23192,clear primary
test_23193,clear primary
test_23194,clear primary water road selective_logging
test_23195,clear primary
test_23196,clear primary agriculture water road
test_23197,clear primary water
test_23198,clear primary agriculture bare_ground
test_23199,partly_cloudy primary
test_23200,clear primary agriculture water habitation road
test_23201,clear primary
test_23202,clear primary
test_23203,clear haze primary agriculture water habitation road
test_23204,clear primary agriculture
test_23205,clear primary
test_23206,clear primary agriculture cultivation habitation road
test_23207,clear primary agriculture cultivation
test_23208,clear primary
test_23209,clear primary
test_23210,clear primary agriculture habitation road
test_23211,clear primary agriculture water habitation road
test_23212,clear primary
test_23213,partly_cloudy primary
test_23214,clear primary
test_23215,clear haze primary agriculture water road
test_23216,clear primary blooming
test_23217,partly_cloudy cloudy primary water
test_23218,clear primary agriculture road
test_23219,partly_cloudy primary
test_23220,clear primary
test_23221,clear primary agriculture cultivation
test_23222,clear primary
test_23223,partly_cloudy primary agriculture water
test_23224,clear primary
test_23225,clear primary agriculture cultivation
test_23226,clear haze primary water
test_23227,clear primary
test_23228,clear primary water
test_23229,clear partly_cloudy primary agriculture road
test_23230,cloudy
test_23231,clear primary agriculture cultivation
test_23232,clear primary road
test_23233,clear primary agriculture water
test_23234,clear primary blooming
test_23235,clear primary
test_23236,clear haze primary agriculture cultivation
test_23237,clear haze primary agriculture water
test_23238,clear primary agriculture water
test_23239,clear primary water
test_23240,clear haze primary agriculture cultivation
test_23241,clear primary agriculture cultivation road
test_23242,partly_cloudy primary agriculture
test_23243,clear primary
test_23244,clear primary
test_23245,clear primary agriculture road
test_23246,clear primary
test_23247,clear primary water road
test_23248,clear primary
test_23249,clear primary
test_23250,clear primary
test_23251,haze primary
test_23252,clear haze primary agriculture habitation road
test_23253,clear primary agriculture cultivation habitation
test_23254,partly_cloudy primary
test_23255,clear primary
test_23256,clear primary agriculture habitation road
test_23257,clear primary
test_23258,clear primary
test_23259,partly_cloudy primary
test_23260,clear primary
test_23261,partly_cloudy primary
test_23262,clear partly_cloudy primary
test_23263,haze cloudy primary
test_23264,partly_cloudy primary agriculture water road
test_23265,clear primary agriculture cultivation habitation road
test_23266,partly_cloudy primary
test_23267,clear primary
test_23268,clear primary
test_23269,cloudy
test_23270,partly_cloudy primary agriculture cultivation
test_23271,clear haze primary agriculture road
test_23272,clear primary
test_23273,clear primary
test_23274,clear primary
test_23275,clear primary
test_23276,partly_cloudy primary
test_23277,clear primary agriculture water bare_ground
test_23278,clear primary
test_23279,partly_cloudy primary
test_23280,clear primary
test_23281,clear primary agriculture habitation road
test_23282,clear partly_cloudy primary agriculture cultivation
test_23283,clear primary agriculture habitation road
test_23284,clear primary
test_23285,clear primary agriculture habitation road
test_23286,partly_cloudy cloudy
test_23287,clear primary
test_23288,clear partly_cloudy primary water road
test_23289,clear primary
test_23290,clear primary
test_23291,clear primary agriculture road
test_23292,clear primary agriculture water habitation road
test_23293,clear primary
test_23294,clear primary water
test_23295,clear primary
test_23296,clear primary agriculture water cultivation
test_23297,clear haze primary agriculture cultivation
test_23298,clear primary agriculture habitation road
test_23299,clear primary water
test_23300,clear primary agriculture cultivation road
test_23301,partly_cloudy primary agriculture water road
test_23302,clear haze primary agriculture water road
test_23303,clear primary
test_23304,haze cloudy
test_23305,clear primary agriculture cultivation
test_23306,clear primary agriculture cultivation
test_23307,partly_cloudy primary
test_23308,clear primary
test_23309,clear primary
test_23310,clear primary agriculture cultivation habitation road
test_23311,partly_cloudy primary
test_23312,haze primary
test_23313,partly_cloudy primary agriculture cultivation habitation
test_23314,haze cloudy primary
test_23315,clear primary water
test_23316,clear primary agriculture road
test_23317,clear primary water habitation road bare_ground artisinal_mine
test_23318,clear primary
test_23319,clear primary
test_23320,haze partly_cloudy primary
test_23321,clear primary
test_23322,clear partly_cloudy primary
test_23323,clear primary
test_23324,clear primary water
test_23325,partly_cloudy cloudy primary agriculture water
test_23326,clear primary
test_23327,clear primary agriculture
test_23328,clear primary agriculture habitation road
test_23329,partly_cloudy primary agriculture water
test_23330,clear primary water road
test_23331,clear primary agriculture cultivation habitation
test_23332,clear primary agriculture cultivation habitation road
test_23333,clear primary
test_23334,clear primary
test_23335,clear primary agriculture cultivation habitation road
test_23336,clear primary agriculture water road
test_23337,clear primary agriculture water cultivation
test_23338,clear cloudy water
test_23339,cloudy
test_23340,clear primary agriculture
test_23341,clear primary water road
test_23342,partly_cloudy primary
test_23343,clear primary
test_23344,clear primary
test_23345,clear primary agriculture cultivation road
test_23346,clear primary
test_23347,clear primary agriculture cultivation
test_23348,clear primary agriculture habitation road
test_23349,partly_cloudy primary agriculture
test_23350,clear primary agriculture cultivation road
test_23351,clear primary water road
test_23352,clear primary
test_23353,clear primary agriculture water
test_23354,clear partly_cloudy primary
test_23355,clear primary
test_23356,clear primary agriculture water
test_23357,clear primary
test_23358,clear primary
test_23359,clear cloudy primary water
test_23360,clear primary
test_23361,clear primary agriculture habitation road
test_23362,clear primary
test_23363,clear primary agriculture habitation road
test_23364,partly_cloudy primary water
test_23365,clear cloudy water
test_23366,clear primary agriculture road
test_23367,partly_cloudy cloudy primary
test_23368,clear primary water
test_23369,clear primary water road selective_logging
test_23370,clear primary
test_23371,clear primary agriculture bare_ground
test_23372,partly_cloudy primary agriculture water cultivation habitation
test_23373,clear primary agriculture water
test_23374,clear partly_cloudy primary agriculture water cultivation habitation road
test_23375,partly_cloudy primary
test_23376,clear cloudy water
test_23377,clear primary agriculture water cultivation habitation road
test_23378,partly_cloudy cloudy primary
test_23379,clear primary agriculture cultivation
test_23380,cloudy
test_23381,clear primary
test_23382,clear primary agriculture road
test_23383,clear cloudy water
test_23384,clear primary
test_23385,clear primary agriculture road
test_23386,clear primary
test_23387,clear primary agriculture cultivation
test_23388,clear primary
test_23389,partly_cloudy primary
test_23390,clear primary
test_23391,partly_cloudy primary
test_23392,partly_cloudy primary agriculture water
test_23393,clear primary agriculture water road
test_23394,clear primary agriculture road
test_23395,clear primary agriculture water
test_23396,cloudy
test_23397,clear primary agriculture cultivation
test_23398,partly_cloudy primary
test_23399,clear primary
test_23400,clear partly_cloudy primary agriculture water
test_23401,clear primary
test_23402,clear primary water
test_23403,partly_cloudy primary agriculture road
test_23404,clear primary
test_23405,clear primary agriculture habitation road
test_23406,partly_cloudy primary agriculture cultivation road
test_23407,clear primary agriculture water road
test_23408,clear primary
test_23409,clear primary agriculture habitation road
test_23410,clear primary water road
test_23411,haze partly_cloudy primary
test_23412,clear primary
test_23413,clear primary
test_23414,clear partly_cloudy primary
test_23415,clear primary
test_23416,clear primary agriculture
test_23417,partly_cloudy primary water
test_23418,clear primary
test_23419,clear primary
test_23420,clear primary
test_23421,clear primary agriculture cultivation habitation road
test_23422,partly_cloudy primary
test_23423,clear primary agriculture habitation road
test_23424,clear primary
test_23425,clear primary water artisinal_mine
test_23426,haze cloudy primary
test_23427,partly_cloudy primary agriculture cultivation road
test_23428,clear primary agriculture road
test_23429,partly_cloudy primary agriculture road
test_23430,clear primary agriculture water cultivation habitation road
test_23431,clear primary
test_23432,clear partly_cloudy primary agriculture cultivation
test_23433,clear primary
test_23434,haze cloudy primary
test_23435,partly_cloudy primary
test_23436,partly_cloudy primary
test_23437,clear primary
test_23438,clear primary
test_23439,partly_cloudy primary
test_23440,clear primary agriculture cultivation
test_23441,clear primary
test_23442,clear primary
test_23443,cloudy water
test_23444,haze cloudy primary
test_23445,clear primary water
test_23446,clear primary agriculture road
test_23447,clear primary
test_23448,partly_cloudy primary
test_23449,cloudy
test_23450,partly_cloudy primary
test_23451,clear primary
test_23452,clear primary
test_23453,clear primary
test_23454,clear primary agriculture water cultivation habitation road
test_23455,clear partly_cloudy primary
test_23456,clear primary water
test_23457,clear primary water road
test_23458,clear primary agriculture cultivation habitation road
test_23459,clear primary
test_23460,clear primary
test_23461,clear primary
test_23462,clear primary
test_23463,clear primary agriculture cultivation
test_23464,clear primary agriculture water road
test_23465,cloudy
test_23466,clear primary agriculture cultivation habitation road
test_23467,clear primary agriculture cultivation
test_23468,clear partly_cloudy primary agriculture water cultivation
test_23469,clear primary agriculture water habitation road
test_23470,partly_cloudy primary
test_23471,partly_cloudy primary
test_23472,partly_cloudy primary
test_23473,clear primary agriculture road
test_23474,partly_cloudy cloudy primary
test_23475,clear primary
test_23476,partly_cloudy primary
test_23477,partly_cloudy primary
test_23478,partly_cloudy primary agriculture cultivation habitation road
test_23479,clear primary
test_23480,haze partly_cloudy primary agriculture
test_23481,clear primary
test_23482,partly_cloudy primary agriculture cultivation road
test_23483,partly_cloudy primary agriculture
test_23484,clear primary agriculture cultivation
test_23485,clear primary
test_23486,clear cloudy water
test_23487,clear primary
test_23488,clear primary
test_23489,partly_cloudy primary
test_23490,clear primary water conventional_mine bare_ground artisinal_mine
test_23491,clear haze primary
test_23492,partly_cloudy primary
test_23493,clear primary agriculture cultivation habitation road
test_23494,partly_cloudy primary agriculture water cultivation
test_23495,partly_cloudy primary agriculture habitation road
test_23496,clear primary water road selective_logging
test_23497,clear primary
test_23498,clear primary
test_23499,clear partly_cloudy primary water
test_23500,clear primary
test_23501,clear primary agriculture
test_23502,partly_cloudy primary
test_23503,partly_cloudy primary agriculture
test_23504,partly_cloudy primary agriculture water
test_23505,clear primary
test_23506,partly_cloudy primary
test_23507,clear primary agriculture road
test_23508,clear primary
test_23509,clear primary
test_23510,haze primary
test_23511,partly_cloudy primary agriculture
test_23512,clear primary agriculture water
test_23513,clear primary
test_23514,clear primary habitation road
test_23515,clear primary
test_23516,clear partly_cloudy primary agriculture water
test_23517,haze cloudy primary
test_23518,clear primary
test_23519,clear primary agriculture habitation road
test_23520,partly_cloudy primary agriculture
test_23521,cloudy
test_23522,clear primary agriculture cultivation
test_23523,clear primary agriculture habitation road
test_23524,clear primary
test_23525,partly_cloudy primary
test_23526,partly_cloudy primary agriculture
test_23527,clear primary
test_23528,partly_cloudy primary
test_23529,clear primary agriculture cultivation
test_23530,clear primary
test_23531,clear haze primary
test_23532,partly_cloudy primary
test_23533,clear primary
test_23534,clear primary agriculture cultivation
test_23535,partly_cloudy primary
test_23536,clear primary agriculture water habitation road
test_23537,haze cloudy primary
test_23538,clear primary agriculture habitation road
test_23539,clear primary agriculture cultivation habitation road
test_23540,clear primary
test_23541,clear primary agriculture road bare_ground
test_23542,clear haze primary agriculture road
test_23543,clear primary agriculture water road
test_23544,clear primary
test_23545,clear primary agriculture habitation road
test_23546,clear primary agriculture habitation road
test_23547,haze cloudy
test_23548,clear primary
test_23549,clear primary
test_23550,clear primary
test_23551,clear primary
test_23552,clear primary
test_23553,clear primary agriculture habitation road
test_23554,partly_cloudy primary agriculture
test_23555,haze primary agriculture water
test_23556,partly_cloudy primary
test_23557,cloudy
test_23558,clear primary
test_23559,clear primary agriculture cultivation habitation road
test_23560,clear primary agriculture road
test_23561,cloudy
test_23562,clear primary agriculture cultivation
test_23563,partly_cloudy cloudy primary
test_23564,clear primary water bare_ground artisinal_mine
test_23565,clear primary water
test_23566,clear partly_cloudy primary agriculture cultivation habitation road
test_23567,clear primary
test_23568,partly_cloudy primary
test_23569,clear primary
test_23570,clear primary
test_23571,partly_cloudy primary agriculture road
test_23572,clear primary agriculture cultivation
test_23573,cloudy
test_23574,clear primary
test_23575,clear primary
test_23576,clear primary
test_23577,clear primary
test_23578,clear primary water road
test_23579,haze primary
test_23580,clear primary agriculture cultivation
test_23581,clear primary agriculture cultivation road
test_23582,partly_cloudy primary
test_23583,clear primary agriculture cultivation road
test_23584,clear primary agriculture habitation road
test_23585,partly_cloudy primary agriculture road
test_23586,clear primary
test_23587,clear primary
test_23588,clear partly_cloudy primary
test_23589,partly_cloudy primary
test_23590,clear primary
test_23591,clear primary
test_23592,clear primary agriculture water bare_ground
test_23593,clear primary water
test_23594,clear primary road
test_23595,clear primary agriculture habitation road
test_23596,cloudy
test_23597,partly_cloudy primary agriculture habitation road
test_23598,clear primary
test_23599,clear primary
test_23600,clear primary agriculture habitation road
test_23601,clear primary agriculture cultivation
test_23602,clear primary
test_23603,clear primary
test_23604,partly_cloudy primary
test_23605,partly_cloudy primary agriculture road
test_23606,clear primary agriculture road
test_23607,clear primary agriculture road
test_23608,clear primary agriculture
test_23609,clear primary
test_23610,clear primary
test_23611,clear primary water
test_23612,clear primary agriculture
test_23613,clear primary
test_23614,clear primary
test_23615,clear partly_cloudy primary water
test_23616,clear primary agriculture cultivation
test_23617,clear primary agriculture road
test_23618,partly_cloudy primary agriculture cultivation habitation road
test_23619,clear primary
test_23620,partly_cloudy primary
test_23621,clear primary blooming
test_23622,clear primary
test_23623,partly_cloudy primary
test_23624,partly_cloudy primary
test_23625,clear primary agriculture cultivation
test_23626,clear primary agriculture water cultivation habitation road
test_23627,partly_cloudy primary
test_23628,clear primary
test_23629,clear primary
test_23630,clear primary cultivation blooming selective_logging
test_23631,clear primary water habitation road bare_ground artisinal_mine
test_23632,clear primary
test_23633,clear primary
test_23634,clear primary
test_23635,clear primary agriculture road
test_23636,clear primary
test_23637,partly_cloudy primary agriculture water road
test_23638,clear partly_cloudy primary agriculture cultivation habitation road
test_23639,clear primary
test_23640,clear haze primary water road
test_23641,clear primary
test_23642,clear primary
test_23643,clear primary
test_23644,clear primary
test_23645,clear primary water road
test_23646,clear primary agriculture water road
test_23647,clear primary agriculture water cultivation
test_23648,clear primary agriculture road
test_23649,clear primary
test_23650,clear primary agriculture habitation road
test_23651,clear primary agriculture road
test_23652,clear primary
test_23653,partly_cloudy primary agriculture water
test_23654,clear primary agriculture cultivation road
test_23655,partly_cloudy primary agriculture cultivation habitation road
test_23656,clear primary agriculture cultivation habitation
test_23657,clear cloudy primary water
test_23658,clear primary
test_23659,clear primary
test_23660,clear primary agriculture cultivation road
test_23661,partly_cloudy primary agriculture water habitation road
test_23662,partly_cloudy primary
test_23663,clear primary blooming
test_23664,clear primary
test_23665,clear primary agriculture water cultivation habitation road
test_23666,clear primary agriculture water cultivation habitation road
test_23667,partly_cloudy primary agriculture road
test_23668,partly_cloudy cloudy primary
test_23669,clear primary agriculture cultivation
test_23670,clear primary
test_23671,clear cloudy water
test_23672,clear primary
test_23673,clear primary agriculture road
test_23674,haze partly_cloudy primary
test_23675,clear partly_cloudy primary agriculture water cultivation road
test_23676,partly_cloudy primary agriculture
test_23677,clear primary
test_23678,clear primary
test_23679,partly_cloudy primary agriculture habitation road
test_23680,clear primary
test_23681,clear primary water
test_23682,clear primary water artisinal_mine
test_23683,partly_cloudy primary
test_23684,clear primary
test_23685,clear primary water
test_23686,clear primary
test_23687,clear partly_cloudy primary agriculture cultivation
test_23688,clear primary
test_23689,clear primary agriculture road
test_23690,clear primary
test_23691,partly_cloudy primary
test_23692,partly_cloudy primary
test_23693,cloudy
test_23694,clear primary agriculture cultivation road
test_23695,clear primary agriculture cultivation
test_23696,partly_cloudy primary agriculture cultivation
test_23697,clear primary agriculture cultivation road
test_23698,clear primary habitation
test_23699,partly_cloudy primary
test_23700,clear primary
test_23701,clear primary
test_23702,haze primary
test_23703,clear primary agriculture cultivation
test_23704,clear primary agriculture cultivation habitation road
test_23705,clear partly_cloudy primary
test_23706,clear primary water
test_23707,partly_cloudy cloudy primary
test_23708,clear primary
test_23709,clear primary water
test_23710,partly_cloudy primary agriculture water cultivation
test_23711,haze primary
test_23712,clear primary agriculture water cultivation
test_23713,partly_cloudy primary agriculture road
test_23714,partly_cloudy cloudy primary
test_23715,partly_cloudy primary
test_23716,clear primary water
test_23717,clear primary
test_23718,clear primary agriculture road
test_23719,clear primary
test_23720,partly_cloudy primary
test_23721,clear primary
test_23722,clear primary agriculture water
test_23723,clear partly_cloudy primary agriculture water
test_23724,clear primary agriculture road
test_23725,partly_cloudy primary agriculture road
test_23726,clear primary
test_23727,clear primary agriculture water cultivation
test_23728,clear haze primary
test_23729,clear primary
test_23730,clear primary agriculture cultivation habitation
test_23731,clear primary water
test_23732,clear primary
test_23733,clear primary agriculture
test_23734,clear partly_cloudy primary
test_23735,partly_cloudy primary
test_23736,clear haze primary agriculture water
test_23737,clear haze primary agriculture habitation road
test_23738,clear haze primary agriculture
test_23739,clear primary water
test_23740,clear primary
test_23741,clear primary
test_23742,clear primary agriculture water road
test_23743,clear primary
test_23744,partly_cloudy cloudy primary
test_23745,clear primary agriculture cultivation
test_23746,clear primary agriculture road
test_23747,clear primary agriculture bare_ground
test_23748,clear primary agriculture water habitation road
test_23749,clear primary agriculture cultivation habitation road
test_23750,clear primary water road
test_23751,clear primary agriculture
test_23752,clear primary agriculture habitation road
test_23753,clear primary
test_23754,clear primary agriculture cultivation
test_23755,clear primary
test_23756,clear primary agriculture cultivation
test_23757,clear primary
test_23758,clear primary
test_23759,clear primary
test_23760,clear primary
test_23761,clear primary
test_23762,clear primary
test_23763,clear primary
test_23764,clear primary
test_23765,clear primary agriculture cultivation
test_23766,clear primary
test_23767,clear primary
test_23768,clear primary agriculture water cultivation
test_23769,partly_cloudy primary
test_23770,haze cloudy primary
test_23771,clear primary water road conventional_mine bare_ground artisinal_mine selective_logging
test_23772,clear primary
test_23773,clear primary agriculture road
test_23774,haze primary
test_23775,clear primary agriculture road
test_23776,clear partly_cloudy primary agriculture habitation road
test_23777,clear primary agriculture cultivation road
test_23778,partly_cloudy primary
test_23779,clear primary agriculture cultivation
test_23780,clear primary agriculture road
test_23781,clear primary
test_23782,partly_cloudy primary agriculture cultivation
test_23783,clear primary agriculture road bare_ground
test_23784,clear primary
test_23785,clear primary agriculture water cultivation habitation road
test_23786,clear partly_cloudy primary
test_23787,clear primary agriculture habitation road
test_23788,haze cloudy primary
test_23789,clear primary agriculture
test_23790,clear primary
test_23791,clear primary habitation road
test_23792,clear partly_cloudy primary agriculture water
test_23793,partly_cloudy primary agriculture water
test_23794,partly_cloudy primary
test_23795,clear primary
test_23796,clear primary agriculture water
test_23797,clear primary agriculture cultivation
test_23798,clear primary agriculture cultivation
test_23799,clear primary
test_23800,partly_cloudy primary
test_23801,clear primary agriculture road
test_23802,partly_cloudy cloudy primary
test_23803,clear primary
test_23804,clear primary water road
test_23805,partly_cloudy cloudy
test_23806,clear primary agriculture water
test_23807,clear primary
test_23808,clear primary agriculture water
test_23809,clear primary
test_23810,clear primary agriculture road bare_ground
test_23811,haze cloudy primary
test_23812,clear primary
test_23813,clear primary blooming
test_23814,partly_cloudy primary agriculture water cultivation
test_23815,clear partly_cloudy primary agriculture cultivation
test_23816,clear primary agriculture water cultivation
test_23817,clear primary blooming
test_23818,clear primary agriculture cultivation
test_23819,clear primary agriculture cultivation road
test_23820,partly_cloudy primary agriculture water road conventional_mine
test_23821,clear primary agriculture cultivation
test_23822,clear partly_cloudy primary
test_23823,clear primary
test_23824,clear primary habitation road
test_23825,clear primary agriculture cultivation
test_23826,clear primary agriculture habitation road
test_23827,clear primary agriculture cultivation
test_23828,clear primary
test_23829,clear primary
test_23830,clear primary
test_23831,haze primary
test_23832,partly_cloudy primary
test_23833,clear primary
test_23834,clear primary agriculture road
test_23835,clear primary
test_23836,clear primary
test_23837,partly_cloudy primary
test_23838,partly_cloudy primary
test_23839,clear primary agriculture water
test_23840,clear primary agriculture cultivation habitation road
test_23841,partly_cloudy primary agriculture water road
test_23842,clear primary
test_23843,cloudy
test_23844,clear primary
test_23845,partly_cloudy primary
test_23846,clear primary agriculture cultivation
test_23847,clear primary agriculture cultivation
test_23848,clear primary agriculture water cultivation
test_23849,partly_cloudy primary water
test_23850,clear primary
test_23851,partly_cloudy primary
test_23852,clear primary agriculture cultivation habitation road
test_23853,clear primary
test_23854,clear primary agriculture water road
test_23855,partly_cloudy primary
test_23856,partly_cloudy primary
test_23857,clear primary agriculture cultivation
test_23858,partly_cloudy primary
test_23859,clear haze primary agriculture habitation road
test_23860,partly_cloudy primary
test_23861,clear primary agriculture road
test_23862,clear primary
test_23863,partly_cloudy primary water
test_23864,clear primary
test_23865,clear primary water
test_23866,clear primary agriculture cultivation
test_23867,clear primary agriculture cultivation habitation road
test_23868,clear primary agriculture cultivation
test_23869,clear primary
test_23870,haze primary
test_23871,clear primary
test_23872,clear primary
test_23873,clear primary blooming
test_23874,clear primary agriculture
test_23875,clear primary habitation road
test_23876,clear primary
test_23877,partly_cloudy primary
test_23878,clear primary water
test_23879,partly_cloudy primary agriculture water road
test_23880,clear primary
test_23881,haze primary
test_23882,clear primary agriculture cultivation
test_23883,partly_cloudy primary agriculture road
test_23884,clear primary
test_23885,clear partly_cloudy primary agriculture
test_23886,clear primary agriculture habitation road
test_23887,clear primary agriculture cultivation
test_23888,clear primary
test_23889,clear primary
test_23890,clear primary agriculture water cultivation road
test_23891,clear primary
test_23892,partly_cloudy primary agriculture road
test_23893,partly_cloudy primary
test_23894,clear primary agriculture cultivation
test_23895,partly_cloudy primary agriculture road
test_23896,partly_cloudy primary
test_23897,clear primary cultivation
test_23898,partly_cloudy primary agriculture cultivation road
test_23899,clear primary agriculture road
test_23900,clear primary agriculture habitation road
test_23901,partly_cloudy primary
test_23902,clear primary agriculture cultivation road
test_23903,clear primary
test_23904,haze partly_cloudy primary agriculture water
test_23905,clear primary
test_23906,clear primary
test_23907,clear partly_cloudy primary
test_23908,clear primary water
test_23909,haze cloudy
test_23910,clear partly_cloudy primary
test_23911,partly_cloudy primary
test_23912,clear primary
test_23913,clear primary
test_23914,clear primary
test_23915,partly_cloudy cloudy primary water
test_23916,clear primary
test_23917,clear primary agriculture water cultivation
test_23918,clear primary
test_23919,partly_cloudy primary agriculture water road
test_23920,clear primary
test_23921,clear primary agriculture habitation road
test_23922,clear primary
test_23923,clear primary
test_23924,clear primary
test_23925,clear primary agriculture cultivation
test_23926,clear partly_cloudy primary water
test_23927,clear primary agriculture cultivation
test_23928,clear primary water road
test_23929,clear primary water habitation
test_23930,clear primary
test_23931,clear primary
test_23932,clear partly_cloudy primary agriculture road
test_23933,clear primary agriculture cultivation
test_23934,clear primary
test_23935,clear primary agriculture
test_23936,clear primary
test_23937,haze primary
test_23938,clear primary agriculture cultivation
test_23939,partly_cloudy primary
test_23940,clear primary
test_23941,clear primary agriculture road
test_23942,clear primary water road bare_ground artisinal_mine
test_23943,clear primary agriculture cultivation
test_23944,partly_cloudy cloudy primary
test_23945,clear primary
test_23946,clear primary agriculture cultivation
test_23947,haze primary
test_23948,clear primary
test_23949,haze partly_cloudy primary
test_23950,clear primary agriculture habitation road
test_23951,clear primary agriculture water road
test_23952,partly_cloudy primary
test_23953,clear primary
test_23954,clear primary
test_23955,clear primary
test_23956,clear haze primary agriculture cultivation
test_23957,haze primary
test_23958,partly_cloudy primary
test_23959,haze primary agriculture water road
test_23960,clear haze primary agriculture cultivation
test_23961,clear primary
test_23962,clear primary agriculture water cultivation
test_23963,clear cloudy water
test_23964,clear primary agriculture cultivation
test_23965,clear primary
test_23966,partly_cloudy primary agriculture cultivation
test_23967,clear primary agriculture bare_ground
test_23968,partly_cloudy primary
test_23969,clear primary water road conventional_mine bare_ground artisinal_mine
test_23970,clear primary agriculture
test_23971,clear primary water road
test_23972,partly_cloudy primary agriculture water cultivation road
test_23973,clear primary agriculture cultivation
test_23974,clear primary
test_23975,clear primary
test_23976,clear primary agriculture water cultivation habitation road
test_23977,clear primary agriculture water cultivation
test_23978,clear primary
test_23979,clear primary agriculture road
test_23980,partly_cloudy primary agriculture
test_23981,haze primary
test_23982,clear primary agriculture cultivation
test_23983,partly_cloudy primary
test_23984,partly_cloudy primary
test_23985,clear primary agriculture cultivation habitation road
test_23986,partly_cloudy primary
test_23987,clear primary water artisinal_mine
test_23988,clear primary
test_23989,partly_cloudy primary
test_23990,clear primary
test_23991,haze cloudy primary water
test_23992,clear primary
test_23993,clear primary agriculture cultivation habitation road
test_23994,haze partly_cloudy primary agriculture cultivation
test_23995,clear primary
test_23996,clear primary
test_23997,clear primary agriculture
test_23998,clear primary agriculture water
test_23999,haze primary agriculture cultivation habitation
test_24000,clear primary agriculture cultivation habitation road
test_24001,clear haze primary agriculture cultivation road
test_24002,clear partly_cloudy primary agriculture water road
test_24003,clear primary
test_24004,clear primary
test_24005,partly_cloudy primary
test_24006,clear primary
test_24007,partly_cloudy primary agriculture road
test_24008,clear primary agriculture water
test_24009,clear primary agriculture habitation road
test_24010,clear primary water
test_24011,clear primary agriculture cultivation habitation road
test_24012,clear primary agriculture cultivation habitation road
test_24013,clear primary
test_24014,clear primary water
test_24015,clear primary
test_24016,clear primary agriculture cultivation
test_24017,clear primary water
test_24018,partly_cloudy cloudy primary agriculture water
test_24019,clear primary
test_24020,clear primary
test_24021,clear primary
test_24022,clear haze primary agriculture cultivation road
test_24023,partly_cloudy primary agriculture water habitation road
test_24024,clear primary agriculture water habitation road
test_24025,clear primary water road
test_24026,clear primary
test_24027,clear primary
test_24028,haze primary agriculture water road
test_24029,clear cloudy water
test_24030,partly_cloudy primary
test_24031,clear primary
test_24032,clear primary
test_24033,clear primary
test_24034,partly_cloudy cloudy primary agriculture water
test_24035,clear primary water road
test_24036,partly_cloudy primary
test_24037,clear primary
test_24038,partly_cloudy primary water road
test_24039,partly_cloudy primary water
test_24040,cloudy
test_24041,clear partly_cloudy primary
test_24042,clear primary
test_24043,partly_cloudy primary agriculture cultivation road
test_24044,haze cloudy primary
test_24045,clear primary
test_24046,clear primary
test_24047,clear primary agriculture habitation road
test_24048,partly_cloudy primary
test_24049,clear primary
test_24050,clear primary
test_24051,clear primary agriculture cultivation habitation road
test_24052,clear primary
test_24053,partly_cloudy primary
test_24054,clear primary
test_24055,partly_cloudy primary
test_24056,clear primary
test_24057,cloudy
test_24058,partly_cloudy primary cultivation
test_24059,partly_cloudy primary water
test_24060,clear primary agriculture cultivation
test_24061,clear primary
test_24062,clear primary water
test_24063,clear primary
test_24064,clear primary agriculture road
test_24065,clear primary agriculture bare_ground
test_24066,clear primary agriculture water cultivation
test_24067,partly_cloudy primary agriculture water cultivation habitation
test_24068,clear primary water road
test_24069,clear primary
test_24070,clear primary water habitation
test_24071,clear primary water road selective_logging
test_24072,clear primary
test_24073,partly_cloudy primary agriculture water cultivation road
test_24074,clear primary
test_24075,clear primary agriculture cultivation
test_24076,partly_cloudy primary water
test_24077,partly_cloudy cloudy primary water
test_24078,clear primary agriculture cultivation habitation road
test_24079,clear primary agriculture water cultivation
test_24080,clear primary agriculture habitation road
test_24081,clear primary agriculture bare_ground
test_24082,clear primary
test_24083,partly_cloudy primary
test_24084,clear primary agriculture cultivation
test_24085,partly_cloudy cloudy primary water
test_24086,clear partly_cloudy primary water
test_24087,clear primary blooming selective_logging
test_24088,partly_cloudy primary agriculture
test_24089,haze cloudy primary
test_24090,clear primary agriculture cultivation
test_24091,clear primary agriculture cultivation
test_24092,partly_cloudy primary
test_24093,partly_cloudy primary agriculture
test_24094,clear primary agriculture cultivation road
test_24095,cloudy
test_24096,clear primary water road
test_24097,clear primary
test_24098,clear primary
test_24099,partly_cloudy primary water
test_24100,clear primary agriculture water bare_ground
test_24101,clear partly_cloudy primary agriculture cultivation
test_24102,haze primary agriculture
test_24103,partly_cloudy primary
test_24104,clear primary
test_24105,clear primary water
test_24106,clear primary water
test_24107,clear primary water road
test_24108,clear primary water
test_24109,cloudy
test_24110,partly_cloudy primary
test_24111,clear primary agriculture water road
test_24112,clear primary
test_24113,clear primary agriculture cultivation habitation road
test_24114,clear primary agriculture cultivation habitation road
test_24115,cloudy
test_24116,clear primary
test_24117,clear primary agriculture habitation road
test_24118,clear primary
test_24119,clear primary
test_24120,partly_cloudy primary agriculture cultivation
test_24121,clear primary agriculture
test_24122,clear haze primary agriculture cultivation
test_24123,partly_cloudy primary agriculture
test_24124,clear primary agriculture water
test_24125,clear primary
test_24126,clear primary
test_24127,clear primary blooming
test_24128,clear primary
test_24129,clear primary
test_24130,clear primary agriculture
test_24131,clear haze primary agriculture cultivation habitation road
test_24132,partly_cloudy primary
test_24133,clear primary agriculture cultivation habitation
test_24134,clear cloudy water
test_24135,clear primary
test_24136,clear primary
test_24137,clear primary
test_24138,clear primary agriculture water habitation
test_24139,clear primary agriculture water cultivation habitation
test_24140,partly_cloudy primary
test_24141,clear primary
test_24142,partly_cloudy primary
test_24143,clear primary
test_24144,clear primary
test_24145,partly_cloudy primary
test_24146,clear primary
test_24147,haze primary
test_24148,clear primary agriculture cultivation
test_24149,cloudy
test_24150,clear primary
test_24151,clear primary
test_24152,clear primary
test_24153,clear primary
test_24154,clear primary agriculture road
test_24155,partly_cloudy cloudy primary
test_24156,partly_cloudy cloudy primary
test_24157,clear primary
test_24158,clear primary
test_24159,partly_cloudy primary agriculture water road
test_24160,clear primary
test_24161,clear haze primary agriculture
test_24162,clear primary
test_24163,clear primary water road
test_24164,clear primary agriculture water
test_24165,clear primary
test_24166,clear primary
test_24167,clear primary agriculture water habitation road
test_24168,clear primary agriculture habitation road
test_24169,haze primary agriculture
test_24170,clear partly_cloudy primary
test_24171,clear primary
test_24172,clear primary
test_24173,clear primary agriculture water cultivation
test_24174,clear primary
test_24175,partly_cloudy cloudy primary agriculture water
test_24176,clear primary agriculture habitation road
test_24177,clear primary
test_24178,clear primary
test_24179,clear cloudy
test_24180,partly_cloudy primary
test_24181,clear primary agriculture road
test_24182,clear primary water
test_24183,clear primary agriculture water
test_24184,clear primary agriculture cultivation
test_24185,clear haze primary agriculture habitation road
test_24186,clear primary agriculture water cultivation habitation
test_24187,clear primary habitation road
test_24188,clear primary
test_24189,clear haze primary agriculture habitation road
test_24190,partly_cloudy primary agriculture habitation road
test_24191,partly_cloudy primary
test_24192,clear primary agriculture road
test_24193,clear primary
test_24194,clear primary agriculture road
test_24195,clear haze primary
test_24196,clear primary
test_24197,clear primary agriculture cultivation
test_24198,clear cloudy primary water
test_24199,clear partly_cloudy primary
test_24200,partly_cloudy primary agriculture cultivation
test_24201,clear primary
test_24202,clear primary agriculture water habitation road
test_24203,clear primary
test_24204,partly_cloudy primary agriculture water
test_24205,clear primary agriculture cultivation
test_24206,clear primary
test_24207,partly_cloudy primary
test_24208,clear primary agriculture water
test_24209,haze cloudy primary water
test_24210,clear primary
test_24211,clear primary
test_24212,clear primary water
test_24213,clear primary
test_24214,clear primary
test_24215,clear haze primary agriculture water habitation road
test_24216,clear primary
test_24217,cloudy
test_24218,clear primary agriculture cultivation
test_24219,clear primary
test_24220,clear haze primary agriculture road
test_24221,clear primary
test_24222,clear primary
test_24223,partly_cloudy primary agriculture road
test_24224,clear primary
test_24225,partly_cloudy primary
test_24226,partly_cloudy primary agriculture road
test_24227,partly_cloudy primary agriculture water
test_24228,clear primary agriculture habitation road
test_24229,haze primary
test_24230,clear partly_cloudy primary
test_24231,partly_cloudy primary
test_24232,clear primary agriculture cultivation
test_24233,clear primary
test_24234,clear primary agriculture cultivation
test_24235,clear primary agriculture cultivation habitation road
test_24236,clear primary habitation road
test_24237,clear primary
test_24238,partly_cloudy primary agriculture
test_24239,clear primary water road selective_logging
test_24240,partly_cloudy primary agriculture water
test_24241,haze primary
test_24242,clear partly_cloudy primary agriculture water
test_24243,clear primary
test_24244,clear primary agriculture water road
test_24245,clear primary
test_24246,clear primary
test_24247,clear partly_cloudy primary agriculture cultivation
test_24248,clear primary
test_24249,clear primary agriculture water habitation road
test_24250,clear primary water road selective_logging
test_24251,clear primary agriculture road
test_24252,clear primary agriculture road
test_24253,partly_cloudy primary agriculture road
test_24254,clear primary agriculture habitation road
test_24255,clear primary
test_24256,partly_cloudy primary
test_24257,partly_cloudy primary
test_24258,clear primary agriculture cultivation habitation road
test_24259,clear haze primary
test_24260,clear primary agriculture water road
test_24261,clear primary
test_24262,clear primary
test_24263,partly_cloudy primary
test_24264,clear primary water road bare_ground artisinal_mine
test_24265,clear primary
test_24266,clear primary
test_24267,haze cloudy
test_24268,partly_cloudy primary
test_24269,clear primary
test_24270,clear primary
test_24271,clear primary
test_24272,clear primary
test_24273,partly_cloudy primary agriculture road
test_24274,clear primary
test_24275,clear haze primary water
test_24276,clear primary
test_24277,clear primary agriculture road
test_24278,clear primary
test_24279,partly_cloudy primary agriculture water road
test_24280,clear primary water
test_24281,clear partly_cloudy primary agriculture cultivation
test_24282,clear primary agriculture road bare_ground
test_24283,clear primary agriculture cultivation
test_24284,clear primary
test_24285,clear primary
test_24286,clear primary
test_24287,partly_cloudy primary
test_24288,haze primary water
test_24289,clear primary
test_24290,clear primary agriculture cultivation
test_24291,clear haze primary agriculture habitation road conventional_mine
test_24292,partly_cloudy primary agriculture cultivation
test_24293,partly_cloudy primary
test_24294,clear primary
test_24295,clear primary
test_24296,clear primary
test_24297,clear primary agriculture cultivation
test_24298,clear partly_cloudy primary agriculture road
test_24299,clear primary
test_24300,clear primary agriculture water habitation road
test_24301,clear primary water
test_24302,clear primary
test_24303,partly_cloudy primary agriculture water road
test_24304,partly_cloudy primary
test_24305,clear primary
test_24306,clear primary agriculture road
test_24307,partly_cloudy primary
test_24308,clear primary
test_24309,cloudy
test_24310,clear partly_cloudy primary agriculture cultivation
test_24311,clear primary
test_24312,partly_cloudy primary
test_24313,partly_cloudy primary agriculture road
test_24314,partly_cloudy primary agriculture cultivation
test_24315,partly_cloudy primary agriculture water
test_24316,clear primary
test_24317,cloudy
test_24318,clear primary
test_24319,clear primary
test_24320,clear primary water road
test_24321,clear primary
test_24322,clear primary agriculture cultivation habitation road
test_24323,clear haze primary agriculture water road
test_24324,clear primary agriculture cultivation habitation road
test_24325,clear primary agriculture habitation road
test_24326,clear primary
test_24327,clear primary
test_24328,clear primary
test_24329,clear primary agriculture habitation road
test_24330,clear primary
test_24331,clear cloudy primary water
test_24332,haze partly_cloudy primary
test_24333,clear primary agriculture habitation road
test_24334,haze cloudy
test_24335,clear primary water
test_24336,haze partly_cloudy primary
test_24337,clear primary
test_24338,partly_cloudy primary
test_24339,clear primary
test_24340,cloudy
test_24341,clear cloudy primary water
test_24342,clear primary
test_24343,clear primary water
test_24344,partly_cloudy primary agriculture water road
test_24345,clear primary
test_24346,cloudy
test_24347,partly_cloudy primary agriculture water road
test_24348,clear primary
test_24349,clear primary water road
test_24350,haze cloudy primary
test_24351,clear primary
test_24352,cloudy
test_24353,clear primary
test_24354,clear primary agriculture road
test_24355,clear primary
test_24356,clear primary
test_24357,clear primary
test_24358,clear primary agriculture
test_24359,clear primary agriculture water habitation road
test_24360,clear primary water
test_24361,haze primary
test_24362,clear primary
test_24363,clear primary
test_24364,clear primary
test_24365,clear primary
test_24366,clear primary
test_24367,clear primary agriculture cultivation habitation
test_24368,clear primary
test_24369,cloudy
test_24370,clear primary
test_24371,clear primary agriculture road
test_24372,clear primary agriculture cultivation
test_24373,clear primary
test_24374,partly_cloudy primary agriculture cultivation
test_24375,clear primary agriculture cultivation
test_24376,clear primary
test_24377,clear primary agriculture water habitation
test_24378,partly_cloudy primary agriculture water road
test_24379,clear haze primary agriculture cultivation
test_24380,clear primary agriculture habitation road
test_24381,partly_cloudy primary agriculture road
test_24382,partly_cloudy primary
test_24383,clear primary
test_24384,clear primary water road
test_24385,clear primary
test_24386,cloudy
test_24387,partly_cloudy primary agriculture cultivation habitation road
test_24388,clear primary
test_24389,clear primary
test_24390,clear partly_cloudy primary agriculture water cultivation
test_24391,partly_cloudy primary agriculture road
test_24392,clear primary
test_24393,clear primary agriculture water habitation bare_ground
test_24394,clear primary agriculture water
test_24395,clear primary
test_24396,partly_cloudy primary
test_24397,clear haze primary water
test_24398,partly_cloudy primary agriculture road
test_24399,clear primary
test_24400,clear primary
test_24401,partly_cloudy primary agriculture cultivation
test_24402,clear primary
test_24403,clear primary
test_24404,partly_cloudy cloudy primary
test_24405,clear primary agriculture road
test_24406,clear primary agriculture habitation road
test_24407,clear primary water road
test_24408,cloudy
test_24409,clear primary agriculture habitation
test_24410,clear primary
test_24411,clear primary water road selective_logging
test_24412,partly_cloudy primary agriculture water road
test_24413,clear primary
test_24414,clear primary agriculture water
test_24415,clear primary
test_24416,clear primary
test_24417,clear primary water
test_24418,partly_cloudy primary
test_24419,cloudy
test_24420,clear haze primary
test_24421,clear primary agriculture cultivation habitation
test_24422,partly_cloudy primary agriculture cultivation road
test_24423,clear primary water road selective_logging
test_24424,clear primary
test_24425,partly_cloudy cloudy primary road
test_24426,clear haze primary
test_24427,partly_cloudy primary agriculture water road
test_24428,haze cloudy primary
test_24429,clear primary
test_24430,partly_cloudy primary
test_24431,clear primary agriculture cultivation road
test_24432,partly_cloudy primary agriculture road
test_24433,clear primary
test_24434,clear primary water road
test_24435,cloudy
test_24436,clear primary
test_24437,clear primary agriculture water cultivation
test_24438,clear primary
test_24439,clear primary water
test_24440,clear primary agriculture water cultivation
test_24441,clear cloudy water
test_24442,clear primary blooming
test_24443,clear primary agriculture road
test_24444,partly_cloudy primary
test_24445,clear primary
test_24446,clear primary
test_24447,haze partly_cloudy primary
test_24448,clear primary
test_24449,clear primary
test_24450,clear primary agriculture cultivation
test_24451,clear primary water road
test_24452,clear primary
test_24453,haze primary
test_24454,clear primary
test_24455,clear primary
test_24456,partly_cloudy primary
test_24457,clear primary agriculture water habitation road
test_24458,clear primary agriculture cultivation
test_24459,clear primary
test_24460,clear primary water
test_24461,partly_cloudy primary
test_24462,clear primary agriculture water cultivation
test_24463,clear primary agriculture cultivation
test_24464,clear partly_cloudy primary
test_24465,clear primary
test_24466,cloudy
test_24467,clear primary agriculture water
test_24468,partly_cloudy primary
test_24469,partly_cloudy primary
test_24470,clear partly_cloudy primary
test_24471,clear primary
test_24472,clear primary
test_24473,clear primary agriculture water cultivation
test_24474,cloudy
test_24475,clear primary agriculture cultivation
test_24476,clear primary
test_24477,clear primary water
test_24478,clear primary agriculture cultivation
test_24479,clear primary
test_24480,clear primary agriculture water habitation road
test_24481,clear primary
test_24482,clear cloudy water
test_24483,clear primary agriculture water cultivation habitation road
test_24484,clear partly_cloudy primary agriculture water cultivation road
test_24485,clear primary
test_24486,partly_cloudy primary agriculture water
test_24487,clear haze primary
test_24488,clear primary
test_24489,partly_cloudy primary
test_24490,clear primary agriculture water cultivation habitation road
test_24491,clear primary
test_24492,clear primary agriculture water cultivation habitation
test_24493,clear primary
test_24494,clear primary
test_24495,clear primary
test_24496,clear primary
test_24497,clear primary
test_24498,cloudy
test_24499,clear primary
test_24500,clear primary
test_24501,clear primary agriculture road
test_24502,clear primary water
test_24503,clear primary
test_24504,clear haze primary agriculture cultivation
test_24505,clear primary
test_24506,clear primary
test_24507,clear primary agriculture cultivation
test_24508,clear primary
test_24509,cloudy
test_24510,clear primary
test_24511,clear primary agriculture water cultivation habitation road
test_24512,clear primary agriculture cultivation
test_24513,clear primary
test_24514,clear primary
test_24515,haze partly_cloudy primary
test_24516,partly_cloudy primary
test_24517,clear primary water
test_24518,partly_cloudy primary
test_24519,clear primary
test_24520,clear primary
test_24521,partly_cloudy primary agriculture road
test_24522,clear primary road blooming selective_logging
test_24523,haze primary
test_24524,clear primary
test_24525,clear primary agriculture road
test_24526,clear primary
test_24527,clear primary
test_24528,partly_cloudy primary
test_24529,clear primary agriculture cultivation road
test_24530,clear primary water
test_24531,clear primary water
test_24532,clear primary
test_24533,partly_cloudy primary agriculture road
test_24534,clear primary
test_24535,clear primary
test_24536,clear primary
test_24537,cloudy
test_24538,haze primary
test_24539,clear primary
test_24540,clear primary agriculture cultivation
test_24541,clear primary agriculture water road
test_24542,clear haze primary agriculture water habitation road
test_24543,clear primary agriculture habitation road
test_24544,clear primary
test_24545,clear primary agriculture water cultivation
test_24546,haze cloudy primary
test_24547,clear primary agriculture water road
test_24548,clear primary water
test_24549,clear cloudy water
test_24550,partly_cloudy primary
test_24551,haze cloudy primary agriculture water
test_24552,clear primary
test_24553,haze primary agriculture water
test_24554,clear cloudy primary water
test_24555,clear primary
test_24556,clear primary
test_24557,partly_cloudy primary
test_24558,clear primary
test_24559,clear primary agriculture cultivation
test_24560,partly_cloudy primary
test_24561,haze primary agriculture water
test_24562,partly_cloudy primary agriculture cultivation
test_24563,clear primary
test_24564,clear primary water road selective_logging
test_24565,clear primary
test_24566,clear primary
test_24567,cloudy
test_24568,clear haze primary agriculture
test_24569,clear primary
test_24570,partly_cloudy primary agriculture road
test_24571,clear primary agriculture cultivation road
test_24572,clear primary agriculture cultivation habitation road
test_24573,clear primary
test_24574,clear primary agriculture water cultivation road
test_24575,haze cloudy primary
test_24576,partly_cloudy primary
test_24577,clear primary
test_24578,clear primary agriculture road bare_ground
test_24579,clear primary
test_24580,clear primary
test_24581,clear primary agriculture habitation road
test_24582,clear primary
test_24583,clear primary
test_24584,cloudy
test_24585,clear primary agriculture water
test_24586,clear primary agriculture habitation road
test_24587,clear primary agriculture cultivation bare_ground
test_24588,clear primary agriculture water cultivation road
test_24589,clear primary
test_24590,clear primary
test_24591,clear primary
test_24592,clear primary blooming selective_logging
test_24593,clear primary
test_24594,clear primary
test_24595,partly_cloudy primary
test_24596,partly_cloudy primary
test_24597,clear primary
test_24598,clear primary
test_24599,clear primary water
test_24600,partly_cloudy primary agriculture
test_24601,clear primary agriculture habitation road
test_24602,clear primary
test_24603,clear primary water
test_24604,partly_cloudy primary water road
test_24605,clear primary
test_24606,clear haze primary agriculture water habitation road
test_24607,clear primary agriculture cultivation habitation
test_24608,clear primary agriculture cultivation habitation
test_24609,clear primary
test_24610,clear primary
test_24611,clear haze primary agriculture water
test_24612,partly_cloudy primary agriculture cultivation road
test_24613,haze primary
test_24614,clear primary agriculture water cultivation
test_24615,clear primary
test_24616,clear primary
test_24617,clear partly_cloudy primary agriculture water road bare_ground
test_24618,clear primary agriculture water habitation road
test_24619,clear primary
test_24620,clear primary agriculture water habitation road
test_24621,clear primary agriculture bare_ground
test_24622,clear primary agriculture cultivation
test_24623,partly_cloudy primary
test_24624,clear primary
test_24625,clear primary agriculture water road
test_24626,clear primary
test_24627,haze primary
test_24628,partly_cloudy primary
test_24629,partly_cloudy primary
test_24630,clear haze primary agriculture water
test_24631,clear partly_cloudy primary agriculture habitation road
test_24632,clear primary agriculture cultivation habitation road
test_24633,clear primary
test_24634,clear primary agriculture habitation road bare_ground
test_24635,clear partly_cloudy primary agriculture water cultivation road
test_24636,clear primary water
test_24637,partly_cloudy primary agriculture cultivation
test_24638,haze primary
test_24639,clear primary agriculture habitation road
test_24640,partly_cloudy cloudy primary
test_24641,partly_cloudy primary
test_24642,partly_cloudy primary
test_24643,clear primary
test_24644,clear primary agriculture
test_24645,haze primary agriculture water road
test_24646,clear primary
test_24647,clear primary agriculture water cultivation
test_24648,clear primary agriculture water road
test_24649,partly_cloudy primary agriculture cultivation
test_24650,cloudy
test_24651,clear primary agriculture cultivation road
test_24652,clear primary
test_24653,clear primary
test_24654,clear primary
test_24655,clear haze primary agriculture water
test_24656,clear primary
test_24657,partly_cloudy primary agriculture road
test_24658,clear primary agriculture cultivation
test_24659,clear primary agriculture water road
test_24660,clear primary
test_24661,partly_cloudy cloudy primary
test_24662,partly_cloudy primary agriculture cultivation
test_24663,partly_cloudy primary
test_24664,clear primary
test_24665,clear primary
test_24666,clear primary agriculture road bare_ground
test_24667,partly_cloudy primary
test_24668,clear partly_cloudy primary agriculture cultivation road
test_24669,haze primary agriculture cultivation
test_24670,clear cloudy primary water
test_24671,partly_cloudy primary
test_24672,clear primary agriculture cultivation
test_24673,partly_cloudy primary
test_24674,cloudy
test_24675,partly_cloudy primary
test_24676,partly_cloudy primary
test_24677,cloudy
test_24678,clear primary
test_24679,partly_cloudy primary agriculture cultivation habitation road
test_24680,partly_cloudy primary
test_24681,clear primary
test_24682,clear primary agriculture water cultivation
test_24683,partly_cloudy primary
test_24684,clear primary agriculture cultivation habitation road
test_24685,clear primary agriculture cultivation habitation road
test_24686,clear primary agriculture habitation road
test_24687,cloudy water
test_24688,clear primary
test_24689,clear primary agriculture cultivation habitation road
test_24690,clear primary water road
test_24691,clear primary
test_24692,clear primary
test_24693,clear primary
test_24694,clear primary agriculture cultivation road
test_24695,clear partly_cloudy primary agriculture road
test_24696,partly_cloudy primary
test_24697,clear primary blooming
test_24698,clear primary
test_24699,clear primary agriculture water cultivation habitation road
test_24700,clear primary
test_24701,clear primary agriculture habitation road
test_24702,clear haze primary
test_24703,partly_cloudy primary agriculture road
test_24704,clear primary
test_24705,clear primary agriculture cultivation
test_24706,clear partly_cloudy primary agriculture habitation road
test_24707,clear primary
test_24708,partly_cloudy primary
test_24709,clear primary
test_24710,clear primary
test_24711,clear cloudy agriculture bare_ground
test_24712,partly_cloudy primary
test_24713,partly_cloudy primary agriculture water road
test_24714,clear haze primary agriculture road
test_24715,clear haze primary
test_24716,clear primary agriculture water habitation road
test_24717,clear primary agriculture cultivation
test_24718,clear primary agriculture habitation road
test_24719,haze partly_cloudy primary agriculture water
test_24720,partly_cloudy primary
test_24721,clear cloudy water
test_24722,clear primary agriculture cultivation road
test_24723,clear primary agriculture cultivation habitation road
test_24724,partly_cloudy primary agriculture cultivation
test_24725,clear primary agriculture cultivation
test_24726,clear partly_cloudy primary
test_24727,clear partly_cloudy primary agriculture water road
test_24728,clear primary water road
test_24729,partly_cloudy primary water
test_24730,clear primary agriculture road
test_24731,clear primary agriculture cultivation
test_24732,clear primary
test_24733,clear primary
test_24734,clear partly_cloudy primary water
test_24735,haze partly_cloudy primary
test_24736,clear partly_cloudy primary agriculture cultivation
test_24737,cloudy
test_24738,clear primary
test_24739,clear primary
test_24740,cloudy
test_24741,cloudy
test_24742,clear primary
test_24743,clear primary agriculture habitation road
test_24744,clear primary
test_24745,clear primary
test_24746,clear partly_cloudy primary agriculture road
test_24747,cloudy
test_24748,clear primary
test_24749,clear primary
test_24750,clear partly_cloudy primary agriculture cultivation
test_24751,clear primary
test_24752,haze primary agriculture cultivation
test_24753,cloudy
test_24754,clear primary
test_24755,clear primary water bare_ground artisinal_mine
test_24756,clear primary
test_24757,clear primary agriculture
test_24758,haze primary
test_24759,clear primary agriculture cultivation
test_24760,clear primary
test_24761,partly_cloudy primary
test_24762,clear primary water
test_24763,cloudy
test_24764,clear primary
test_24765,clear primary agriculture water road
test_24766,clear primary
test_24767,cloudy
test_24768,partly_cloudy primary
test_24769,clear primary
test_24770,clear primary
test_24771,clear primary agriculture cultivation
test_24772,clear primary
test_24773,clear primary
test_24774,clear primary agriculture cultivation
test_24775,clear primary water
test_24776,clear primary agriculture cultivation
test_24777,clear primary
test_24778,partly_cloudy primary agriculture water
test_24779,clear primary
test_24780,clear primary water
test_24781,partly_cloudy primary
test_24782,clear partly_cloudy primary
test_24783,clear primary
test_24784,clear primary agriculture cultivation habitation road
test_24785,clear primary
test_24786,clear primary
test_24787,clear primary
test_24788,clear primary
test_24789,partly_cloudy primary
test_24790,clear primary agriculture road
test_24791,partly_cloudy primary
test_24792,haze partly_cloudy primary
test_24793,clear primary agriculture
test_24794,clear primary
test_24795,partly_cloudy primary
test_24796,haze cloudy primary
test_24797,clear primary water road
test_24798,clear primary agriculture habitation road
test_24799,partly_cloudy primary
test_24800,clear primary water bare_ground artisinal_mine
test_24801,partly_cloudy primary agriculture cultivation habitation road
test_24802,clear primary agriculture cultivation
test_24803,clear primary
test_24804,clear primary
test_24805,haze primary agriculture water
test_24806,clear primary
test_24807,clear primary agriculture water habitation road
test_24808,partly_cloudy primary agriculture water
test_24809,clear primary agriculture cultivation road
test_24810,clear primary
test_24811,clear primary
test_24812,clear primary agriculture cultivation habitation
test_24813,clear partly_cloudy primary agriculture habitation road
test_24814,partly_cloudy primary
test_24815,clear primary
test_24816,clear primary
test_24817,clear primary
test_24818,partly_cloudy primary
test_24819,clear primary
test_24820,clear primary
test_24821,clear primary
test_24822,clear primary agriculture cultivation
test_24823,clear primary
test_24824,clear primary agriculture cultivation habitation
test_24825,clear primary agriculture cultivation
test_24826,clear primary
test_24827,clear primary
test_24828,clear primary
test_24829,clear primary agriculture water cultivation habitation road
test_24830,clear primary
test_24831,partly_cloudy primary
test_24832,clear primary
test_24833,clear primary
test_24834,clear primary
test_24835,clear primary agriculture water habitation road
test_24836,partly_cloudy primary agriculture
test_24837,clear primary water bare_ground artisinal_mine
test_24838,clear primary agriculture cultivation habitation road
test_24839,clear primary agriculture habitation road
test_24840,clear partly_cloudy primary agriculture road
test_24841,clear primary
test_24842,clear primary
test_24843,partly_cloudy primary
test_24844,partly_cloudy primary agriculture water road
test_24845,clear primary agriculture cultivation
test_24846,clear primary
test_24847,partly_cloudy primary agriculture water
test_24848,clear primary
test_24849,clear primary agriculture water
test_24850,clear primary agriculture water habitation road
test_24851,clear primary
test_24852,clear primary agriculture road
test_24853,clear primary
test_24854,clear primary agriculture road
test_24855,clear primary water road
test_24856,clear primary
test_24857,haze cloudy primary
test_24858,clear primary agriculture cultivation
test_24859,clear partly_cloudy primary agriculture water cultivation road
test_24860,clear primary
test_24861,haze partly_cloudy cloudy primary
test_24862,clear primary agriculture water cultivation habitation road
test_24863,clear primary
test_24864,clear primary agriculture
test_24865,clear primary agriculture water cultivation habitation road
test_24866,clear primary
test_24867,clear primary
test_24868,clear primary blooming
test_24869,clear primary agriculture road
test_24870,clear primary
test_24871,haze primary
test_24872,clear primary
test_24873,clear primary
test_24874,clear primary
test_24875,clear primary
test_24876,clear primary agriculture habitation road
test_24877,clear partly_cloudy primary agriculture cultivation habitation road
test_24878,clear primary water
test_24879,clear haze primary agriculture habitation road
test_24880,clear primary agriculture water road selective_logging
test_24881,clear primary agriculture cultivation habitation road
test_24882,clear primary
test_24883,clear primary agriculture cultivation
test_24884,clear primary water road
test_24885,clear primary agriculture habitation road
test_24886,partly_cloudy primary
test_24887,cloudy
test_24888,cloudy
test_24889,clear primary
test_24890,clear primary agriculture water cultivation habitation road
test_24891,clear primary agriculture habitation road
test_24892,clear haze cloudy primary water
test_24893,clear primary
test_24894,clear primary water road selective_logging
test_24895,clear primary agriculture habitation road
test_24896,clear primary agriculture cultivation habitation road
test_24897,clear primary
test_24898,haze cloudy
test_24899,clear primary agriculture road
test_24900,clear primary agriculture water habitation road
test_24901,partly_cloudy cloudy primary water
test_24902,clear primary
test_24903,clear primary agriculture road
test_24904,clear primary agriculture road
test_24905,clear primary agriculture road bare_ground
test_24906,clear primary agriculture water habitation road
test_24907,clear primary
test_24908,haze primary
test_24909,clear primary agriculture
test_24910,clear primary
test_24911,clear primary agriculture cultivation habitation road
test_24912,partly_cloudy primary agriculture water
test_24913,clear primary water road
test_24914,clear primary agriculture water cultivation habitation road
test_24915,partly_cloudy primary
test_24916,clear primary
test_24917,clear haze primary agriculture water
test_24918,clear primary agriculture road
test_24919,clear primary
test_24920,clear primary
test_24921,partly_cloudy primary
test_24922,haze partly_cloudy cloudy primary
test_24923,clear primary agriculture cultivation
test_24924,clear primary agriculture cultivation habitation
test_24925,clear cloudy water
test_24926,clear primary water
test_24927,clear primary agriculture
test_24928,partly_cloudy primary agriculture road
test_24929,partly_cloudy cloudy primary
test_24930,partly_cloudy primary
test_24931,clear primary
test_24932,clear primary water
test_24933,clear primary
test_24934,clear primary habitation road
test_24935,clear primary habitation road
test_24936,clear partly_cloudy primary agriculture road
test_24937,clear primary agriculture road
test_24938,clear primary
test_24939,clear primary agriculture water
test_24940,clear primary water road bare_ground artisinal_mine
test_24941,clear primary agriculture water cultivation
test_24942,partly_cloudy primary
test_24943,clear primary agriculture bare_ground
test_24944,clear primary
test_24945,clear primary
test_24946,clear primary agriculture cultivation
test_24947,partly_cloudy primary agriculture water
test_24948,clear primary water artisinal_mine
test_24949,clear primary
test_24950,clear primary
test_24951,clear primary
test_24952,cloudy
test_24953,clear primary agriculture
test_24954,clear primary water
test_24955,clear primary agriculture water cultivation
test_24956,clear primary agriculture
test_24957,partly_cloudy primary agriculture water road
test_24958,clear haze primary water
test_24959,clear primary
test_24960,partly_cloudy primary
test_24961,clear primary agriculture cultivation habitation
test_24962,clear primary agriculture water habitation road
test_24963,clear primary
test_24964,clear primary agriculture habitation road
test_24965,clear primary
test_24966,clear primary
test_24967,clear primary agriculture water cultivation road
test_24968,partly_cloudy cloudy primary agriculture
test_24969,clear primary
test_24970,partly_cloudy primary
test_24971,clear partly_cloudy primary
test_24972,haze cloudy primary
test_24973,clear primary agriculture water habitation road bare_ground
test_24974,cloudy
test_24975,clear primary agriculture cultivation
test_24976,clear primary
test_24977,clear haze primary agriculture habitation road
test_24978,clear primary
test_24979,clear primary
test_24980,clear primary agriculture cultivation
test_24981,clear haze primary agriculture water
test_24982,clear primary
test_24983,clear primary
test_24984,partly_cloudy primary agriculture water habitation road
test_24985,clear primary agriculture
test_24986,clear partly_cloudy primary agriculture
test_24987,clear primary water road
test_24988,clear primary
test_24989,clear primary agriculture water habitation road bare_ground
test_24990,haze primary agriculture water
test_24991,clear primary
test_24992,clear primary agriculture cultivation
test_24993,clear primary
test_24994,clear primary
test_24995,partly_cloudy primary agriculture cultivation
test_24996,clear primary
test_24997,clear primary agriculture water cultivation
test_24998,cloudy
test_24999,clear primary
test_25000,clear primary
test_25001,clear primary
test_25002,haze primary agriculture cultivation
test_25003,clear primary agriculture cultivation
test_25004,clear primary
test_25005,clear haze partly_cloudy primary agriculture road
test_25006,partly_cloudy primary agriculture water road
test_25007,clear primary
test_25008,clear primary agriculture cultivation
test_25009,clear primary agriculture water road
test_25010,clear primary
test_25011,haze primary water
test_25012,clear primary
test_25013,clear primary
test_25014,clear primary
test_25015,partly_cloudy primary water
test_25016,clear primary
test_25017,clear primary agriculture cultivation habitation road
test_25018,clear primary water road
test_25019,clear primary
test_25020,clear primary water road
test_25021,partly_cloudy primary
test_25022,clear primary
test_25023,clear primary agriculture cultivation
test_25024,partly_cloudy primary
test_25025,clear primary agriculture habitation road
test_25026,clear primary agriculture habitation road
test_25027,clear primary agriculture habitation road
test_25028,clear primary agriculture cultivation
test_25029,clear primary
test_25030,clear primary
test_25031,clear primary agriculture cultivation habitation road
test_25032,partly_cloudy primary
test_25033,clear primary agriculture water cultivation
test_25034,clear primary water road selective_logging
test_25035,clear primary
test_25036,clear primary
test_25037,clear primary
test_25038,clear primary agriculture road
test_25039,clear primary
test_25040,cloudy
test_25041,partly_cloudy primary agriculture
test_25042,clear primary agriculture cultivation habitation road
test_25043,clear haze primary
test_25044,clear primary agriculture road
test_25045,clear primary
test_25046,clear primary agriculture bare_ground
test_25047,clear primary
test_25048,clear primary
test_25049,partly_cloudy primary
test_25050,clear primary water cultivation
test_25051,clear primary agriculture cultivation
test_25052,clear primary habitation road
test_25053,clear primary agriculture road
test_25054,partly_cloudy primary
test_25055,clear primary
test_25056,partly_cloudy primary agriculture road
test_25057,clear agriculture water bare_ground
test_25058,clear primary agriculture habitation road
test_25059,clear primary agriculture cultivation habitation
test_25060,clear primary
test_25061,clear primary
test_25062,clear primary
test_25063,clear primary agriculture water road
test_25064,clear primary agriculture habitation road
test_25065,clear primary
test_25066,clear primary
test_25067,clear primary
test_25068,clear primary
test_25069,clear primary
test_25070,partly_cloudy primary
test_25071,clear primary agriculture cultivation
test_25072,clear primary
test_25073,clear primary water
test_25074,clear primary
test_25075,partly_cloudy primary agriculture water cultivation road
test_25076,clear primary water road
test_25077,clear primary water
test_25078,clear primary agriculture cultivation habitation road
test_25079,clear primary
test_25080,clear primary
test_25081,clear primary agriculture water cultivation
test_25082,partly_cloudy primary agriculture water
test_25083,clear primary agriculture cultivation
test_25084,cloudy
test_25085,clear primary agriculture water habitation road conventional_mine bare_ground artisinal_mine
test_25086,clear primary agriculture
test_25087,partly_cloudy primary
test_25088,clear primary agriculture habitation road bare_ground
test_25089,clear primary
test_25090,clear primary agriculture cultivation
test_25091,partly_cloudy primary
test_25092,clear primary
test_25093,clear primary
test_25094,partly_cloudy primary agriculture road
test_25095,clear primary
test_25096,clear primary
test_25097,clear primary blooming
test_25098,partly_cloudy cloudy primary
test_25099,clear primary
test_25100,clear primary water bare_ground artisinal_mine
test_25101,clear primary agriculture water cultivation road
test_25102,clear primary
test_25103,clear primary
test_25104,clear primary
test_25105,cloudy
test_25106,partly_cloudy primary
test_25107,clear cloudy water
test_25108,clear primary agriculture cultivation
test_25109,clear primary
test_25110,clear primary agriculture
test_25111,clear primary
test_25112,clear primary agriculture cultivation habitation road
test_25113,clear primary agriculture habitation road
test_25114,partly_cloudy primary
test_25115,partly_cloudy cloudy primary
test_25116,clear primary agriculture cultivation
test_25117,partly_cloudy primary agriculture habitation road
test_25118,clear primary agriculture cultivation
test_25119,partly_cloudy cloudy primary
test_25120,clear primary
test_25121,clear primary agriculture cultivation habitation
test_25122,clear primary agriculture road
test_25123,clear primary agriculture cultivation
test_25124,clear primary
test_25125,clear primary
test_25126,partly_cloudy cloudy primary
test_25127,clear primary agriculture water cultivation habitation road
test_25128,clear primary water
test_25129,partly_cloudy primary
test_25130,clear partly_cloudy primary agriculture water cultivation habitation road
test_25131,clear primary
test_25132,clear primary agriculture water road
test_25133,clear primary
test_25134,clear primary habitation road
test_25135,clear primary
test_25136,clear primary water
test_25137,clear primary
test_25138,haze primary
test_25139,partly_cloudy primary
test_25140,clear primary
test_25141,clear primary
test_25142,clear primary
test_25143,clear primary
test_25144,clear haze primary agriculture habitation road
test_25145,clear primary agriculture cultivation habitation road
test_25146,clear primary
test_25147,clear primary
test_25148,clear primary
test_25149,clear primary agriculture habitation road
test_25150,clear primary
test_25151,clear primary water
test_25152,clear primary
test_25153,clear primary agriculture cultivation road
test_25154,clear primary agriculture road
test_25155,partly_cloudy primary water
test_25156,clear primary
test_25157,haze primary
test_25158,clear primary agriculture water cultivation habitation
test_25159,clear primary
test_25160,clear primary agriculture road
test_25161,clear primary blooming
test_25162,clear primary agriculture cultivation habitation
test_25163,clear primary agriculture cultivation
test_25164,clear primary
test_25165,clear primary
test_25166,clear primary agriculture cultivation
test_25167,clear primary water road
test_25168,clear primary
test_25169,clear primary
test_25170,haze cloudy primary
test_25171,clear primary agriculture water cultivation habitation road
test_25172,clear primary agriculture road
test_25173,clear primary
test_25174,clear primary
test_25175,clear primary
test_25176,partly_cloudy primary
test_25177,partly_cloudy primary
test_25178,partly_cloudy primary water
test_25179,partly_cloudy primary agriculture cultivation
test_25180,clear primary water road
test_25181,clear primary
test_25182,partly_cloudy primary agriculture water road
test_25183,clear primary
test_25184,clear partly_cloudy primary
test_25185,partly_cloudy primary agriculture road
test_25186,clear primary
test_25187,partly_cloudy primary agriculture
test_25188,partly_cloudy primary
test_25189,clear primary
test_25190,partly_cloudy primary agriculture water
test_25191,partly_cloudy primary agriculture road
test_25192,partly_cloudy primary agriculture road
test_25193,clear primary agriculture water cultivation habitation road
test_25194,clear primary
test_25195,partly_cloudy primary agriculture road
test_25196,clear primary agriculture road
test_25197,clear primary
test_25198,clear primary agriculture water road
test_25199,clear primary
test_25200,clear primary
test_25201,clear primary
test_25202,partly_cloudy primary agriculture cultivation
test_25203,partly_cloudy primary
test_25204,partly_cloudy primary agriculture water cultivation habitation road
test_25205,haze cloudy
test_25206,clear primary
test_25207,clear partly_cloudy primary
test_25208,clear primary agriculture water cultivation
test_25209,clear primary agriculture cultivation
test_25210,clear primary agriculture road
test_25211,cloudy
test_25212,clear primary water
test_25213,clear cloudy water
test_25214,clear primary
test_25215,clear primary
test_25216,clear primary
test_25217,cloudy
test_25218,clear primary agriculture habitation road
test_25219,clear primary agriculture habitation road
test_25220,clear primary water
test_25221,clear primary water
test_25222,clear primary agriculture habitation road
test_25223,clear partly_cloudy primary agriculture road
test_25224,clear primary habitation road
test_25225,clear primary agriculture water road
test_25226,clear primary
test_25227,clear primary
test_25228,clear partly_cloudy primary
test_25229,clear primary
test_25230,clear primary agriculture
test_25231,clear primary agriculture cultivation habitation road
test_25232,clear primary agriculture cultivation habitation road
test_25233,clear primary agriculture water cultivation road
test_25234,clear partly_cloudy primary agriculture cultivation
test_25235,cloudy
test_25236,clear partly_cloudy primary water
test_25237,clear primary
test_25238,clear primary
test_25239,clear partly_cloudy primary agriculture water
test_25240,clear primary
test_25241,clear primary agriculture
test_25242,clear primary agriculture cultivation
test_25243,clear primary
test_25244,partly_cloudy primary
test_25245,clear primary
test_25246,clear primary agriculture cultivation
test_25247,clear primary agriculture cultivation habitation road
test_25248,clear primary agriculture road
test_25249,clear primary
test_25250,clear primary
test_25251,clear partly_cloudy primary agriculture cultivation
test_25252,clear primary agriculture habitation road
test_25253,partly_cloudy cloudy primary water
test_25254,clear primary agriculture bare_ground
test_25255,clear primary
test_25256,partly_cloudy primary
test_25257,clear primary
test_25258,clear primary
test_25259,clear primary agriculture road
test_25260,clear primary blooming
test_25261,clear primary
test_25262,clear primary agriculture cultivation road
test_25263,clear primary agriculture habitation road
test_25264,partly_cloudy primary
test_25265,clear haze primary
test_25266,clear primary agriculture
test_25267,partly_cloudy primary agriculture water
test_25268,clear primary agriculture cultivation habitation road
test_25269,clear haze primary
test_25270,clear primary
test_25271,clear primary
test_25272,clear primary
test_25273,clear primary
test_25274,clear haze primary agriculture cultivation
test_25275,clear primary
test_25276,clear primary water road
test_25277,clear primary agriculture water habitation road
test_25278,clear primary agriculture road
test_25279,partly_cloudy primary water
test_25280,clear haze cloudy primary water
test_25281,clear primary
test_25282,clear primary
test_25283,clear primary
test_25284,haze cloudy
test_25285,clear primary agriculture water cultivation habitation
test_25286,clear primary
test_25287,clear primary
test_25288,partly_cloudy primary agriculture road
test_25289,clear partly_cloudy primary agriculture cultivation
test_25290,clear primary agriculture cultivation habitation road
test_25291,partly_cloudy primary
test_25292,clear primary
test_25293,partly_cloudy primary
test_25294,clear primary agriculture water cultivation
test_25295,partly_cloudy primary agriculture cultivation
test_25296,clear primary agriculture road
test_25297,clear primary agriculture water habitation road
test_25298,clear primary water
test_25299,cloudy
test_25300,clear primary
test_25301,clear primary agriculture cultivation
test_25302,clear primary blooming selective_logging
test_25303,clear primary water
test_25304,clear primary
test_25305,haze primary
test_25306,partly_cloudy primary agriculture road
test_25307,clear primary agriculture cultivation habitation road
test_25308,clear primary agriculture cultivation
test_25309,clear primary
test_25310,clear primary agriculture habitation road
test_25311,clear primary water
test_25312,clear primary agriculture road
test_25313,clear primary agriculture water cultivation road
test_25314,partly_cloudy primary agriculture water
test_25315,clear primary agriculture habitation road
test_25316,clear primary
test_25317,clear primary water
test_25318,clear primary agriculture cultivation
test_25319,clear primary
test_25320,clear primary
test_25321,clear primary
test_25322,clear primary
test_25323,clear primary agriculture road
test_25324,partly_cloudy primary agriculture cultivation road
test_25325,clear primary
test_25326,haze primary agriculture road
test_25327,clear primary
test_25328,clear primary agriculture
test_25329,partly_cloudy primary agriculture cultivation
test_25330,clear primary
test_25331,clear primary
test_25332,clear primary agriculture habitation road bare_ground
test_25333,clear primary agriculture
test_25334,clear partly_cloudy primary
test_25335,partly_cloudy primary
test_25336,partly_cloudy primary
test_25337,clear primary
test_25338,clear primary agriculture cultivation habitation road
test_25339,clear primary agriculture cultivation habitation road
test_25340,partly_cloudy primary
test_25341,clear primary
test_25342,clear primary
test_25343,partly_cloudy primary agriculture
test_25344,clear primary
test_25345,clear primary
test_25346,clear primary
test_25347,partly_cloudy primary
test_25348,clear primary
test_25349,clear primary water artisinal_mine
test_25350,partly_cloudy primary agriculture habitation road
test_25351,clear primary agriculture road
test_25352,partly_cloudy primary
test_25353,clear primary
test_25354,clear primary agriculture bare_ground
test_25355,clear primary water
test_25356,clear haze primary
test_25357,partly_cloudy primary
test_25358,clear primary agriculture cultivation habitation road
test_25359,clear primary
test_25360,clear partly_cloudy primary agriculture water road
test_25361,clear primary agriculture water cultivation
test_25362,clear primary
test_25363,partly_cloudy primary water road
test_25364,clear haze primary agriculture water cultivation habitation road
test_25365,clear primary agriculture habitation road
test_25366,clear primary
test_25367,clear primary
test_25368,clear primary blooming selective_logging
test_25369,cloudy
test_25370,clear primary agriculture cultivation habitation
test_25371,partly_cloudy primary agriculture cultivation road
test_25372,clear primary habitation road
test_25373,clear primary agriculture cultivation habitation road
test_25374,haze primary agriculture water
test_25375,partly_cloudy primary water
test_25376,clear primary
test_25377,haze cloudy primary
test_25378,clear primary
test_25379,clear primary agriculture road bare_ground
test_25380,clear primary agriculture water
test_25381,partly_cloudy primary
test_25382,partly_cloudy primary
test_25383,clear primary agriculture cultivation
test_25384,clear primary agriculture road
test_25385,partly_cloudy primary
test_25386,clear primary
test_25387,clear primary agriculture water road
test_25388,clear primary agriculture cultivation road
test_25389,clear primary agriculture road
test_25390,partly_cloudy primary agriculture water
test_25391,clear primary
test_25392,clear primary
test_25393,partly_cloudy primary
test_25394,partly_cloudy primary
test_25395,cloudy
test_25396,clear primary
test_25397,partly_cloudy primary
test_25398,partly_cloudy primary
test_25399,clear primary agriculture cultivation
test_25400,partly_cloudy primary
test_25401,clear primary
test_25402,clear primary
test_25403,clear primary water
test_25404,clear primary
test_25405,clear primary agriculture cultivation
test_25406,clear primary agriculture road
test_25407,clear primary agriculture road
test_25408,clear primary
test_25409,clear primary
test_25410,partly_cloudy cloudy primary agriculture
test_25411,clear primary
test_25412,clear cloudy water
test_25413,clear primary agriculture cultivation habitation
test_25414,partly_cloudy primary agriculture cultivation
test_25415,partly_cloudy primary
test_25416,clear partly_cloudy primary
test_25417,clear primary
test_25418,clear primary agriculture cultivation
test_25419,partly_cloudy primary agriculture
test_25420,clear primary agriculture cultivation
test_25421,clear partly_cloudy primary agriculture cultivation
test_25422,clear primary
test_25423,clear partly_cloudy primary
test_25424,clear primary agriculture cultivation habitation
test_25425,partly_cloudy primary
test_25426,partly_cloudy primary
test_25427,clear primary agriculture water habitation road
test_25428,cloudy
test_25429,clear primary agriculture cultivation road
test_25430,clear primary agriculture water cultivation
test_25431,partly_cloudy primary agriculture
test_25432,clear primary agriculture water
test_25433,clear primary agriculture cultivation habitation road
test_25434,clear primary water
test_25435,clear partly_cloudy primary agriculture cultivation road
test_25436,haze cloudy primary
test_25437,clear primary
test_25438,cloudy
test_25439,clear primary
test_25440,clear primary
test_25441,clear primary
test_25442,cloudy
test_25443,partly_cloudy primary
test_25444,clear primary agriculture habitation road
test_25445,clear primary
test_25446,partly_cloudy primary
test_25447,clear primary
test_25448,clear partly_cloudy primary agriculture
test_25449,clear primary agriculture cultivation
test_25450,clear primary
test_25451,partly_cloudy primary
test_25452,clear primary agriculture road
test_25453,clear primary agriculture road
test_25454,clear partly_cloudy primary agriculture road
test_25455,clear primary
test_25456,clear primary
test_25457,clear primary
test_25458,partly_cloudy primary water road
test_25459,clear primary
test_25460,clear partly_cloudy primary agriculture cultivation
test_25461,clear primary
test_25462,partly_cloudy primary agriculture water
test_25463,clear primary
test_25464,clear primary agriculture cultivation
test_25465,partly_cloudy primary
test_25466,clear primary blooming selective_logging
test_25467,partly_cloudy primary
test_25468,clear primary
test_25469,partly_cloudy primary agriculture road
test_25470,clear primary
test_25471,clear primary
test_25472,haze primary water
test_25473,clear primary
test_25474,clear primary
test_25475,clear primary agriculture water cultivation
test_25476,clear primary
test_25477,clear primary agriculture habitation road
test_25478,clear haze primary
test_25479,clear primary
test_25480,clear primary
test_25481,clear primary
test_25482,clear primary
test_25483,clear primary
test_25484,clear primary water artisinal_mine
test_25485,clear primary
test_25486,clear primary agriculture cultivation habitation road
test_25487,clear primary
test_25488,partly_cloudy primary
test_25489,clear primary agriculture water cultivation habitation road
test_25490,clear primary
test_25491,partly_cloudy primary
test_25492,clear primary
test_25493,clear primary
test_25494,clear primary
test_25495,clear partly_cloudy primary agriculture road
test_25496,partly_cloudy primary
test_25497,clear primary
test_25498,clear primary
test_25499,clear primary water road
test_25500,partly_cloudy primary water
test_25501,clear primary water
test_25502,clear primary agriculture cultivation
test_25503,clear primary agriculture cultivation habitation road
test_25504,clear primary water
test_25505,cloudy
test_25506,clear partly_cloudy primary agriculture cultivation
test_25507,haze cloudy
test_25508,clear primary agriculture cultivation
test_25509,clear primary
test_25510,clear primary agriculture cultivation
test_25511,clear primary
test_25512,partly_cloudy primary agriculture
test_25513,clear primary agriculture water road
test_25514,clear primary
test_25515,clear primary road selective_logging
test_25516,clear primary
test_25517,clear primary
test_25518,clear primary
test_25519,clear primary agriculture cultivation road
test_25520,clear primary agriculture cultivation habitation road
test_25521,clear haze primary agriculture cultivation road
test_25522,cloudy
test_25523,clear primary agriculture water habitation road
test_25524,partly_cloudy primary
test_25525,clear primary
test_25526,partly_cloudy primary
test_25527,cloudy
test_25528,clear primary agriculture cultivation
test_25529,clear primary
test_25530,cloudy
test_25531,partly_cloudy primary
test_25532,clear primary
test_25533,clear primary agriculture road
test_25534,clear primary agriculture water
test_25535,clear primary agriculture water road bare_ground artisinal_mine
test_25536,clear primary agriculture water road
test_25537,clear primary agriculture cultivation
test_25538,clear primary agriculture cultivation road
test_25539,clear primary
test_25540,clear primary
test_25541,clear primary agriculture cultivation
test_25542,clear primary
test_25543,clear primary agriculture road
test_25544,clear primary water road selective_logging
test_25545,clear primary
test_25546,clear primary
test_25547,clear primary agriculture water habitation road
test_25548,clear primary
test_25549,clear primary
test_25550,clear primary agriculture habitation road
test_25551,haze primary
test_25552,partly_cloudy primary
test_25553,clear partly_cloudy primary agriculture cultivation
test_25554,cloudy
test_25555,clear primary agriculture cultivation
test_25556,partly_cloudy primary
test_25557,clear primary agriculture water road
test_25558,clear primary
test_25559,clear primary water
test_25560,clear primary agriculture water cultivation road
test_25561,partly_cloudy primary agriculture
test_25562,clear primary water
test_25563,partly_cloudy primary
test_25564,clear primary
test_25565,partly_cloudy primary agriculture water road
test_25566,partly_cloudy primary agriculture road
test_25567,clear primary agriculture road bare_ground
test_25568,cloudy
test_25569,clear primary agriculture cultivation habitation road
test_25570,clear primary
test_25571,clear haze primary agriculture cultivation
test_25572,clear primary agriculture habitation road
test_25573,clear primary
test_25574,clear primary agriculture road
test_25575,clear primary
test_25576,clear primary
test_25577,clear primary blooming selective_logging
test_25578,cloudy
test_25579,clear partly_cloudy primary agriculture cultivation
test_25580,clear primary agriculture cultivation
test_25581,clear primary agriculture bare_ground
test_25582,clear haze primary agriculture water cultivation
test_25583,haze cloudy
test_25584,clear primary agriculture road bare_ground
test_25585,partly_cloudy primary
test_25586,clear primary agriculture bare_ground
test_25587,partly_cloudy primary agriculture road
test_25588,clear primary
test_25589,clear primary
test_25590,partly_cloudy primary
test_25591,clear primary
test_25592,clear primary agriculture habitation road
test_25593,partly_cloudy primary
test_25594,clear cloudy water
test_25595,clear primary blooming
test_25596,clear haze primary
test_25597,cloudy
test_25598,partly_cloudy primary
test_25599,partly_cloudy primary agriculture road
test_25600,haze cloudy primary
test_25601,clear primary water road
test_25602,clear primary agriculture water cultivation habitation
test_25603,clear partly_cloudy primary
test_25604,clear primary
test_25605,clear primary agriculture water
test_25606,clear primary agriculture habitation road
test_25607,clear primary agriculture habitation road
test_25608,partly_cloudy primary
test_25609,clear primary
test_25610,haze cloudy primary
test_25611,clear primary
test_25612,partly_cloudy primary agriculture water
test_25613,clear primary
test_25614,clear primary agriculture cultivation
test_25615,haze partly_cloudy primary water
test_25616,clear primary agriculture water habitation road
test_25617,clear primary agriculture habitation road
test_25618,clear primary agriculture water habitation road bare_ground artisinal_mine
test_25619,clear primary
test_25620,clear primary
test_25621,clear primary water
test_25622,clear primary
test_25623,partly_cloudy primary
test_25624,clear primary agriculture road
test_25625,clear haze partly_cloudy primary agriculture
test_25626,clear primary
test_25627,clear partly_cloudy primary
test_25628,clear primary
test_25629,clear haze primary
test_25630,clear primary agriculture water road
test_25631,clear primary
test_25632,clear primary agriculture cultivation habitation road
test_25633,haze cloudy primary water
test_25634,clear cloudy water
test_25635,clear primary
test_25636,clear primary water cultivation
test_25637,clear primary water
test_25638,clear primary agriculture water cultivation road
test_25639,clear primary
test_25640,clear haze primary agriculture water
test_25641,haze primary agriculture water
test_25642,clear primary agriculture road
test_25643,partly_cloudy primary
test_25644,clear primary water road
test_25645,clear haze primary agriculture cultivation
test_25646,clear primary
test_25647,clear primary
test_25648,partly_cloudy primary
test_25649,clear primary
test_25650,clear primary agriculture road
test_25651,partly_cloudy cloudy primary
test_25652,clear primary
test_25653,clear primary
test_25654,clear primary agriculture cultivation road
test_25655,partly_cloudy primary
test_25656,clear primary habitation road
test_25657,clear haze primary agriculture cultivation
test_25658,clear primary agriculture water
test_25659,clear primary
test_25660,clear primary agriculture cultivation
test_25661,clear primary
test_25662,clear primary
test_25663,clear primary water
test_25664,clear haze primary agriculture cultivation
test_25665,clear primary water
test_25666,clear haze primary
test_25667,clear primary
test_25668,clear primary
test_25669,clear primary agriculture habitation road bare_ground
test_25670,cloudy
test_25671,clear primary agriculture cultivation
test_25672,partly_cloudy primary agriculture water cultivation
test_25673,cloudy
test_25674,clear primary
test_25675,clear primary
test_25676,clear primary
test_25677,clear primary water
test_25678,clear primary agriculture water
test_25679,clear primary
test_25680,clear primary
test_25681,clear primary agriculture water cultivation
test_25682,clear primary agriculture cultivation habitation road
test_25683,clear partly_cloudy primary agriculture habitation road
test_25684,clear primary
test_25685,partly_cloudy primary
test_25686,clear partly_cloudy primary
test_25687,clear haze primary agriculture water
test_25688,clear primary agriculture habitation road
test_25689,clear primary
test_25690,clear primary agriculture water cultivation
test_25691,clear primary
test_25692,clear primary
test_25693,clear agriculture bare_ground
test_25694,clear primary water road
test_25695,clear primary water
test_25696,clear primary
test_25697,clear primary agriculture road
test_25698,clear haze primary
test_25699,clear primary agriculture habitation road
test_25700,clear primary agriculture water cultivation habitation road
test_25701,clear primary
test_25702,clear primary
test_25703,clear primary
test_25704,clear primary agriculture cultivation road
test_25705,clear primary
test_25706,partly_cloudy primary
test_25707,partly_cloudy primary
test_25708,clear primary
test_25709,clear primary water road selective_logging
test_25710,clear primary agriculture bare_ground
test_25711,clear primary agriculture water road
test_25712,clear primary
test_25713,clear primary agriculture cultivation
test_25714,clear primary water road
test_25715,clear primary agriculture cultivation
test_25716,clear primary water road
test_25717,clear primary agriculture cultivation road
test_25718,clear primary agriculture cultivation
test_25719,partly_cloudy primary
test_25720,clear primary agriculture water habitation road
test_25721,clear primary
test_25722,clear primary
test_25723,clear primary agriculture water cultivation
test_25724,clear haze primary agriculture road
test_25725,clear primary water
test_25726,clear primary water
test_25727,partly_cloudy primary agriculture water
test_25728,partly_cloudy primary
test_25729,clear primary
test_25730,clear primary
test_25731,partly_cloudy primary
test_25732,clear primary agriculture cultivation
test_25733,clear primary
test_25734,cloudy
test_25735,clear primary water
test_25736,clear primary
test_25737,clear primary agriculture road bare_ground
test_25738,partly_cloudy primary
test_25739,clear primary
test_25740,clear primary
test_25741,clear partly_cloudy primary agriculture cultivation
test_25742,clear primary agriculture bare_ground
test_25743,partly_cloudy primary
test_25744,clear primary
test_25745,haze primary agriculture water road
test_25746,clear haze primary agriculture
test_25747,clear primary
test_25748,clear haze primary
test_25749,clear primary agriculture cultivation
test_25750,clear primary
test_25751,haze primary agriculture water
test_25752,clear primary agriculture water
test_25753,clear primary
test_25754,clear primary agriculture habitation road
test_25755,clear primary
test_25756,clear primary
test_25757,partly_cloudy primary
test_25758,partly_cloudy primary
test_25759,clear primary water road
test_25760,clear primary agriculture road
test_25761,partly_cloudy primary
test_25762,clear partly_cloudy primary agriculture water road conventional_mine bare_ground
test_25763,clear primary agriculture road
test_25764,clear primary
test_25765,clear primary agriculture water cultivation
test_25766,clear primary agriculture cultivation
test_25767,partly_cloudy primary agriculture cultivation
test_25768,clear primary
test_25769,clear primary
test_25770,clear primary
test_25771,clear primary agriculture cultivation
test_25772,clear primary
test_25773,cloudy
test_25774,clear primary agriculture bare_ground
test_25775,haze cloudy primary
test_25776,clear primary
test_25777,haze primary
test_25778,clear primary
test_25779,clear primary agriculture cultivation
test_25780,haze primary
test_25781,cloudy
test_25782,clear primary
test_25783,clear primary agriculture cultivation
test_25784,clear primary agriculture road
test_25785,clear primary agriculture road
test_25786,partly_cloudy primary
test_25787,clear primary water
test_25788,partly_cloudy primary
test_25789,clear primary agriculture cultivation habitation
test_25790,clear haze primary water
test_25791,clear primary
test_25792,clear primary agriculture road
test_25793,clear primary
test_25794,clear primary
test_25795,clear primary agriculture
test_25796,partly_cloudy cloudy primary
test_25797,clear primary water
test_25798,clear primary
test_25799,clear primary
test_25800,clear cloudy water
test_25801,clear primary
test_25802,clear primary water
test_25803,partly_cloudy primary
test_25804,clear primary agriculture water road
test_25805,partly_cloudy primary
test_25806,clear primary
test_25807,haze primary
test_25808,clear primary agriculture water habitation
test_25809,clear primary
test_25810,cloudy
test_25811,clear primary agriculture road
test_25812,clear primary agriculture cultivation
test_25813,clear primary
test_25814,clear primary
test_25815,clear primary
test_25816,clear partly_cloudy primary agriculture water habitation
test_25817,clear primary agriculture road
test_25818,partly_cloudy primary
test_25819,clear primary agriculture habitation road
test_25820,clear primary agriculture cultivation habitation road
test_25821,clear primary
test_25822,cloudy
test_25823,clear primary
test_25824,clear primary agriculture cultivation habitation road
test_25825,clear primary
test_25826,clear primary water
test_25827,clear primary
test_25828,partly_cloudy primary
test_25829,clear primary
test_25830,partly_cloudy primary
test_25831,haze primary water
test_25832,clear primary agriculture cultivation habitation
test_25833,clear primary
test_25834,haze primary agriculture water road
test_25835,clear primary
test_25836,clear primary agriculture cultivation
test_25837,clear primary
test_25838,partly_cloudy primary agriculture water road
test_25839,clear primary agriculture cultivation
test_25840,clear primary agriculture habitation road
test_25841,clear primary
test_25842,clear primary agriculture water road
test_25843,clear primary agriculture cultivation
test_25844,clear primary
test_25845,clear primary
test_25846,haze partly_cloudy primary agriculture habitation road
test_25847,clear primary
test_25848,partly_cloudy primary
test_25849,clear partly_cloudy primary agriculture cultivation
test_25850,partly_cloudy primary agriculture
test_25851,clear primary agriculture habitation road
test_25852,clear primary agriculture bare_ground
test_25853,clear primary agriculture water
test_25854,cloudy
test_25855,clear primary agriculture water bare_ground
test_25856,clear primary
test_25857,partly_cloudy primary
test_25858,clear primary agriculture cultivation habitation road
test_25859,partly_cloudy primary
test_25860,clear primary
test_25861,clear primary
test_25862,partly_cloudy primary
test_25863,partly_cloudy primary
test_25864,cloudy
test_25865,clear primary agriculture water cultivation
test_25866,clear primary water road
test_25867,clear primary
test_25868,partly_cloudy primary
test_25869,partly_cloudy primary agriculture water
test_25870,clear primary
test_25871,cloudy
test_25872,haze cloudy
test_25873,partly_cloudy primary water road
test_25874,cloudy
test_25875,clear primary agriculture road
test_25876,clear primary agriculture water cultivation
test_25877,clear primary
test_25878,clear primary
test_25879,partly_cloudy primary agriculture
test_25880,clear primary
test_25881,partly_cloudy primary agriculture water road
test_25882,clear primary
test_25883,clear primary agriculture
test_25884,clear primary agriculture cultivation
test_25885,clear primary agriculture
test_25886,clear primary
test_25887,clear primary
test_25888,clear primary agriculture water road
test_25889,clear primary
test_25890,clear primary water
test_25891,clear primary agriculture water habitation road
test_25892,cloudy
test_25893,haze partly_cloudy primary agriculture water
test_25894,partly_cloudy primary agriculture road
test_25895,clear primary agriculture water cultivation
test_25896,clear primary
test_25897,clear primary agriculture water cultivation habitation road
test_25898,clear primary habitation road
test_25899,clear primary agriculture road
test_25900,clear primary agriculture cultivation road
test_25901,clear haze cloudy primary water
test_25902,clear primary agriculture cultivation habitation
test_25903,cloudy
test_25904,partly_cloudy cloudy
test_25905,clear primary water road
test_25906,cloudy
test_25907,clear primary agriculture road
test_25908,partly_cloudy primary
test_25909,partly_cloudy primary agriculture cultivation habitation
test_25910,clear primary
test_25911,clear primary
test_25912,cloudy
test_25913,haze primary
test_25914,cloudy
test_25915,clear primary agriculture habitation road
test_25916,clear primary
test_25917,partly_cloudy primary water
test_25918,clear primary water road
test_25919,clear primary
test_25920,clear primary
test_25921,clear primary agriculture habitation road
test_25922,haze primary
test_25923,partly_cloudy primary
test_25924,clear primary blooming
test_25925,partly_cloudy primary
test_25926,clear primary agriculture road
test_25927,clear haze primary agriculture habitation road
test_25928,partly_cloudy primary water road
test_25929,clear primary
test_25930,clear primary agriculture water cultivation
test_25931,clear primary
test_25932,clear primary agriculture
test_25933,cloudy
test_25934,clear primary agriculture water cultivation habitation
test_25935,clear primary agriculture water bare_ground artisinal_mine
test_25936,clear primary
test_25937,clear primary
test_25938,clear primary agriculture cultivation
test_25939,partly_cloudy primary
test_25940,clear cloudy water
test_25941,clear primary
test_25942,partly_cloudy primary agriculture
test_25943,haze primary water
test_25944,partly_cloudy primary
test_25945,partly_cloudy primary
test_25946,clear primary agriculture bare_ground
test_25947,partly_cloudy primary
test_25948,clear primary
test_25949,clear primary
test_25950,partly_cloudy primary water
test_25951,clear partly_cloudy primary agriculture habitation road
test_25952,clear primary water
test_25953,partly_cloudy primary agriculture
test_25954,haze partly_cloudy primary agriculture road
test_25955,clear primary
test_25956,clear primary
test_25957,clear primary agriculture cultivation
test_25958,clear primary
test_25959,clear primary
test_25960,clear primary
test_25961,clear primary
test_25962,clear primary
test_25963,clear primary agriculture cultivation
test_25964,clear haze primary water
test_25965,clear primary agriculture cultivation
test_25966,partly_cloudy primary
test_25967,clear primary
test_25968,clear partly_cloudy primary
test_25969,partly_cloudy primary
test_25970,clear primary
test_25971,clear primary
test_25972,clear cloudy water
test_25973,clear primary
test_25974,clear partly_cloudy primary agriculture water cultivation
test_25975,clear primary
test_25976,clear primary agriculture road
test_25977,clear primary
test_25978,clear primary
test_25979,clear primary water
test_25980,clear primary agriculture cultivation habitation road
test_25981,partly_cloudy primary
test_25982,partly_cloudy primary agriculture water
test_25983,clear primary
test_25984,clear primary agriculture water road
test_25985,clear primary agriculture cultivation habitation road
test_25986,haze cloudy
test_25987,clear primary
test_25988,clear primary agriculture cultivation road
test_25989,clear primary water
test_25990,partly_cloudy primary
test_25991,partly_cloudy primary
test_25992,haze cloudy
test_25993,clear primary
test_25994,partly_cloudy primary
test_25995,haze partly_cloudy primary
test_25996,clear primary
test_25997,clear haze primary
test_25998,partly_cloudy primary agriculture road
test_25999,clear primary
test_26000,partly_cloudy primary agriculture cultivation
test_26001,clear primary
test_26002,clear primary agriculture
test_26003,clear primary blooming
test_26004,cloudy
test_26005,clear primary water road
test_26006,clear primary water
test_26007,clear primary
test_26008,clear primary
test_26009,clear primary water road
test_26010,clear primary
test_26011,clear primary
test_26012,clear primary
test_26013,clear primary water road artisinal_mine selective_logging
test_26014,haze primary
test_26015,clear primary
test_26016,partly_cloudy primary water road
test_26017,clear primary agriculture cultivation
test_26018,clear primary
test_26019,clear primary
test_26020,clear primary
test_26021,clear primary water
test_26022,clear primary
test_26023,clear primary
test_26024,partly_cloudy primary
test_26025,haze cloudy
test_26026,clear primary
test_26027,haze primary
test_26028,clear primary habitation road
test_26029,clear primary
test_26030,cloudy
test_26031,clear primary agriculture habitation road
test_26032,partly_cloudy primary
test_26033,cloudy
test_26034,clear primary agriculture cultivation
test_26035,clear primary
test_26036,clear primary agriculture cultivation habitation
test_26037,clear primary
test_26038,clear primary
test_26039,clear primary agriculture cultivation
test_26040,clear primary
test_26041,partly_cloudy primary
test_26042,clear primary agriculture water road
test_26043,partly_cloudy primary
test_26044,clear partly_cloudy primary agriculture road
test_26045,partly_cloudy primary
test_26046,clear primary
test_26047,clear primary water
test_26048,partly_cloudy primary agriculture habitation road
test_26049,clear primary
test_26050,partly_cloudy primary
test_26051,clear primary water
test_26052,clear primary agriculture water road
test_26053,clear primary agriculture road bare_ground
test_26054,clear primary agriculture road
test_26055,clear primary water
test_26056,clear partly_cloudy primary agriculture cultivation
test_26057,partly_cloudy primary water
test_26058,clear primary water
test_26059,partly_cloudy primary agriculture road
test_26060,clear primary agriculture cultivation habitation road
test_26061,clear primary agriculture cultivation habitation road
test_26062,partly_cloudy primary water
test_26063,clear primary
test_26064,clear primary
test_26065,clear primary
test_26066,partly_cloudy primary
test_26067,clear primary
test_26068,clear primary
test_26069,partly_cloudy primary agriculture
test_26070,clear primary agriculture road
test_26071,partly_cloudy primary
test_26072,clear primary agriculture bare_ground
test_26073,partly_cloudy cloudy primary agriculture
test_26074,clear primary
test_26075,clear primary
test_26076,clear primary
test_26077,clear primary agriculture water habitation road conventional_mine bare_ground artisinal_mine
test_26078,clear primary water
test_26079,partly_cloudy primary
test_26080,clear primary agriculture water bare_ground
test_26081,clear primary water road
test_26082,partly_cloudy primary agriculture
test_26083,clear partly_cloudy primary water
test_26084,clear primary agriculture road
test_26085,clear primary
test_26086,clear primary agriculture habitation road
test_26087,clear primary
test_26088,clear partly_cloudy primary agriculture cultivation habitation road
test_26089,cloudy
test_26090,haze primary agriculture water road
test_26091,cloudy
test_26092,clear primary agriculture cultivation road
test_26093,clear primary agriculture cultivation road
test_26094,clear primary agriculture cultivation habitation road
test_26095,clear primary water road
test_26096,clear primary agriculture bare_ground
test_26097,clear primary
test_26098,clear primary
test_26099,partly_cloudy primary agriculture cultivation habitation road
test_26100,partly_cloudy primary
test_26101,clear primary water
test_26102,partly_cloudy primary
test_26103,partly_cloudy primary
test_26104,clear primary agriculture road
test_26105,clear haze primary water
test_26106,clear primary
test_26107,clear primary
test_26108,cloudy
test_26109,clear primary
test_26110,clear primary agriculture water
test_26111,partly_cloudy cloudy primary
test_26112,clear primary
test_26113,haze primary
test_26114,clear primary
test_26115,clear primary
test_26116,clear primary agriculture road
test_26117,partly_cloudy cloudy primary
test_26118,cloudy
test_26119,clear primary agriculture cultivation
test_26120,clear primary water
test_26121,haze primary agriculture water
test_26122,clear primary agriculture cultivation road
test_26123,clear primary
test_26124,clear primary agriculture cultivation
test_26125,clear primary agriculture
test_26126,partly_cloudy primary
test_26127,clear primary
test_26128,clear primary agriculture cultivation
test_26129,clear cloudy primary water
test_26130,partly_cloudy primary agriculture cultivation
test_26131,clear primary agriculture cultivation
test_26132,partly_cloudy primary agriculture road
test_26133,partly_cloudy primary agriculture cultivation
test_26134,clear partly_cloudy primary agriculture road
test_26135,clear primary agriculture cultivation habitation road
test_26136,clear primary
test_26137,clear primary agriculture road
test_26138,clear primary water
test_26139,haze cloudy primary
test_26140,clear primary
test_26141,clear haze primary water
test_26142,clear primary
test_26143,partly_cloudy primary agriculture cultivation
test_26144,clear primary
test_26145,clear primary agriculture water cultivation
test_26146,clear haze primary water road
test_26147,partly_cloudy primary agriculture habitation road
test_26148,clear primary
test_26149,clear primary agriculture water cultivation
test_26150,clear primary agriculture cultivation
test_26151,clear cloudy primary water
test_26152,clear primary
test_26153,partly_cloudy primary water
test_26154,partly_cloudy primary
test_26155,clear primary
test_26156,clear primary
test_26157,clear primary
test_26158,clear primary
test_26159,clear primary
test_26160,cloudy
test_26161,clear primary
test_26162,clear primary
test_26163,clear primary agriculture cultivation
test_26164,clear primary agriculture cultivation
test_26165,clear primary
test_26166,clear partly_cloudy primary
test_26167,partly_cloudy primary
test_26168,clear primary
test_26169,partly_cloudy primary agriculture
test_26170,partly_cloudy primary
test_26171,clear primary water
test_26172,cloudy
test_26173,clear partly_cloudy primary agriculture cultivation habitation road
test_26174,clear primary agriculture water road
test_26175,partly_cloudy primary agriculture water habitation road
test_26176,haze primary agriculture water road
test_26177,clear primary
test_26178,clear primary agriculture water habitation road
test_26179,clear primary
test_26180,clear primary
test_26181,clear primary
test_26182,partly_cloudy primary agriculture water road
test_26183,clear primary agriculture water
test_26184,clear primary agriculture water
test_26185,clear primary
test_26186,clear primary agriculture cultivation
test_26187,partly_cloudy primary agriculture habitation road
test_26188,partly_cloudy primary
test_26189,clear primary water road selective_logging
test_26190,clear primary water
test_26191,clear primary agriculture cultivation habitation
test_26192,partly_cloudy primary agriculture
test_26193,clear primary
test_26194,clear primary agriculture cultivation
test_26195,clear primary agriculture road
test_26196,clear primary agriculture habitation road
test_26197,clear primary
test_26198,clear primary
test_26199,clear primary blooming
test_26200,clear haze primary agriculture cultivation
test_26201,cloudy
test_26202,haze partly_cloudy primary agriculture cultivation
test_26203,clear primary agriculture cultivation
test_26204,partly_cloudy primary
test_26205,clear primary
test_26206,clear primary agriculture cultivation
test_26207,clear primary
test_26208,clear primary water
test_26209,partly_cloudy primary
test_26210,clear primary
test_26211,clear primary
test_26212,clear primary
test_26213,clear primary
test_26214,haze cloudy primary water
test_26215,clear primary
test_26216,partly_cloudy primary agriculture road
test_26217,clear primary
test_26218,clear primary agriculture water cultivation
test_26219,haze primary agriculture water road
test_26220,partly_cloudy primary agriculture road
test_26221,clear primary
test_26222,clear primary water road
test_26223,clear primary agriculture cultivation habitation road
test_26224,partly_cloudy primary
test_26225,clear primary agriculture water
test_26226,clear primary agriculture water cultivation habitation road
test_26227,clear primary
test_26228,clear primary
test_26229,clear primary
test_26230,haze primary
test_26231,cloudy
test_26232,clear primary
test_26233,clear primary agriculture water cultivation
test_26234,partly_cloudy primary
test_26235,haze primary agriculture water
test_26236,clear primary
test_26237,clear primary
test_26238,clear primary
test_26239,clear primary agriculture cultivation habitation road
test_26240,clear primary
test_26241,clear primary agriculture water
test_26242,clear primary
test_26243,clear primary
test_26244,clear primary
test_26245,clear primary
test_26246,clear cloudy water
test_26247,partly_cloudy primary
test_26248,clear primary
test_26249,clear primary
test_26250,haze primary
test_26251,clear primary
test_26252,partly_cloudy primary agriculture cultivation
test_26253,clear primary agriculture cultivation habitation road
test_26254,clear primary
test_26255,clear haze primary
test_26256,clear primary agriculture cultivation
test_26257,clear primary water
test_26258,cloudy
test_26259,haze primary agriculture cultivation
test_26260,clear primary
test_26261,clear primary
test_26262,clear primary agriculture road
test_26263,clear primary
test_26264,clear primary agriculture water cultivation
test_26265,clear haze primary agriculture
test_26266,clear primary agriculture water road
test_26267,clear primary agriculture cultivation habitation road
test_26268,partly_cloudy primary
test_26269,clear primary agriculture cultivation habitation road
test_26270,clear haze primary
test_26271,clear primary agriculture road
test_26272,clear primary
test_26273,clear primary agriculture water cultivation
test_26274,clear primary
test_26275,clear primary agriculture habitation road
test_26276,clear primary agriculture water cultivation habitation
test_26277,clear primary
test_26278,clear haze partly_cloudy primary agriculture
test_26279,partly_cloudy primary agriculture habitation road
test_26280,clear primary agriculture cultivation habitation road
test_26281,clear primary
test_26282,clear primary
test_26283,clear primary water
test_26284,clear primary agriculture cultivation
test_26285,clear primary
test_26286,clear primary agriculture road
test_26287,partly_cloudy primary agriculture
test_26288,clear primary agriculture cultivation habitation road
test_26289,clear primary
test_26290,clear partly_cloudy primary agriculture road
test_26291,clear primary road selective_logging
test_26292,clear primary
test_26293,partly_cloudy primary
test_26294,clear primary
test_26295,haze primary water
test_26296,clear primary
test_26297,partly_cloudy primary agriculture cultivation
test_26298,clear partly_cloudy primary agriculture water cultivation habitation road
test_26299,cloudy
test_26300,partly_cloudy primary agriculture cultivation
test_26301,partly_cloudy primary agriculture cultivation
test_26302,clear partly_cloudy primary
test_26303,clear primary water
test_26304,partly_cloudy primary agriculture water road
test_26305,clear primary
test_26306,partly_cloudy primary
test_26307,partly_cloudy primary
test_26308,clear primary agriculture
test_26309,haze cloudy primary
test_26310,clear cloudy water
test_26311,clear primary
test_26312,clear primary
test_26313,clear primary
test_26314,partly_cloudy primary agriculture road
test_26315,clear primary agriculture cultivation road
test_26316,clear primary agriculture water habitation road
test_26317,partly_cloudy primary
test_26318,clear partly_cloudy primary agriculture water
test_26319,clear primary
test_26320,clear haze primary
test_26321,clear primary water
test_26322,clear primary
test_26323,clear primary
test_26324,clear primary agriculture road
test_26325,cloudy
test_26326,partly_cloudy primary
test_26327,partly_cloudy primary agriculture road
test_26328,clear primary
test_26329,clear primary agriculture cultivation
test_26330,clear haze primary
test_26331,clear primary
test_26332,clear primary agriculture habitation road
test_26333,clear haze primary agriculture water
test_26334,clear primary
test_26335,clear primary
test_26336,clear primary agriculture water
test_26337,clear primary
test_26338,clear primary agriculture water habitation road
test_26339,clear partly_cloudy primary agriculture cultivation
test_26340,clear primary agriculture cultivation
test_26341,clear primary agriculture cultivation
test_26342,clear primary agriculture cultivation habitation road
test_26343,clear cloudy primary water
test_26344,clear primary
test_26345,clear primary
test_26346,clear primary
test_26347,clear primary agriculture road
test_26348,clear primary agriculture cultivation
test_26349,clear primary
test_26350,clear primary
test_26351,clear primary
test_26352,partly_cloudy primary agriculture
test_26353,clear primary water
test_26354,clear primary agriculture water
test_26355,partly_cloudy primary agriculture cultivation
test_26356,clear primary agriculture cultivation
test_26357,clear primary
test_26358,haze cloudy primary
test_26359,partly_cloudy primary
test_26360,clear primary agriculture cultivation
test_26361,clear primary water
test_26362,clear primary agriculture habitation road
test_26363,clear primary agriculture bare_ground
test_26364,clear primary agriculture water habitation road
test_26365,clear primary agriculture cultivation habitation road
test_26366,clear primary agriculture cultivation
test_26367,clear primary agriculture water
test_26368,cloudy
test_26369,clear primary agriculture water cultivation
test_26370,partly_cloudy primary
test_26371,cloudy
test_26372,clear primary agriculture cultivation
test_26373,partly_cloudy primary
test_26374,clear primary agriculture cultivation
test_26375,clear primary agriculture water cultivation
test_26376,partly_cloudy primary
test_26377,clear primary water road
test_26378,clear primary agriculture cultivation
test_26379,clear primary water
test_26380,clear primary water
test_26381,clear primary
test_26382,clear primary
test_26383,clear primary cultivation
test_26384,clear primary agriculture cultivation
test_26385,clear primary agriculture water
test_26386,clear primary
test_26387,clear primary water
test_26388,clear primary agriculture road
test_26389,clear primary agriculture cultivation
test_26390,clear primary agriculture cultivation
test_26391,clear primary
test_26392,haze primary agriculture water
test_26393,haze primary
test_26394,clear primary agriculture water habitation road
test_26395,cloudy
test_26396,clear primary agriculture water
test_26397,clear primary
test_26398,clear primary
test_26399,clear primary
test_26400,clear primary water
test_26401,cloudy
test_26402,clear primary agriculture cultivation
test_26403,partly_cloudy primary
test_26404,cloudy
test_26405,clear primary water road bare_ground artisinal_mine
test_26406,partly_cloudy primary
test_26407,clear primary
test_26408,haze primary
test_26409,clear partly_cloudy primary agriculture water cultivation habitation
test_26410,clear primary agriculture cultivation
test_26411,clear cloudy water
test_26412,partly_cloudy primary
test_26413,clear primary
test_26414,clear primary
test_26415,clear primary agriculture cultivation
test_26416,clear primary agriculture habitation road
test_26417,clear primary
test_26418,partly_cloudy primary
test_26419,partly_cloudy primary
test_26420,clear primary agriculture habitation road
test_26421,partly_cloudy primary
test_26422,clear primary water
test_26423,clear primary agriculture water cultivation habitation road
test_26424,clear primary agriculture water cultivation habitation road
test_26425,clear primary
test_26426,clear primary agriculture water
test_26427,clear primary
test_26428,cloudy
test_26429,clear primary agriculture cultivation
test_26430,clear primary
test_26431,partly_cloudy primary agriculture cultivation road
test_26432,clear primary
test_26433,clear primary
test_26434,cloudy
test_26435,clear primary
test_26436,clear primary
test_26437,partly_cloudy primary agriculture cultivation
test_26438,partly_cloudy primary
test_26439,haze primary
test_26440,partly_cloudy primary
test_26441,clear partly_cloudy primary agriculture cultivation
test_26442,clear primary agriculture cultivation
test_26443,clear primary water road
test_26444,clear primary agriculture cultivation
test_26445,clear primary
test_26446,clear primary
test_26447,clear primary agriculture road
test_26448,clear primary
test_26449,clear primary
test_26450,clear primary agriculture cultivation
test_26451,clear partly_cloudy primary agriculture water cultivation habitation road
test_26452,partly_cloudy primary agriculture road
test_26453,partly_cloudy primary agriculture road
test_26454,clear primary agriculture
test_26455,clear primary
test_26456,clear primary water
test_26457,partly_cloudy primary
test_26458,clear primary
test_26459,clear primary
test_26460,clear primary agriculture water
test_26461,clear primary
test_26462,clear primary
test_26463,clear primary agriculture
test_26464,clear primary
test_26465,partly_cloudy cloudy primary water
test_26466,clear primary agriculture water
test_26467,clear primary agriculture water cultivation habitation road
test_26468,clear partly_cloudy primary agriculture cultivation
test_26469,clear primary agriculture water cultivation habitation
test_26470,clear primary
test_26471,clear primary agriculture cultivation
test_26472,clear primary habitation road
test_26473,partly_cloudy primary
test_26474,cloudy
test_26475,clear primary agriculture cultivation
test_26476,clear primary agriculture habitation road
test_26477,clear primary
test_26478,clear partly_cloudy primary agriculture cultivation
test_26479,clear primary agriculture
test_26480,clear primary agriculture water cultivation habitation
test_26481,clear primary
test_26482,clear primary habitation road
test_26483,clear primary agriculture water cultivation habitation
test_26484,cloudy
test_26485,clear primary
test_26486,partly_cloudy primary agriculture cultivation
test_26487,clear primary
test_26488,partly_cloudy primary
test_26489,clear primary water bare_ground artisinal_mine
test_26490,partly_cloudy cloudy
test_26491,haze primary
test_26492,clear primary agriculture cultivation
test_26493,clear primary water
test_26494,clear primary agriculture cultivation
test_26495,clear primary
test_26496,clear partly_cloudy primary agriculture cultivation
test_26497,clear primary water artisinal_mine
test_26498,clear primary water
test_26499,partly_cloudy primary agriculture cultivation
test_26500,clear primary agriculture road
test_26501,clear primary
test_26502,clear primary
test_26503,clear partly_cloudy primary agriculture water cultivation habitation road
test_26504,clear primary agriculture water
test_26505,partly_cloudy primary agriculture cultivation
test_26506,clear primary agriculture water
test_26507,clear primary agriculture water cultivation habitation
test_26508,clear primary
test_26509,clear primary
test_26510,clear primary agriculture habitation road
test_26511,clear primary agriculture road
test_26512,clear haze primary agriculture water cultivation
test_26513,clear primary agriculture cultivation road
test_26514,clear primary
test_26515,cloudy
test_26516,clear primary water road
test_26517,clear primary agriculture habitation road
test_26518,clear primary agriculture water habitation road
test_26519,clear primary agriculture road
test_26520,clear primary agriculture cultivation
test_26521,clear primary
test_26522,partly_cloudy primary
test_26523,clear primary
test_26524,clear primary agriculture water habitation road
test_26525,clear primary agriculture bare_ground
test_26526,clear primary
test_26527,clear primary
test_26528,partly_cloudy primary
test_26529,partly_cloudy primary agriculture water habitation road
test_26530,clear primary agriculture water habitation road
test_26531,clear primary
test_26532,clear primary
test_26533,partly_cloudy primary agriculture
test_26534,haze cloudy
test_26535,cloudy
test_26536,clear primary
test_26537,clear primary
test_26538,clear partly_cloudy primary
test_26539,cloudy
test_26540,clear primary
test_26541,clear haze primary
test_26542,partly_cloudy primary
test_26543,clear primary
test_26544,clear primary agriculture cultivation
test_26545,clear primary agriculture habitation road
test_26546,partly_cloudy primary agriculture road
test_26547,partly_cloudy cloudy primary
test_26548,clear haze primary agriculture cultivation
test_26549,clear primary
test_26550,partly_cloudy primary
test_26551,clear primary
test_26552,clear primary
test_26553,clear primary agriculture cultivation
test_26554,partly_cloudy cloudy primary
test_26555,clear primary
test_26556,partly_cloudy primary agriculture road
test_26557,clear primary
test_26558,clear primary agriculture water cultivation
test_26559,clear primary agriculture water habitation road
test_26560,haze primary
test_26561,clear primary agriculture road
test_26562,haze primary water
test_26563,clear primary cultivation
test_26564,clear primary agriculture road
test_26565,clear primary
test_26566,partly_cloudy primary
test_26567,clear primary
test_26568,haze primary water
test_26569,clear primary
test_26570,clear primary agriculture cultivation habitation road
test_26571,clear primary agriculture
test_26572,partly_cloudy primary
test_26573,clear primary
test_26574,clear primary
test_26575,haze cloudy
test_26576,clear haze primary agriculture water
test_26577,clear primary
test_26578,clear primary agriculture cultivation
test_26579,clear primary
test_26580,clear primary agriculture habitation road
test_26581,clear primary
test_26582,clear primary water
test_26583,clear primary
test_26584,clear haze primary
test_26585,clear primary agriculture cultivation
test_26586,clear primary agriculture cultivation
test_26587,clear primary
test_26588,clear primary water
test_26589,clear primary
test_26590,clear primary
test_26591,clear primary
test_26592,partly_cloudy primary
test_26593,haze primary agriculture
test_26594,clear primary
test_26595,clear primary agriculture cultivation road
test_26596,clear primary
test_26597,clear primary agriculture water habitation road
test_26598,clear primary
test_26599,clear primary
test_26600,partly_cloudy primary water road
test_26601,haze partly_cloudy primary
test_26602,haze cloudy
test_26603,partly_cloudy primary
test_26604,clear primary
test_26605,clear primary agriculture cultivation habitation
test_26606,cloudy
test_26607,partly_cloudy primary agriculture habitation road
test_26608,cloudy
test_26609,clear primary agriculture water
test_26610,clear primary
test_26611,partly_cloudy primary
test_26612,clear primary
test_26613,clear primary agriculture road
test_26614,clear primary agriculture
test_26615,cloudy
test_26616,clear primary
test_26617,clear primary agriculture cultivation habitation road
test_26618,clear primary
test_26619,clear primary agriculture cultivation habitation road
test_26620,clear cloudy water
test_26621,clear cloudy water
test_26622,clear primary
test_26623,partly_cloudy cloudy primary
test_26624,clear primary
test_26625,clear primary
test_26626,partly_cloudy primary agriculture road
test_26627,clear primary agriculture cultivation habitation road
test_26628,clear primary
test_26629,clear primary
test_26630,clear primary
test_26631,clear primary water road
test_26632,clear primary
test_26633,clear primary agriculture habitation road
test_26634,partly_cloudy cloudy primary
test_26635,clear primary
test_26636,clear primary agriculture cultivation habitation road
test_26637,clear primary
test_26638,clear primary agriculture habitation road
test_26639,clear cloudy primary water
test_26640,clear partly_cloudy primary water
test_26641,clear primary agriculture road
test_26642,clear primary water
test_26643,clear primary
test_26644,clear primary
test_26645,partly_cloudy primary
test_26646,cloudy
test_26647,clear partly_cloudy primary agriculture road
test_26648,partly_cloudy primary agriculture cultivation
test_26649,clear primary
test_26650,partly_cloudy primary agriculture road
test_26651,clear primary water road
test_26652,partly_cloudy primary
test_26653,clear primary agriculture cultivation habitation
test_26654,clear primary
test_26655,clear primary agriculture water bare_ground
test_26656,clear primary
test_26657,clear haze primary
test_26658,clear primary
test_26659,haze primary agriculture
test_26660,haze primary water
test_26661,partly_cloudy primary water
test_26662,clear primary agriculture road
test_26663,partly_cloudy primary
test_26664,clear primary
test_26665,clear primary
test_26666,clear primary water
test_26667,clear primary agriculture
test_26668,clear primary agriculture water cultivation road
test_26669,clear primary agriculture water
test_26670,partly_cloudy primary agriculture
test_26671,clear haze primary road
test_26672,clear primary
test_26673,clear primary agriculture road
test_26674,clear primary agriculture water road bare_ground
test_26675,partly_cloudy primary agriculture cultivation
test_26676,clear partly_cloudy primary agriculture cultivation
test_26677,clear primary agriculture cultivation habitation
test_26678,clear primary agriculture road
test_26679,clear primary
test_26680,clear primary
test_26681,clear primary water
test_26682,clear primary
test_26683,partly_cloudy primary
test_26684,haze partly_cloudy primary
test_26685,clear primary
test_26686,clear primary agriculture cultivation habitation road
test_26687,clear primary agriculture habitation road
test_26688,cloudy
test_26689,partly_cloudy primary
test_26690,clear primary
test_26691,clear partly_cloudy primary
test_26692,clear primary agriculture cultivation habitation road
test_26693,clear primary
test_26694,clear primary
test_26695,clear primary
test_26696,clear primary
test_26697,haze primary
test_26698,clear primary
test_26699,clear primary
test_26700,clear primary
test_26701,clear primary water road
test_26702,clear primary
test_26703,partly_cloudy primary
test_26704,clear primary water road
test_26705,clear primary agriculture cultivation
test_26706,clear primary agriculture road bare_ground
test_26707,clear primary agriculture cultivation habitation
test_26708,clear primary agriculture cultivation habitation road
test_26709,clear primary
test_26710,clear primary
test_26711,clear primary water bare_ground artisinal_mine
test_26712,clear primary
test_26713,clear primary water road
test_26714,clear primary
test_26715,partly_cloudy primary agriculture water
test_26716,clear primary agriculture cultivation habitation road
test_26717,partly_cloudy primary
test_26718,clear partly_cloudy primary agriculture cultivation
test_26719,clear primary water
test_26720,clear primary
test_26721,clear primary agriculture water road
test_26722,clear primary agriculture road
test_26723,clear partly_cloudy primary agriculture water habitation road
test_26724,clear partly_cloudy primary water
test_26725,clear primary
test_26726,clear primary agriculture cultivation
test_26727,clear primary
test_26728,clear primary agriculture water
test_26729,clear primary blooming
test_26730,clear primary
test_26731,partly_cloudy primary
test_26732,clear haze primary agriculture cultivation
test_26733,clear primary
test_26734,clear primary agriculture cultivation habitation
test_26735,clear partly_cloudy primary
test_26736,clear primary
test_26737,partly_cloudy primary agriculture road
test_26738,partly_cloudy primary agriculture water cultivation habitation road
test_26739,partly_cloudy primary agriculture water habitation road
test_26740,haze cloudy primary
test_26741,clear primary agriculture water road
test_26742,clear primary agriculture bare_ground
test_26743,clear primary agriculture cultivation road
test_26744,haze primary
test_26745,clear primary agriculture water road
test_26746,clear primary agriculture road
test_26747,clear primary agriculture habitation road
test_26748,clear haze primary agriculture water road
test_26749,partly_cloudy primary
test_26750,partly_cloudy primary
test_26751,clear primary
test_26752,clear primary water road
test_26753,partly_cloudy primary
test_26754,clear primary
test_26755,clear primary
test_26756,partly_cloudy primary agriculture cultivation road
test_26757,partly_cloudy primary
test_26758,clear primary
test_26759,haze cloudy
test_26760,partly_cloudy primary agriculture cultivation habitation
test_26761,clear primary
test_26762,clear primary agriculture water cultivation habitation road
test_26763,clear primary agriculture habitation road
test_26764,partly_cloudy primary
test_26765,clear primary
test_26766,clear primary
test_26767,clear primary
test_26768,clear primary
test_26769,clear primary
test_26770,clear primary
test_26771,clear primary agriculture road
test_26772,clear primary water conventional_mine bare_ground artisinal_mine
test_26773,clear primary agriculture
test_26774,clear primary
test_26775,clear primary
test_26776,partly_cloudy primary
test_26777,clear primary habitation road
test_26778,haze primary
test_26779,haze primary
test_26780,clear partly_cloudy primary water habitation road conventional_mine bare_ground artisinal_mine
test_26781,clear primary agriculture
test_26782,clear primary
test_26783,clear primary agriculture road
test_26784,clear primary agriculture
test_26785,clear primary agriculture cultivation
test_26786,cloudy
test_26787,clear primary
test_26788,clear primary
test_26789,cloudy
test_26790,clear primary agriculture habitation road
test_26791,partly_cloudy primary
test_26792,clear primary agriculture water road
test_26793,clear primary agriculture habitation road bare_ground
test_26794,clear primary
test_26795,clear primary
test_26796,clear primary
test_26797,clear primary agriculture cultivation habitation road
test_26798,partly_cloudy primary
test_26799,clear primary
test_26800,clear primary water
test_26801,clear primary agriculture road
test_26802,clear haze primary agriculture water road
test_26803,clear primary
test_26804,clear primary agriculture
test_26805,partly_cloudy primary agriculture water
test_26806,partly_cloudy primary
test_26807,clear primary agriculture cultivation habitation
test_26808,partly_cloudy primary
test_26809,clear primary agriculture water cultivation habitation
test_26810,clear primary agriculture water road bare_ground
test_26811,partly_cloudy primary
test_26812,clear primary water bare_ground artisinal_mine
test_26813,partly_cloudy primary agriculture water road
test_26814,clear primary agriculture habitation road
test_26815,clear haze primary
test_26816,clear haze primary water
test_26817,clear primary
test_26818,clear primary
test_26819,partly_cloudy primary agriculture cultivation habitation
test_26820,partly_cloudy primary
test_26821,haze cloudy
test_26822,clear primary
test_26823,clear haze primary agriculture water road
test_26824,clear primary agriculture road
test_26825,clear primary
test_26826,clear haze primary agriculture habitation road
test_26827,haze primary
test_26828,clear primary
test_26829,clear primary water
test_26830,partly_cloudy primary agriculture
test_26831,clear primary agriculture cultivation habitation
test_26832,clear primary agriculture water road
test_26833,clear primary agriculture cultivation habitation road
test_26834,haze cloudy primary
test_26835,partly_cloudy primary agriculture road
test_26836,clear primary
test_26837,clear primary agriculture habitation road
test_26838,clear primary
test_26839,clear primary agriculture water cultivation habitation
test_26840,clear primary water
test_26841,clear primary
test_26842,clear primary
test_26843,partly_cloudy primary agriculture
test_26844,clear primary agriculture habitation road
test_26845,clear primary
test_26846,clear primary agriculture water road
test_26847,clear primary
test_26848,clear primary water
test_26849,clear primary agriculture cultivation
test_26850,partly_cloudy primary
test_26851,partly_cloudy primary agriculture road
test_26852,clear primary
test_26853,clear primary agriculture cultivation habitation road
test_26854,partly_cloudy primary agriculture
test_26855,clear primary
test_26856,clear primary
test_26857,clear primary
test_26858,clear primary
test_26859,cloudy
test_26860,clear primary
test_26861,clear primary water road selective_logging
test_26862,partly_cloudy primary
test_26863,clear primary water
test_26864,partly_cloudy primary
test_26865,clear primary
test_26866,clear haze primary agriculture water
test_26867,clear primary
test_26868,partly_cloudy primary
test_26869,clear primary
test_26870,haze cloudy primary
test_26871,clear primary
test_26872,partly_cloudy primary
test_26873,clear primary water
test_26874,partly_cloudy primary agriculture water habitation road
test_26875,cloudy
test_26876,partly_cloudy primary
test_26877,partly_cloudy primary
test_26878,clear primary agriculture road
test_26879,partly_cloudy primary agriculture cultivation habitation road
test_26880,partly_cloudy primary
test_26881,clear primary
test_26882,clear haze primary agriculture water cultivation habitation
test_26883,clear partly_cloudy primary
test_26884,clear primary agriculture habitation road
test_26885,clear primary agriculture cultivation
test_26886,clear primary
test_26887,haze primary water
test_26888,partly_cloudy primary
test_26889,clear primary agriculture cultivation road
test_26890,clear haze primary agriculture water cultivation road
test_26891,clear primary water
test_26892,clear primary agriculture water cultivation habitation road
test_26893,clear haze primary
test_26894,clear primary
test_26895,clear primary
test_26896,clear primary
test_26897,clear primary agriculture water cultivation
test_26898,clear primary water road
test_26899,clear primary water
test_26900,haze primary agriculture water road
test_26901,clear primary
test_26902,partly_cloudy primary
test_26903,clear primary
test_26904,haze primary agriculture water
test_26905,clear haze primary agriculture cultivation habitation road
test_26906,cloudy
test_26907,clear primary
test_26908,clear haze primary agriculture water cultivation
test_26909,partly_cloudy primary
test_26910,clear primary agriculture cultivation
test_26911,clear primary agriculture cultivation
test_26912,clear primary agriculture road
test_26913,clear partly_cloudy primary agriculture road
test_26914,clear primary agriculture habitation road
test_26915,partly_cloudy primary agriculture water
test_26916,partly_cloudy primary
test_26917,clear primary
test_26918,partly_cloudy primary
test_26919,clear primary
test_26920,partly_cloudy primary
test_26921,partly_cloudy primary agriculture cultivation
test_26922,partly_cloudy cloudy primary agriculture
test_26923,clear primary agriculture habitation road
test_26924,clear primary
test_26925,clear primary agriculture habitation road
test_26926,clear primary
test_26927,clear primary
test_26928,clear primary blooming
test_26929,partly_cloudy primary agriculture
test_26930,clear primary water
test_26931,partly_cloudy cloudy primary
test_26932,clear primary
test_26933,clear primary water
test_26934,partly_cloudy primary agriculture water cultivation
test_26935,clear primary agriculture
test_26936,partly_cloudy primary
test_26937,clear primary
test_26938,haze primary
test_26939,haze primary agriculture cultivation
test_26940,clear primary water road
test_26941,clear primary water habitation
test_26942,clear primary
test_26943,haze partly_cloudy primary
test_26944,clear primary
test_26945,clear haze primary
test_26946,clear primary
test_26947,partly_cloudy primary agriculture cultivation
test_26948,clear primary
test_26949,clear primary water
test_26950,partly_cloudy primary agriculture habitation road
test_26951,clear primary water
test_26952,clear primary water
test_26953,clear primary agriculture road
test_26954,clear primary agriculture cultivation habitation road
test_26955,clear primary agriculture water cultivation
test_26956,clear primary water
test_26957,clear primary
test_26958,clear primary water habitation road
test_26959,clear primary water
test_26960,cloudy
test_26961,clear primary agriculture
test_26962,clear primary agriculture
test_26963,clear primary agriculture road bare_ground
test_26964,clear primary water
test_26965,partly_cloudy primary
test_26966,clear primary
test_26967,partly_cloudy primary agriculture water
test_26968,clear primary agriculture water cultivation road selective_logging
test_26969,clear primary blooming
test_26970,clear primary
test_26971,clear primary agriculture road
test_26972,clear primary agriculture road
test_26973,partly_cloudy primary agriculture road
test_26974,clear primary agriculture water
test_26975,clear primary agriculture water road
test_26976,haze primary water
test_26977,clear partly_cloudy primary agriculture water
test_26978,haze partly_cloudy primary
test_26979,partly_cloudy primary agriculture water road
test_26980,clear primary agriculture cultivation habitation
test_26981,haze primary
test_26982,clear primary
test_26983,clear primary agriculture habitation road
test_26984,clear primary
test_26985,clear primary agriculture habitation road
test_26986,clear primary agriculture cultivation
test_26987,clear primary
test_26988,partly_cloudy primary agriculture water road
test_26989,clear primary
test_26990,clear primary
test_26991,clear primary
test_26992,partly_cloudy primary
test_26993,clear primary agriculture habitation road
test_26994,clear primary water road
test_26995,partly_cloudy primary
test_26996,clear primary agriculture road
test_26997,partly_cloudy primary
test_26998,haze cloudy primary
test_26999,clear primary agriculture
test_27000,partly_cloudy primary agriculture cultivation
test_27001,clear primary agriculture water cultivation habitation
test_27002,clear cloudy primary agriculture habitation road conventional_mine bare_ground artisinal_mine
test_27003,clear primary
test_27004,clear primary
test_27005,partly_cloudy primary
test_27006,clear primary agriculture road
test_27007,clear primary agriculture cultivation habitation
test_27008,clear primary agriculture cultivation
test_27009,clear primary
test_27010,clear primary water
test_27011,partly_cloudy primary
test_27012,clear primary water
test_27013,clear primary
test_27014,clear primary
test_27015,clear primary agriculture
test_27016,haze primary
test_27017,clear primary
test_27018,clear partly_cloudy primary agriculture water cultivation
test_27019,clear primary agriculture cultivation
test_27020,clear primary
test_27021,partly_cloudy primary
test_27022,clear primary water road
test_27023,haze primary
test_27024,clear partly_cloudy primary water road
test_27025,partly_cloudy primary agriculture road
test_27026,clear primary
test_27027,haze primary
test_27028,clear primary agriculture cultivation
test_27029,clear primary agriculture water
test_27030,clear primary cultivation
test_27031,clear primary water road
test_27032,clear primary agriculture cultivation
test_27033,clear haze cloudy primary water
test_27034,partly_cloudy primary water
test_27035,clear primary
test_27036,clear primary
test_27037,clear primary
test_27038,haze primary agriculture water
test_27039,clear primary
test_27040,clear primary water
test_27041,clear primary
test_27042,clear primary
test_27043,clear primary
test_27044,clear primary
test_27045,clear primary
test_27046,clear primary
test_27047,partly_cloudy cloudy primary agriculture
test_27048,clear primary
test_27049,clear primary
test_27050,clear primary agriculture cultivation
test_27051,clear primary
test_27052,clear primary agriculture cultivation habitation road
test_27053,clear primary cultivation
test_27054,haze primary
test_27055,clear primary
test_27056,clear partly_cloudy primary water
test_27057,clear primary water
test_27058,clear primary
test_27059,clear primary agriculture cultivation
test_27060,clear primary agriculture habitation road
test_27061,haze primary
test_27062,clear primary agriculture cultivation
test_27063,clear primary agriculture habitation road
test_27064,clear primary
test_27065,partly_cloudy primary
test_27066,clear primary
test_27067,clear primary
test_27068,clear primary agriculture cultivation
test_27069,clear primary agriculture water habitation road
test_27070,clear primary
test_27071,clear primary agriculture road
test_27072,clear primary
test_27073,clear primary
test_27074,clear primary
test_27075,clear haze primary agriculture cultivation
test_27076,clear cloudy primary water
test_27077,partly_cloudy primary
test_27078,clear primary
test_27079,partly_cloudy primary
test_27080,clear primary
test_27081,cloudy
test_27082,partly_cloudy primary
test_27083,clear haze primary
test_27084,clear primary
test_27085,clear haze primary agriculture water road
test_27086,partly_cloudy cloudy primary
test_27087,clear primary
test_27088,clear primary
test_27089,clear partly_cloudy primary agriculture cultivation habitation road
test_27090,clear primary
test_27091,clear primary
test_27092,clear primary agriculture cultivation
test_27093,clear primary water
test_27094,clear primary
test_27095,clear primary
test_27096,clear primary agriculture water road
test_27097,clear primary
test_27098,clear primary
test_27099,clear primary
test_27100,cloudy
test_27101,clear primary agriculture water road
test_27102,partly_cloudy primary agriculture cultivation habitation road
test_27103,cloudy
test_27104,clear primary agriculture water
test_27105,clear primary
test_27106,haze primary
test_27107,clear primary
test_27108,clear primary agriculture cultivation
test_27109,clear primary
test_27110,partly_cloudy cloudy
test_27111,clear primary
test_27112,clear primary
test_27113,partly_cloudy primary agriculture habitation road
test_27114,clear primary
test_27115,clear primary
test_27116,clear primary agriculture water road
test_27117,haze primary
test_27118,clear primary
test_27119,clear primary
test_27120,partly_cloudy primary agriculture water cultivation road
test_27121,clear primary
test_27122,clear primary
test_27123,partly_cloudy primary
test_27124,clear primary water road
test_27125,clear primary
test_27126,partly_cloudy primary water
test_27127,clear primary
test_27128,haze partly_cloudy cloudy primary
test_27129,clear haze primary agriculture water road
test_27130,partly_cloudy primary agriculture cultivation
test_27131,cloudy
test_27132,clear primary
test_27133,haze primary water
test_27134,haze partly_cloudy primary agriculture water road
test_27135,clear primary water
test_27136,clear primary agriculture
test_27137,clear primary agriculture bare_ground
test_27138,clear primary agriculture cultivation
test_27139,clear primary
test_27140,partly_cloudy primary agriculture
test_27141,clear primary
test_27142,clear primary agriculture habitation road
test_27143,haze primary
test_27144,partly_cloudy primary agriculture road
test_27145,clear primary
test_27146,clear primary
test_27147,clear primary agriculture cultivation
test_27148,clear primary water road bare_ground artisinal_mine
test_27149,clear primary
test_27150,clear primary agriculture cultivation
test_27151,cloudy
test_27152,clear primary agriculture habitation road
test_27153,clear primary agriculture water
test_27154,partly_cloudy primary
test_27155,clear primary agriculture road
test_27156,partly_cloudy primary
test_27157,clear cloudy water
test_27158,clear primary agriculture cultivation
test_27159,clear primary
test_27160,partly_cloudy primary
test_27161,clear primary
test_27162,partly_cloudy primary
test_27163,clear primary agriculture cultivation
test_27164,cloudy
test_27165,cloudy
test_27166,clear primary
test_27167,clear primary agriculture cultivation
test_27168,clear primary
test_27169,clear primary
test_27170,clear primary agriculture water cultivation
test_27171,clear primary
test_27172,clear partly_cloudy primary agriculture water road
test_27173,clear primary
test_27174,clear primary
test_27175,partly_cloudy primary
test_27176,partly_cloudy primary agriculture road
test_27177,clear primary agriculture habitation road
test_27178,clear primary
test_27179,clear primary agriculture water cultivation habitation
test_27180,clear primary agriculture road
test_27181,clear partly_cloudy primary water
test_27182,clear primary
test_27183,clear primary water
test_27184,clear partly_cloudy primary
test_27185,partly_cloudy cloudy
test_27186,clear primary
test_27187,clear primary
test_27188,clear primary agriculture cultivation
test_27189,clear haze primary
test_27190,partly_cloudy primary
test_27191,clear primary agriculture water cultivation habitation
test_27192,partly_cloudy primary
test_27193,clear primary water
test_27194,clear primary agriculture
test_27195,clear primary
test_27196,partly_cloudy primary
test_27197,haze primary
test_27198,clear primary agriculture cultivation
test_27199,clear primary agriculture habitation road
test_27200,clear primary agriculture cultivation
test_27201,clear haze primary
test_27202,partly_cloudy primary
test_27203,clear haze primary agriculture cultivation
test_27204,clear primary agriculture road
test_27205,clear haze primary agriculture
test_27206,clear haze primary
test_27207,clear primary
test_27208,clear primary agriculture water
test_27209,clear primary water cultivation
test_27210,clear primary
test_27211,clear primary agriculture water
test_27212,clear primary
test_27213,partly_cloudy primary
test_27214,partly_cloudy primary
test_27215,clear primary
test_27216,partly_cloudy primary
test_27217,clear primary agriculture cultivation habitation road
test_27218,clear primary
test_27219,clear primary
test_27220,clear primary
test_27221,partly_cloudy cloudy primary
test_27222,clear primary water road blooming selective_logging
test_27223,clear primary water
test_27224,clear primary agriculture water road
test_27225,cloudy
test_27226,partly_cloudy primary
test_27227,clear primary
test_27228,partly_cloudy primary
test_27229,partly_cloudy primary
test_27230,clear primary
test_27231,clear primary
test_27232,clear primary agriculture cultivation
test_27233,clear primary
test_27234,clear primary
test_27235,clear primary
test_27236,clear primary agriculture cultivation
test_27237,partly_cloudy primary agriculture cultivation
test_27238,partly_cloudy primary
test_27239,clear primary
test_27240,clear primary
test_27241,clear primary agriculture
test_27242,haze primary
test_27243,clear primary
test_27244,clear primary agriculture road
test_27245,partly_cloudy primary agriculture water road
test_27246,clear primary
test_27247,clear primary
test_27248,clear primary
test_27249,clear primary water artisinal_mine
test_27250,haze primary
test_27251,clear primary agriculture habitation road
test_27252,partly_cloudy primary
test_27253,clear primary water road
test_27254,clear primary
test_27255,partly_cloudy primary agriculture cultivation road
test_27256,partly_cloudy primary agriculture cultivation habitation road
test_27257,cloudy
test_27258,clear primary
test_27259,clear primary
test_27260,clear primary agriculture habitation road
test_27261,clear primary
test_27262,partly_cloudy primary agriculture road
test_27263,partly_cloudy primary
test_27264,clear cloudy water
test_27265,clear primary
test_27266,partly_cloudy cloudy primary
test_27267,clear primary
test_27268,clear primary agriculture cultivation road
test_27269,clear primary agriculture water road
test_27270,partly_cloudy primary agriculture cultivation habitation road
test_27271,clear primary
test_27272,clear primary
test_27273,partly_cloudy primary agriculture road
test_27274,clear primary
test_27275,clear primary
test_27276,clear primary agriculture habitation road
test_27277,clear primary agriculture road
test_27278,haze primary
test_27279,clear primary agriculture road
test_27280,clear primary
test_27281,partly_cloudy primary
test_27282,clear primary agriculture water cultivation habitation road
test_27283,clear primary water road
test_27284,clear primary
test_27285,clear primary agriculture cultivation
test_27286,clear primary water road
test_27287,clear primary
test_27288,haze primary
test_27289,clear primary agriculture water cultivation
test_27290,clear primary agriculture road
test_27291,clear primary
test_27292,clear primary agriculture cultivation
test_27293,clear primary agriculture road
test_27294,clear primary agriculture water habitation road
test_27295,haze primary
test_27296,clear primary
test_27297,clear primary
test_27298,clear primary water
test_27299,clear primary
test_27300,clear cloudy water
test_27301,clear primary
test_27302,partly_cloudy primary
test_27303,clear primary agriculture road
test_27304,clear primary agriculture cultivation habitation road
test_27305,clear primary water
test_27306,partly_cloudy primary
test_27307,clear primary
test_27308,clear primary
test_27309,clear primary
test_27310,clear primary agriculture cultivation habitation road
test_27311,haze cloudy primary
test_27312,clear primary agriculture
test_27313,clear cloudy water
test_27314,clear haze primary agriculture water road
test_27315,clear primary agriculture cultivation
test_27316,clear primary
test_27317,partly_cloudy primary agriculture water road
test_27318,clear primary
test_27319,haze primary agriculture water
test_27320,partly_cloudy primary
test_27321,partly_cloudy primary
test_27322,clear partly_cloudy primary agriculture habitation road conventional_mine
test_27323,clear partly_cloudy primary agriculture cultivation
test_27324,partly_cloudy primary water road
test_27325,clear primary
test_27326,clear primary
test_27327,clear primary agriculture cultivation
test_27328,clear primary agriculture cultivation habitation road
test_27329,clear primary
test_27330,clear primary
test_27331,clear primary
test_27332,clear primary agriculture
test_27333,clear primary agriculture water cultivation
test_27334,haze primary
test_27335,partly_cloudy primary agriculture habitation road
test_27336,clear haze primary agriculture water habitation road
test_27337,clear primary agriculture water habitation road
test_27338,partly_cloudy primary agriculture road
test_27339,clear primary agriculture cultivation
test_27340,clear primary
test_27341,clear primary
test_27342,clear primary agriculture water cultivation habitation road
test_27343,clear primary water
test_27344,clear primary
test_27345,clear haze primary water
test_27346,clear primary water road
test_27347,clear partly_cloudy primary
test_27348,clear cloudy water
test_27349,clear primary
test_27350,clear primary water
test_27351,clear primary agriculture cultivation
test_27352,clear primary agriculture cultivation
test_27353,clear haze primary
test_27354,cloudy
test_27355,partly_cloudy primary
test_27356,clear primary water
test_27357,partly_cloudy primary
test_27358,clear primary
test_27359,clear primary water
test_27360,clear primary
test_27361,partly_cloudy cloudy
test_27362,clear primary
test_27363,clear primary
test_27364,clear primary
test_27365,clear primary agriculture cultivation road
test_27366,clear primary
test_27367,cloudy
test_27368,clear primary
test_27369,clear partly_cloudy primary
test_27370,clear primary
test_27371,clear primary
test_27372,clear cloudy primary water
test_27373,clear primary water
test_27374,clear haze primary agriculture habitation road
test_27375,clear primary agriculture cultivation road
test_27376,clear primary agriculture cultivation habitation road
test_27377,clear primary agriculture cultivation
test_27378,clear primary
test_27379,clear primary
test_27380,clear primary
test_27381,clear partly_cloudy primary
test_27382,clear primary agriculture cultivation
test_27383,clear primary
test_27384,partly_cloudy primary
test_27385,clear primary
test_27386,clear primary
test_27387,clear primary agriculture road
test_27388,clear primary
test_27389,clear partly_cloudy primary
test_27390,clear primary agriculture water cultivation habitation road
test_27391,clear primary water
test_27392,clear primary agriculture habitation road
test_27393,clear primary
test_27394,clear primary
test_27395,clear primary water
test_27396,partly_cloudy primary
test_27397,clear primary agriculture water cultivation habitation
test_27398,partly_cloudy primary agriculture cultivation
test_27399,clear primary
test_27400,haze cloudy
test_27401,clear primary
test_27402,clear primary agriculture cultivation
test_27403,clear partly_cloudy primary
test_27404,clear primary water
test_27405,clear primary agriculture habitation road
test_27406,clear primary agriculture cultivation habitation road
test_27407,clear primary
test_27408,clear primary agriculture cultivation
test_27409,cloudy
test_27410,clear primary
test_27411,clear primary agriculture habitation road
test_27412,clear primary agriculture bare_ground
test_27413,clear primary agriculture cultivation
test_27414,clear primary
test_27415,partly_cloudy primary water
test_27416,clear primary
test_27417,partly_cloudy primary agriculture cultivation
test_27418,partly_cloudy primary water road
test_27419,cloudy
test_27420,clear primary
test_27421,clear primary
test_27422,clear primary agriculture cultivation habitation
test_27423,clear primary
test_27424,clear primary
test_27425,clear primary agriculture
test_27426,clear primary agriculture
test_27427,partly_cloudy primary agriculture cultivation
test_27428,clear primary water road artisinal_mine
test_27429,clear primary agriculture cultivation
test_27430,clear primary
test_27431,clear primary
test_27432,clear primary
test_27433,clear primary
test_27434,clear primary water
test_27435,clear primary agriculture water
test_27436,clear primary agriculture water road
test_27437,clear primary
test_27438,clear primary agriculture water road
test_27439,partly_cloudy primary
test_27440,cloudy
test_27441,clear primary water road
test_27442,clear primary agriculture water cultivation road
test_27443,clear primary
test_27444,partly_cloudy primary
test_27445,clear partly_cloudy primary agriculture water road
test_27446,clear primary
test_27447,clear primary
test_27448,clear primary water
test_27449,clear primary
test_27450,partly_cloudy primary
test_27451,clear primary water road
test_27452,clear primary water
test_27453,haze primary agriculture water road
test_27454,clear primary
test_27455,clear partly_cloudy primary
test_27456,clear primary
test_27457,clear primary
test_27458,clear primary agriculture cultivation habitation road
test_27459,clear primary
test_27460,clear primary
test_27461,clear primary agriculture habitation road
test_27462,clear primary
test_27463,clear primary
test_27464,partly_cloudy cloudy
test_27465,clear cloudy water
test_27466,clear primary
test_27467,cloudy
test_27468,clear primary water
test_27469,clear primary
test_27470,partly_cloudy primary
test_27471,clear primary
test_27472,clear primary agriculture road
test_27473,clear primary agriculture cultivation
test_27474,clear primary agriculture water
test_27475,clear primary
test_27476,clear primary
test_27477,clear primary agriculture habitation road
test_27478,clear primary
test_27479,clear primary water
test_27480,cloudy
test_27481,clear primary agriculture cultivation road
test_27482,clear primary agriculture habitation road
test_27483,clear primary
test_27484,clear primary
test_27485,clear primary blooming selective_logging
test_27486,clear partly_cloudy primary
test_27487,clear primary water bare_ground artisinal_mine
test_27488,clear partly_cloudy primary
test_27489,partly_cloudy primary
test_27490,clear primary agriculture cultivation
test_27491,clear primary blooming
test_27492,haze cloudy primary
test_27493,clear primary
test_27494,partly_cloudy primary
test_27495,clear primary water
test_27496,clear primary habitation road
test_27497,partly_cloudy primary agriculture
test_27498,clear primary
test_27499,partly_cloudy primary
test_27500,cloudy water
test_27501,clear primary
test_27502,partly_cloudy primary
test_27503,clear primary agriculture bare_ground
test_27504,clear primary agriculture road
test_27505,clear primary agriculture cultivation
test_27506,cloudy
test_27507,partly_cloudy primary
test_27508,clear primary agriculture cultivation
test_27509,clear primary agriculture water habitation road
test_27510,clear primary
test_27511,partly_cloudy primary
test_27512,clear partly_cloudy primary agriculture cultivation road
test_27513,clear primary
test_27514,cloudy
test_27515,cloudy
test_27516,partly_cloudy primary water
test_27517,clear primary
test_27518,clear primary
test_27519,partly_cloudy primary agriculture cultivation
test_27520,clear cloudy water
test_27521,partly_cloudy primary agriculture cultivation
test_27522,clear primary agriculture cultivation
test_27523,clear primary
test_27524,clear primary agriculture habitation road
test_27525,clear primary
test_27526,haze primary
test_27527,clear primary
test_27528,partly_cloudy primary water
test_27529,clear primary
test_27530,clear primary agriculture cultivation
test_27531,clear partly_cloudy primary agriculture water
test_27532,clear primary
test_27533,clear primary agriculture water cultivation
test_27534,clear primary agriculture cultivation habitation road
test_27535,clear partly_cloudy primary
test_27536,clear primary
test_27537,clear cloudy water
test_27538,clear primary
test_27539,clear cloudy water
test_27540,partly_cloudy primary water
test_27541,clear primary agriculture water cultivation habitation
test_27542,clear primary
test_27543,clear primary
test_27544,clear primary
test_27545,clear primary agriculture water habitation road
test_27546,clear primary agriculture cultivation
test_27547,haze cloudy primary
test_27548,clear primary
test_27549,clear primary blooming
test_27550,clear primary agriculture cultivation road
test_27551,cloudy
test_27552,clear primary
test_27553,clear primary
test_27554,clear primary
test_27555,clear primary
test_27556,partly_cloudy primary agriculture cultivation
test_27557,clear primary water road bare_ground artisinal_mine
test_27558,clear haze primary agriculture water
test_27559,partly_cloudy primary
test_27560,clear primary agriculture habitation road
test_27561,clear primary agriculture water cultivation
test_27562,partly_cloudy primary agriculture water road conventional_mine
test_27563,clear primary
test_27564,clear primary
test_27565,partly_cloudy primary agriculture water cultivation
test_27566,clear primary agriculture cultivation
test_27567,clear primary water road
test_27568,clear primary agriculture cultivation habitation road
test_27569,clear haze primary water road
test_27570,haze primary
test_27571,clear primary water
test_27572,clear haze primary agriculture water
test_27573,clear primary blooming
test_27574,partly_cloudy primary
test_27575,clear primary
test_27576,clear primary
test_27577,clear primary water road
test_27578,clear primary
test_27579,haze primary
test_27580,partly_cloudy primary
test_27581,clear primary
test_27582,clear primary
test_27583,partly_cloudy primary
test_27584,clear primary
test_27585,clear primary agriculture water road
test_27586,clear primary agriculture water cultivation road
test_27587,partly_cloudy primary
test_27588,clear primary
test_27589,clear primary
test_27590,clear primary agriculture
test_27591,clear primary agriculture habitation road
test_27592,partly_cloudy primary agriculture cultivation
test_27593,clear partly_cloudy primary agriculture water road
test_27594,clear primary water road
test_27595,clear primary agriculture water
test_27596,partly_cloudy primary water road
test_27597,clear primary agriculture water cultivation
test_27598,clear primary agriculture road
test_27599,clear primary
test_27600,cloudy
test_27601,clear primary agriculture water road
test_27602,clear primary agriculture water road
test_27603,clear primary agriculture cultivation
test_27604,clear primary
test_27605,clear primary
test_27606,clear primary water
test_27607,clear primary blooming
test_27608,clear primary
test_27609,clear primary
test_27610,clear haze primary agriculture cultivation
test_27611,clear primary
test_27612,clear primary agriculture water habitation road
test_27613,clear primary
test_27614,clear haze primary agriculture road
test_27615,clear primary agriculture road
test_27616,clear primary agriculture cultivation habitation road
test_27617,clear primary agriculture habitation road
test_27618,partly_cloudy primary agriculture habitation road
test_27619,partly_cloudy primary agriculture cultivation
test_27620,clear primary
test_27621,clear primary
test_27622,clear primary agriculture cultivation
test_27623,partly_cloudy primary
test_27624,clear primary
test_27625,clear primary blooming selective_logging
test_27626,clear primary agriculture road
test_27627,clear primary
test_27628,clear primary
test_27629,clear primary
test_27630,clear primary
test_27631,clear primary agriculture cultivation
test_27632,clear primary agriculture
test_27633,clear primary agriculture water
test_27634,clear primary
test_27635,clear primary water
test_27636,cloudy
test_27637,partly_cloudy primary
test_27638,clear primary agriculture cultivation habitation
test_27639,clear primary agriculture water cultivation
test_27640,clear primary water habitation road
test_27641,clear haze primary
test_27642,clear primary agriculture cultivation
test_27643,clear primary agriculture road
test_27644,partly_cloudy cloudy primary agriculture
test_27645,clear primary agriculture road
test_27646,clear primary agriculture water road
test_27647,clear primary water
test_27648,clear primary
test_27649,clear primary agriculture habitation road
test_27650,clear primary agriculture cultivation
test_27651,partly_cloudy cloudy primary
test_27652,clear primary
test_27653,clear primary
test_27654,haze primary
test_27655,clear haze primary agriculture habitation road
test_27656,clear primary
test_27657,clear primary habitation road
test_27658,clear primary
test_27659,clear haze primary agriculture water
test_27660,partly_cloudy primary agriculture water road
test_27661,partly_cloudy primary
test_27662,clear primary
test_27663,clear primary agriculture water habitation road
test_27664,partly_cloudy primary
test_27665,clear primary agriculture cultivation
test_27666,clear primary
test_27667,clear partly_cloudy primary
test_27668,clear primary
test_27669,clear primary
test_27670,clear primary
test_27671,clear primary water road
test_27672,partly_cloudy primary
test_27673,partly_cloudy cloudy primary
test_27674,clear primary agriculture cultivation
test_27675,haze cloudy
test_27676,clear primary
test_27677,clear primary water
test_27678,clear primary habitation road
test_27679,clear primary
test_27680,clear haze primary agriculture road
test_27681,partly_cloudy primary agriculture road
test_27682,partly_cloudy primary agriculture water
test_27683,cloudy
test_27684,partly_cloudy primary
test_27685,haze primary
test_27686,clear primary
test_27687,clear haze primary
test_27688,haze cloudy primary
test_27689,partly_cloudy primary agriculture
test_27690,partly_cloudy primary
test_27691,clear primary agriculture habitation road
test_27692,cloudy
test_27693,clear primary
test_27694,clear primary
test_27695,clear primary agriculture habitation road
test_27696,clear primary water
test_27697,clear primary agriculture habitation road
test_27698,clear primary agriculture water cultivation habitation
test_27699,partly_cloudy primary
test_27700,haze primary
test_27701,clear primary agriculture
test_27702,clear primary
test_27703,clear primary
test_27704,clear primary
test_27705,clear primary water
test_27706,haze cloudy primary
test_27707,clear primary agriculture habitation road bare_ground
test_27708,cloudy
test_27709,clear cloudy water
test_27710,clear primary
test_27711,clear primary agriculture water bare_ground
test_27712,clear primary agriculture water cultivation road
test_27713,cloudy
test_27714,clear primary
test_27715,clear primary agriculture road
test_27716,partly_cloudy primary agriculture cultivation
test_27717,clear haze primary agriculture road
test_27718,clear primary
test_27719,clear primary
test_27720,clear primary
test_27721,clear haze primary
test_27722,clear primary water
test_27723,clear primary
test_27724,clear primary agriculture cultivation
test_27725,clear primary
test_27726,clear primary agriculture cultivation
test_27727,clear primary agriculture water cultivation road
test_27728,clear primary
test_27729,clear primary
test_27730,clear primary
test_27731,clear cloudy water
test_27732,clear primary
test_27733,clear primary agriculture cultivation habitation road
test_27734,clear haze primary agriculture water
test_27735,clear primary
test_27736,clear primary
test_27737,clear primary water habitation road bare_ground artisinal_mine
test_27738,partly_cloudy primary
test_27739,clear primary agriculture cultivation
test_27740,clear primary
test_27741,clear primary water
test_27742,clear haze primary
test_27743,clear primary
test_27744,clear primary agriculture road
test_27745,clear primary
test_27746,clear primary blooming
test_27747,clear primary
test_27748,clear primary
test_27749,clear primary water road bare_ground artisinal_mine
test_27750,clear primary
test_27751,cloudy
test_27752,clear haze primary
test_27753,clear primary agriculture cultivation
test_27754,clear primary agriculture road
test_27755,clear primary agriculture cultivation
test_27756,clear primary
test_27757,clear primary
test_27758,clear primary water
test_27759,clear primary water road
test_27760,clear primary water
test_27761,clear primary
test_27762,clear primary blooming
test_27763,clear primary agriculture habitation road
test_27764,clear primary
test_27765,clear primary agriculture water cultivation road
test_27766,clear primary agriculture road
test_27767,haze cloudy
test_27768,clear primary
test_27769,clear primary agriculture
test_27770,partly_cloudy primary agriculture water road
test_27771,clear primary
test_27772,cloudy
test_27773,clear primary
test_27774,clear primary
test_27775,clear primary
test_27776,clear primary agriculture road
test_27777,clear partly_cloudy primary agriculture cultivation habitation
test_27778,cloudy
test_27779,clear primary agriculture water cultivation habitation road
test_27780,clear primary
test_27781,clear primary blooming
test_27782,clear primary cultivation
test_27783,partly_cloudy primary water
test_27784,clear primary agriculture cultivation
test_27785,clear primary agriculture water cultivation road
test_27786,clear haze primary water
test_27787,clear primary agriculture road
test_27788,clear primary
test_27789,clear primary habitation road
test_27790,clear primary
test_27791,haze primary agriculture cultivation
test_27792,clear primary
test_27793,clear primary
test_27794,clear primary agriculture habitation road
test_27795,clear primary agriculture road
test_27796,clear primary agriculture habitation road
test_27797,clear primary
test_27798,clear primary agriculture road
test_27799,partly_cloudy primary
test_27800,clear primary water
test_27801,clear partly_cloudy primary
test_27802,clear primary
test_27803,clear primary agriculture cultivation habitation road
test_27804,partly_cloudy cloudy
test_27805,partly_cloudy primary
test_27806,clear primary agriculture cultivation habitation road
test_27807,clear primary agriculture cultivation habitation road
test_27808,clear primary agriculture habitation road
test_27809,partly_cloudy primary agriculture cultivation
test_27810,clear primary road
test_27811,clear primary agriculture water cultivation
test_27812,partly_cloudy primary
test_27813,clear primary water bare_ground artisinal_mine
test_27814,partly_cloudy primary agriculture
test_27815,clear haze primary agriculture cultivation habitation road
test_27816,clear primary
test_27817,clear partly_cloudy primary water road
test_27818,clear primary water road
test_27819,clear primary
test_27820,clear haze primary water
test_27821,clear primary
test_27822,clear partly_cloudy primary
test_27823,clear primary agriculture cultivation
test_27824,clear primary agriculture cultivation habitation road
test_27825,clear haze primary water
test_27826,clear primary
test_27827,partly_cloudy primary agriculture water
test_27828,clear primary water
test_27829,partly_cloudy primary
test_27830,clear primary
test_27831,clear primary
test_27832,clear primary
test_27833,clear primary
test_27834,clear primary
test_27835,clear primary agriculture cultivation
test_27836,clear partly_cloudy primary agriculture road
test_27837,partly_cloudy primary
test_27838,clear primary agriculture road
test_27839,clear primary
test_27840,clear primary
test_27841,clear partly_cloudy primary
test_27842,partly_cloudy primary
test_27843,clear primary
test_27844,clear primary
test_27845,clear primary
test_27846,clear primary
test_27847,clear primary
test_27848,clear primary agriculture water habitation road
test_27849,clear haze primary agriculture water road
test_27850,clear partly_cloudy primary agriculture water
test_27851,partly_cloudy primary agriculture cultivation
test_27852,partly_cloudy primary
test_27853,partly_cloudy primary
test_27854,clear primary
test_27855,clear primary
test_27856,clear primary
test_27857,clear primary agriculture road
test_27858,clear primary
test_27859,clear primary
test_27860,partly_cloudy primary
test_27861,clear primary agriculture water road
test_27862,clear primary agriculture road
test_27863,clear primary
test_27864,clear primary water
test_27865,partly_cloudy primary agriculture cultivation
test_27866,clear primary agriculture cultivation
test_27867,clear primary agriculture cultivation habitation road
test_27868,clear haze primary agriculture habitation road
test_27869,clear primary
test_27870,clear primary
test_27871,clear primary
test_27872,clear primary
test_27873,partly_cloudy primary
test_27874,clear primary
test_27875,clear primary
test_27876,clear primary agriculture road
test_27877,haze cloudy primary
test_27878,clear primary
test_27879,haze primary water
test_27880,partly_cloudy primary agriculture cultivation
test_27881,partly_cloudy primary
test_27882,clear primary agriculture habitation road
test_27883,clear primary agriculture habitation road
test_27884,clear primary
test_27885,partly_cloudy primary
test_27886,clear primary agriculture
test_27887,partly_cloudy primary
test_27888,clear primary
test_27889,clear primary road conventional_mine bare_ground blooming selective_logging
test_27890,clear primary water
test_27891,clear primary agriculture cultivation habitation road
test_27892,clear haze primary agriculture water habitation road
test_27893,clear primary
test_27894,clear primary
test_27895,clear primary agriculture water cultivation
test_27896,clear primary
test_27897,clear primary
test_27898,clear primary
test_27899,partly_cloudy primary agriculture road
test_27900,clear primary agriculture cultivation road
test_27901,clear primary
test_27902,clear primary water
test_27903,partly_cloudy primary
test_27904,clear primary agriculture water cultivation habitation
test_27905,clear primary agriculture habitation road
test_27906,clear primary
test_27907,clear primary
test_27908,clear primary
test_27909,partly_cloudy primary
test_27910,clear primary agriculture water road
test_27911,clear primary
test_27912,clear primary agriculture cultivation
test_27913,clear primary
test_27914,clear primary
test_27915,clear haze primary agriculture water
test_27916,partly_cloudy primary agriculture road
test_27917,partly_cloudy primary
test_27918,clear primary agriculture cultivation
test_27919,partly_cloudy cloudy
test_27920,haze cloudy primary
test_27921,clear haze primary agriculture water road
test_27922,clear haze primary agriculture cultivation habitation road
test_27923,partly_cloudy primary agriculture water habitation road
test_27924,haze cloudy primary
test_27925,clear primary
test_27926,clear primary
test_27927,haze primary agriculture water road
test_27928,clear primary agriculture road
test_27929,partly_cloudy primary agriculture road
test_27930,clear primary agriculture road bare_ground
test_27931,clear primary agriculture water cultivation road
test_27932,clear primary
test_27933,clear primary agriculture water cultivation
test_27934,cloudy
test_27935,clear primary
test_27936,clear partly_cloudy primary agriculture cultivation habitation road
test_27937,partly_cloudy primary agriculture water
test_27938,clear primary water
test_27939,clear primary
test_27940,clear primary water conventional_mine bare_ground artisinal_mine
test_27941,clear partly_cloudy primary agriculture habitation road
test_27942,clear primary agriculture cultivation
test_27943,clear primary
test_27944,clear primary agriculture road
test_27945,clear primary agriculture water habitation road
test_27946,clear partly_cloudy primary agriculture cultivation habitation road
test_27947,clear primary
test_27948,clear primary
test_27949,clear primary water
test_27950,clear primary agriculture cultivation
test_27951,clear primary
test_27952,clear primary
test_27953,clear primary
test_27954,clear partly_cloudy primary agriculture
test_27955,clear cloudy water
test_27956,clear primary agriculture cultivation
test_27957,clear primary agriculture cultivation
test_27958,haze primary
test_27959,partly_cloudy primary
test_27960,clear primary water artisinal_mine
test_27961,clear primary agriculture cultivation
test_27962,clear primary
test_27963,clear primary
test_27964,clear primary
test_27965,haze cloudy
test_27966,clear primary agriculture water
test_27967,clear primary water habitation
test_27968,clear primary agriculture cultivation
test_27969,clear primary
test_27970,partly_cloudy primary agriculture water habitation road
test_27971,clear primary
test_27972,clear primary
test_27973,clear primary
test_27974,clear primary agriculture cultivation habitation road
test_27975,clear primary agriculture cultivation
test_27976,clear primary agriculture
test_27977,clear primary agriculture cultivation habitation
test_27978,clear primary agriculture habitation road bare_ground
test_27979,clear primary
test_27980,clear primary agriculture cultivation
test_27981,partly_cloudy primary
test_27982,clear cloudy water
test_27983,partly_cloudy primary agriculture cultivation road
test_27984,cloudy
test_27985,partly_cloudy primary
test_27986,clear primary water
test_27987,clear primary agriculture cultivation habitation road
test_27988,clear haze primary agriculture cultivation
test_27989,haze primary
test_27990,partly_cloudy primary
test_27991,clear primary
test_27992,clear primary selective_logging
test_27993,clear primary agriculture cultivation
test_27994,clear primary road selective_logging
test_27995,partly_cloudy primary agriculture
test_27996,partly_cloudy primary
test_27997,clear primary water
test_27998,clear primary
test_27999,partly_cloudy primary agriculture habitation road
test_28000,partly_cloudy primary
test_28001,clear primary agriculture water
test_28002,clear primary water road artisinal_mine
test_28003,partly_cloudy primary agriculture cultivation
test_28004,clear primary water
test_28005,partly_cloudy primary agriculture road
test_28006,partly_cloudy primary
test_28007,clear primary agriculture road
test_28008,partly_cloudy primary
test_28009,clear primary agriculture water cultivation habitation
test_28010,clear primary agriculture water cultivation
test_28011,clear primary agriculture water cultivation road
test_28012,clear primary agriculture habitation road
test_28013,partly_cloudy primary
test_28014,clear primary agriculture water
test_28015,clear primary
test_28016,clear primary
test_28017,clear primary agriculture habitation road
test_28018,clear haze primary
test_28019,clear primary agriculture cultivation
test_28020,clear primary
test_28021,clear primary agriculture water road
test_28022,clear primary agriculture habitation road
test_28023,partly_cloudy primary agriculture cultivation habitation road
test_28024,clear primary agriculture cultivation road
test_28025,clear partly_cloudy primary water
test_28026,clear primary agriculture cultivation
test_28027,haze partly_cloudy primary
test_28028,clear primary
test_28029,clear primary
test_28030,haze cloudy primary
test_28031,clear primary selective_logging
test_28032,clear primary
test_28033,clear primary water
test_28034,clear primary agriculture road
test_28035,clear primary agriculture water
test_28036,haze primary agriculture
test_28037,clear primary
test_28038,clear haze primary
test_28039,clear primary agriculture
test_28040,partly_cloudy primary
test_28041,clear primary
test_28042,partly_cloudy primary agriculture water
test_28043,clear haze primary
test_28044,haze primary
test_28045,partly_cloudy primary agriculture cultivation
test_28046,clear primary
test_28047,clear primary water habitation road bare_ground artisinal_mine
test_28048,clear primary
test_28049,clear primary water road
test_28050,partly_cloudy primary
test_28051,partly_cloudy primary
test_28052,clear primary agriculture water road
test_28053,clear primary agriculture cultivation
test_28054,clear primary agriculture road bare_ground
test_28055,clear primary agriculture road
test_28056,clear agriculture bare_ground
test_28057,clear primary agriculture road
test_28058,clear primary
test_28059,clear primary water
test_28060,clear partly_cloudy primary agriculture cultivation road
test_28061,clear primary agriculture cultivation
test_28062,clear primary agriculture cultivation
test_28063,clear primary
test_28064,clear primary
test_28065,partly_cloudy primary agriculture road
test_28066,clear primary
test_28067,clear primary
test_28068,clear primary
test_28069,clear primary agriculture
test_28070,clear haze primary agriculture water road
test_28071,clear primary agriculture water road
test_28072,clear primary
test_28073,clear primary
test_28074,clear primary water
test_28075,clear primary
test_28076,clear primary
test_28077,clear primary
test_28078,haze partly_cloudy primary agriculture
test_28079,cloudy
test_28080,clear primary
test_28081,clear primary agriculture water cultivation
test_28082,partly_cloudy primary agriculture water
test_28083,clear primary agriculture habitation road
test_28084,partly_cloudy primary agriculture road
test_28085,clear primary agriculture water habitation road
test_28086,partly_cloudy primary
test_28087,clear primary blooming
test_28088,clear primary agriculture habitation road
test_28089,clear primary agriculture water cultivation
test_28090,clear primary
test_28091,partly_cloudy primary agriculture cultivation
test_28092,clear primary
test_28093,clear primary
test_28094,clear haze primary agriculture water
test_28095,clear primary agriculture water
test_28096,clear primary
test_28097,clear primary agriculture water road
test_28098,clear primary
test_28099,partly_cloudy primary agriculture cultivation habitation
test_28100,clear haze primary agriculture water road
test_28101,clear primary agriculture habitation road
test_28102,clear haze primary agriculture cultivation habitation
test_28103,partly_cloudy primary agriculture cultivation
test_28104,partly_cloudy primary
test_28105,clear primary blooming
test_28106,partly_cloudy primary agriculture water cultivation
test_28107,cloudy
test_28108,clear primary cultivation
test_28109,clear primary
test_28110,cloudy
test_28111,clear primary agriculture cultivation
test_28112,clear primary
test_28113,clear primary
test_28114,clear primary
test_28115,clear primary
test_28116,clear primary agriculture road
test_28117,clear primary agriculture
test_28118,clear primary water road
test_28119,haze cloudy
test_28120,clear primary agriculture water cultivation
test_28121,clear primary
test_28122,clear primary water
test_28123,clear primary
test_28124,cloudy
test_28125,clear primary
test_28126,clear primary
test_28127,clear primary water
test_28128,clear primary
test_28129,clear primary agriculture habitation road
test_28130,cloudy
test_28131,haze partly_cloudy primary agriculture
test_28132,clear primary
test_28133,clear primary agriculture cultivation habitation road
test_28134,clear primary
test_28135,haze primary
test_28136,clear primary
test_28137,haze primary
test_28138,cloudy
test_28139,clear primary
test_28140,clear primary
test_28141,clear primary
test_28142,clear primary
test_28143,partly_cloudy primary
test_28144,clear partly_cloudy primary agriculture road
test_28145,clear primary agriculture habitation road
test_28146,clear primary water
test_28147,clear primary
test_28148,clear primary water road
test_28149,partly_cloudy primary agriculture
test_28150,clear primary
test_28151,clear primary agriculture water
test_28152,clear haze primary agriculture cultivation
test_28153,clear primary
test_28154,clear primary agriculture
test_28155,clear primary
test_28156,clear primary agriculture habitation road
test_28157,clear primary
test_28158,clear primary agriculture habitation road
test_28159,clear primary
test_28160,clear primary
test_28161,clear primary water road
test_28162,clear primary
test_28163,partly_cloudy primary
test_28164,partly_cloudy primary agriculture water road
test_28165,clear primary
test_28166,clear primary
test_28167,partly_cloudy primary
test_28168,clear primary agriculture water cultivation
test_28169,partly_cloudy primary agriculture habitation road
test_28170,clear primary agriculture cultivation
test_28171,clear primary water road
test_28172,clear primary agriculture habitation road
test_28173,clear primary
test_28174,clear primary
test_28175,clear primary blooming
test_28176,partly_cloudy primary
test_28177,partly_cloudy primary
test_28178,clear primary agriculture habitation road
test_28179,cloudy
test_28180,clear primary
test_28181,clear primary agriculture cultivation
test_28182,clear primary
test_28183,clear primary
test_28184,clear primary
test_28185,clear primary agriculture cultivation
test_28186,clear primary
test_28187,clear primary
test_28188,clear primary
test_28189,clear primary agriculture water road bare_ground
test_28190,clear primary water
test_28191,partly_cloudy primary
test_28192,clear primary
test_28193,clear primary
test_28194,clear partly_cloudy primary agriculture
test_28195,partly_cloudy primary
test_28196,clear primary agriculture habitation road bare_ground
test_28197,haze cloudy primary
test_28198,clear primary agriculture cultivation
test_28199,clear primary water habitation road
test_28200,clear primary agriculture water road
test_28201,clear primary
test_28202,clear primary agriculture cultivation
test_28203,clear haze cloudy primary water
test_28204,clear primary
test_28205,clear primary
test_28206,clear primary
test_28207,haze cloudy
test_28208,partly_cloudy primary
test_28209,partly_cloudy primary
test_28210,clear primary
test_28211,clear primary agriculture cultivation habitation road
test_28212,clear primary agriculture water cultivation
test_28213,haze partly_cloudy primary agriculture water
test_28214,clear primary agriculture water
test_28215,clear primary agriculture road
test_28216,clear primary agriculture water habitation road bare_ground artisinal_mine
test_28217,clear primary agriculture cultivation road
test_28218,partly_cloudy primary
test_28219,haze primary agriculture cultivation habitation road
test_28220,cloudy
test_28221,clear haze primary agriculture cultivation
test_28222,clear primary blooming
test_28223,clear primary
test_28224,clear primary
test_28225,clear primary water road
test_28226,clear primary agriculture water
test_28227,clear primary agriculture cultivation
test_28228,cloudy
test_28229,clear primary
test_28230,partly_cloudy primary
test_28231,clear primary water habitation
test_28232,clear partly_cloudy primary agriculture water road
test_28233,haze cloudy
test_28234,clear primary agriculture habitation road
test_28235,clear primary agriculture water
test_28236,partly_cloudy primary
test_28237,clear primary
test_28238,clear primary agriculture cultivation
test_28239,clear primary agriculture cultivation road
test_28240,clear primary water
test_28241,partly_cloudy primary
test_28242,clear primary agriculture cultivation
test_28243,clear primary agriculture water habitation
test_28244,clear primary water
test_28245,partly_cloudy primary agriculture road
test_28246,partly_cloudy primary
test_28247,partly_cloudy primary
test_28248,clear primary agriculture cultivation
test_28249,clear primary
test_28250,clear primary
test_28251,clear primary agriculture cultivation habitation road
test_28252,clear primary agriculture water cultivation
test_28253,clear primary road blooming selective_logging
test_28254,partly_cloudy primary
test_28255,clear primary
test_28256,clear primary
test_28257,cloudy
test_28258,clear primary agriculture habitation road
test_28259,haze cloudy primary
test_28260,partly_cloudy primary
test_28261,clear cloudy water
test_28262,clear primary agriculture water
test_28263,partly_cloudy primary
test_28264,clear primary agriculture water
test_28265,partly_cloudy primary
test_28266,partly_cloudy primary agriculture road
test_28267,partly_cloudy cloudy primary
test_28268,clear primary
test_28269,clear primary
test_28270,haze cloudy primary
test_28271,clear primary
test_28272,partly_cloudy primary
test_28273,clear primary agriculture habitation road
test_28274,clear primary
test_28275,clear primary
test_28276,clear primary agriculture habitation road bare_ground
test_28277,clear primary
test_28278,clear primary agriculture cultivation
test_28279,partly_cloudy primary
test_28280,clear primary agriculture water cultivation road
test_28281,partly_cloudy primary water
test_28282,clear haze primary agriculture cultivation
test_28283,clear primary water
test_28284,clear primary
test_28285,clear primary blooming
test_28286,clear primary
test_28287,clear primary agriculture water cultivation
test_28288,clear cloudy primary agriculture habitation road bare_ground
test_28289,clear primary
test_28290,haze cloudy primary
test_28291,partly_cloudy primary agriculture water
test_28292,clear primary agriculture cultivation
test_28293,clear primary
test_28294,partly_cloudy primary water
test_28295,partly_cloudy primary water road
test_28296,partly_cloudy primary
test_28297,clear primary water
test_28298,partly_cloudy primary water
test_28299,cloudy
test_28300,clear cloudy primary water
test_28301,clear primary
test_28302,clear primary water road
test_28303,clear primary water
test_28304,clear primary
test_28305,partly_cloudy primary agriculture
test_28306,clear primary
test_28307,clear primary
test_28308,partly_cloudy primary
test_28309,clear primary water
test_28310,clear primary
test_28311,clear primary
test_28312,clear primary
test_28313,clear primary water
test_28314,clear primary
test_28315,partly_cloudy primary
test_28316,partly_cloudy primary water
test_28317,partly_cloudy primary agriculture water road
test_28318,clear primary
test_28319,clear primary agriculture road
test_28320,clear partly_cloudy primary
test_28321,partly_cloudy primary
test_28322,clear primary agriculture road
test_28323,partly_cloudy primary agriculture
test_28324,clear primary road selective_logging
test_28325,partly_cloudy primary water
test_28326,clear primary agriculture bare_ground
test_28327,clear primary agriculture cultivation habitation road
test_28328,clear primary
test_28329,partly_cloudy primary water
test_28330,clear primary
test_28331,clear partly_cloudy primary
test_28332,clear primary
test_28333,clear partly_cloudy primary water road
test_28334,clear partly_cloudy primary water
test_28335,clear primary
test_28336,clear partly_cloudy primary water
test_28337,haze primary
test_28338,partly_cloudy primary
test_28339,clear primary agriculture cultivation
test_28340,clear primary agriculture road
test_28341,clear primary
test_28342,clear primary agriculture water cultivation
test_28343,cloudy
test_28344,clear primary agriculture habitation road
test_28345,clear primary
test_28346,haze cloudy
test_28347,clear primary
test_28348,partly_cloudy primary
test_28349,clear primary agriculture cultivation selective_logging
test_28350,clear primary agriculture bare_ground
test_28351,clear primary agriculture cultivation habitation road
test_28352,clear primary
test_28353,clear primary
test_28354,haze cloudy primary
test_28355,clear primary agriculture cultivation habitation road
test_28356,clear primary water road
test_28357,clear primary agriculture water bare_ground
test_28358,clear primary agriculture water habitation road
test_28359,partly_cloudy primary
test_28360,partly_cloudy primary agriculture water road
test_28361,clear primary agriculture cultivation
test_28362,clear primary water
test_28363,haze primary agriculture water road
test_28364,haze cloudy
test_28365,clear primary water
test_28366,clear primary agriculture cultivation
test_28367,clear primary
test_28368,clear primary
test_28369,cloudy
test_28370,clear primary
test_28371,partly_cloudy primary agriculture
test_28372,partly_cloudy primary
test_28373,clear primary agriculture water bare_ground artisinal_mine
test_28374,clear primary
test_28375,clear primary agriculture water habitation road
test_28376,clear primary agriculture road
test_28377,clear primary
test_28378,clear primary
test_28379,clear primary agriculture water
test_28380,cloudy
test_28381,clear primary
test_28382,clear primary
test_28383,clear primary
test_28384,partly_cloudy primary
test_28385,clear primary
test_28386,clear primary water bare_ground artisinal_mine
test_28387,clear primary agriculture habitation road
test_28388,clear primary
test_28389,clear primary cultivation
test_28390,clear primary agriculture habitation road
test_28391,cloudy
test_28392,clear primary
test_28393,cloudy
test_28394,clear primary agriculture cultivation
test_28395,clear primary agriculture water road
test_28396,clear primary
test_28397,clear cloudy water
test_28398,partly_cloudy primary
test_28399,clear primary
test_28400,clear primary agriculture road
test_28401,clear primary water habitation road
test_28402,clear primary
test_28403,clear primary
test_28404,clear primary
test_28405,haze primary water
test_28406,clear primary
test_28407,clear primary
test_28408,clear haze primary agriculture cultivation
test_28409,haze cloudy primary
test_28410,clear primary
test_28411,clear primary agriculture cultivation
test_28412,clear primary
test_28413,clear primary
test_28414,partly_cloudy primary
test_28415,clear primary
test_28416,clear primary
test_28417,clear haze primary
test_28418,partly_cloudy primary
test_28419,clear primary
test_28420,clear primary
test_28421,clear primary
test_28422,partly_cloudy primary
test_28423,partly_cloudy primary agriculture water habitation road
test_28424,clear primary
test_28425,clear primary
test_28426,cloudy
test_28427,partly_cloudy primary agriculture water
test_28428,clear primary agriculture water habitation road
test_28429,clear primary agriculture water cultivation habitation road
test_28430,partly_cloudy primary agriculture water
test_28431,clear primary
test_28432,clear primary road blooming selective_logging
test_28433,clear primary
test_28434,clear primary
test_28435,clear primary
test_28436,clear primary
test_28437,partly_cloudy primary
test_28438,clear primary agriculture bare_ground
test_28439,clear primary
test_28440,clear primary
test_28441,clear primary
test_28442,partly_cloudy cloudy primary
test_28443,clear primary
test_28444,clear haze primary agriculture cultivation
test_28445,clear primary
test_28446,clear primary
test_28447,clear primary habitation road
test_28448,clear primary agriculture water
test_28449,clear primary agriculture cultivation
test_28450,clear primary agriculture cultivation habitation road
test_28451,cloudy
test_28452,partly_cloudy primary
test_28453,clear primary agriculture road
test_28454,clear primary
test_28455,clear primary
test_28456,clear primary
test_28457,cloudy
test_28458,clear primary
test_28459,clear primary agriculture cultivation road
test_28460,clear primary
test_28461,clear primary
test_28462,clear primary agriculture cultivation
test_28463,clear primary agriculture cultivation road
test_28464,clear cloudy water
test_28465,clear primary agriculture cultivation road
test_28466,clear primary agriculture cultivation
test_28467,partly_cloudy primary
test_28468,clear haze primary
test_28469,clear primary
test_28470,clear primary
test_28471,haze primary agriculture
test_28472,clear primary agriculture water habitation road
test_28473,clear primary water
test_28474,clear primary agriculture cultivation
test_28475,clear primary agriculture cultivation
test_28476,clear primary
test_28477,partly_cloudy primary
test_28478,clear primary agriculture
test_28479,clear primary agriculture cultivation
test_28480,clear primary
test_28481,clear primary agriculture road
test_28482,partly_cloudy primary
test_28483,clear primary
test_28484,clear primary
test_28485,clear haze primary
test_28486,partly_cloudy primary agriculture cultivation habitation road
test_28487,clear primary
test_28488,clear primary blooming
test_28489,haze primary
test_28490,clear primary agriculture habitation road
test_28491,clear primary agriculture
test_28492,clear primary
test_28493,clear primary
test_28494,clear primary
test_28495,partly_cloudy primary water road
test_28496,clear primary
test_28497,clear primary
test_28498,clear primary
test_28499,cloudy
test_28500,clear primary agriculture road
test_28501,haze cloudy primary
test_28502,clear primary
test_28503,clear primary agriculture water road bare_ground
test_28504,clear primary agriculture road
test_28505,clear primary agriculture
test_28506,clear primary
test_28507,clear primary agriculture habitation road
test_28508,clear primary agriculture cultivation
test_28509,clear primary agriculture habitation road
test_28510,cloudy
test_28511,clear primary
test_28512,partly_cloudy primary agriculture water cultivation
test_28513,clear primary
test_28514,clear primary agriculture water habitation road selective_logging
test_28515,partly_cloudy primary
test_28516,clear primary
test_28517,clear primary
test_28518,clear primary
test_28519,clear primary agriculture water cultivation habitation
test_28520,clear primary
test_28521,partly_cloudy primary
test_28522,clear primary
test_28523,clear primary agriculture water
test_28524,partly_cloudy primary agriculture road
test_28525,clear primary
test_28526,clear primary water road
test_28527,partly_cloudy primary agriculture cultivation
test_28528,clear primary agriculture water road
test_28529,clear primary
test_28530,clear primary agriculture
test_28531,clear primary agriculture cultivation habitation road
test_28532,clear primary
test_28533,clear primary
test_28534,clear primary
test_28535,partly_cloudy primary
test_28536,clear primary
test_28537,partly_cloudy primary agriculture water
test_28538,partly_cloudy primary
test_28539,clear primary agriculture cultivation
test_28540,clear primary
test_28541,clear primary
test_28542,clear primary agriculture road bare_ground
test_28543,clear primary
test_28544,clear primary
test_28545,clear primary agriculture
test_28546,clear primary agriculture habitation road
test_28547,clear primary agriculture habitation road bare_ground
test_28548,clear haze primary
test_28549,clear primary water road
test_28550,haze primary
test_28551,clear primary agriculture water cultivation road
test_28552,clear primary agriculture cultivation
test_28553,partly_cloudy cloudy primary water
test_28554,haze primary
test_28555,clear primary
test_28556,clear primary agriculture water road
test_28557,clear primary water road
test_28558,clear primary agriculture
test_28559,cloudy
test_28560,partly_cloudy primary agriculture
test_28561,clear primary
test_28562,clear primary blooming selective_logging
test_28563,clear haze primary agriculture cultivation
test_28564,haze primary
test_28565,clear primary agriculture habitation road bare_ground
test_28566,clear primary agriculture cultivation
test_28567,clear primary
test_28568,partly_cloudy primary agriculture water
test_28569,clear primary agriculture cultivation
test_28570,clear haze primary
test_28571,clear primary water habitation
test_28572,partly_cloudy primary agriculture
test_28573,partly_cloudy primary agriculture water habitation road
test_28574,haze primary water
test_28575,partly_cloudy primary agriculture road
test_28576,clear cloudy primary water
test_28577,clear primary agriculture water cultivation road
test_28578,clear primary
test_28579,clear primary water
test_28580,haze partly_cloudy primary agriculture
test_28581,cloudy
test_28582,clear primary agriculture cultivation habitation road
test_28583,partly_cloudy primary agriculture road
test_28584,clear partly_cloudy primary agriculture water habitation artisinal_mine
test_28585,clear primary agriculture road
test_28586,partly_cloudy primary
test_28587,clear partly_cloudy primary agriculture road
test_28588,clear primary
test_28589,clear primary agriculture habitation road bare_ground
test_28590,partly_cloudy primary agriculture cultivation
test_28591,haze cloudy primary
test_28592,partly_cloudy primary agriculture cultivation
test_28593,clear primary agriculture cultivation habitation road
test_28594,clear primary
test_28595,clear primary
test_28596,clear primary
test_28597,clear primary
test_28598,clear primary habitation road
test_28599,clear primary
test_28600,clear primary agriculture water road bare_ground
test_28601,clear primary
test_28602,clear primary agriculture cultivation
test_28603,partly_cloudy primary
test_28604,clear primary
test_28605,partly_cloudy primary agriculture habitation road
test_28606,clear primary water
test_28607,clear primary
test_28608,clear primary agriculture water bare_ground
test_28609,clear primary
test_28610,clear primary
test_28611,clear primary
test_28612,partly_cloudy primary
test_28613,clear partly_cloudy primary agriculture
test_28614,partly_cloudy primary agriculture
test_28615,cloudy
test_28616,clear primary
test_28617,clear primary agriculture water cultivation artisinal_mine
test_28618,haze primary
test_28619,clear primary
test_28620,clear partly_cloudy primary water
test_28621,partly_cloudy primary
test_28622,clear cloudy agriculture bare_ground
test_28623,partly_cloudy primary
test_28624,clear primary
test_28625,partly_cloudy primary agriculture habitation road
test_28626,partly_cloudy primary
test_28627,clear primary agriculture cultivation
test_28628,partly_cloudy primary agriculture water
test_28629,clear primary
test_28630,clear primary agriculture habitation road
test_28631,clear primary
test_28632,clear primary
test_28633,clear haze primary agriculture water
test_28634,clear primary agriculture habitation road
test_28635,clear primary agriculture water road
test_28636,clear primary
test_28637,clear primary agriculture cultivation
test_28638,haze cloudy primary
test_28639,clear primary
test_28640,clear haze primary agriculture water
test_28641,partly_cloudy primary
test_28642,clear partly_cloudy primary
test_28643,clear primary
test_28644,clear primary agriculture road
test_28645,clear primary agriculture habitation road
test_28646,clear primary
test_28647,clear primary
test_28648,clear cloudy water
test_28649,clear primary
test_28650,clear primary
test_28651,clear primary agriculture cultivation
test_28652,clear primary agriculture cultivation
test_28653,clear primary agriculture water
test_28654,partly_cloudy primary
test_28655,partly_cloudy primary
test_28656,clear primary
test_28657,clear primary
test_28658,partly_cloudy primary agriculture road
test_28659,clear primary agriculture bare_ground
test_28660,clear primary agriculture cultivation
test_28661,clear primary water
test_28662,partly_cloudy primary
test_28663,clear primary
test_28664,cloudy
test_28665,clear primary
test_28666,partly_cloudy primary agriculture cultivation
test_28667,clear primary
test_28668,clear primary
test_28669,clear primary agriculture road
test_28670,clear primary agriculture cultivation
test_28671,clear primary
test_28672,haze cloudy
test_28673,partly_cloudy primary agriculture road
test_28674,clear primary agriculture cultivation habitation road
test_28675,clear primary
test_28676,clear primary agriculture bare_ground
test_28677,clear primary
test_28678,clear primary
test_28679,clear primary agriculture water road
test_28680,clear primary
test_28681,clear primary
test_28682,clear primary
test_28683,clear partly_cloudy primary
test_28684,clear haze primary agriculture cultivation
test_28685,clear primary agriculture habitation road
test_28686,clear primary agriculture cultivation habitation road
test_28687,clear primary agriculture road
test_28688,clear primary agriculture
test_28689,partly_cloudy primary
test_28690,clear primary
test_28691,clear primary
test_28692,partly_cloudy primary
test_28693,partly_cloudy cloudy primary agriculture water
test_28694,partly_cloudy primary
test_28695,clear primary
test_28696,clear primary
test_28697,clear primary
test_28698,partly_cloudy cloudy primary
test_28699,partly_cloudy primary
test_28700,clear primary
test_28701,clear primary
test_28702,clear primary
test_28703,clear haze primary agriculture cultivation
test_28704,clear primary
test_28705,clear primary water road bare_ground artisinal_mine
test_28706,clear primary agriculture cultivation habitation road
test_28707,clear primary blooming selective_logging
test_28708,partly_cloudy primary
test_28709,clear primary agriculture habitation road
test_28710,clear primary
test_28711,clear primary
test_28712,clear primary
test_28713,clear primary agriculture cultivation
test_28714,clear primary
test_28715,clear primary
test_28716,clear primary agriculture cultivation
test_28717,clear primary agriculture water road
test_28718,clear primary agriculture road
test_28719,clear primary
test_28720,clear primary
test_28721,clear primary agriculture water road
test_28722,clear primary
test_28723,partly_cloudy primary
test_28724,clear primary agriculture habitation road
test_28725,cloudy
test_28726,partly_cloudy primary agriculture cultivation habitation road
test_28727,clear primary agriculture cultivation
test_28728,clear primary agriculture cultivation habitation
test_28729,partly_cloudy primary
test_28730,clear primary water
test_28731,clear primary
test_28732,partly_cloudy primary agriculture
test_28733,partly_cloudy primary
test_28734,clear primary agriculture habitation road bare_ground
test_28735,clear cloudy water
test_28736,clear primary agriculture water road
test_28737,clear primary water
test_28738,clear primary
test_28739,cloudy
test_28740,clear primary agriculture cultivation
test_28741,clear primary
test_28742,clear primary agriculture
test_28743,clear primary agriculture cultivation habitation
test_28744,cloudy
test_28745,partly_cloudy primary agriculture cultivation
test_28746,clear cloudy water
test_28747,clear primary
test_28748,partly_cloudy primary
test_28749,clear primary
test_28750,clear primary agriculture cultivation habitation road
test_28751,clear primary agriculture bare_ground
test_28752,clear primary
test_28753,clear primary water
test_28754,haze primary
test_28755,clear primary
test_28756,clear haze primary agriculture cultivation
test_28757,clear primary agriculture road
test_28758,clear primary agriculture water cultivation
test_28759,clear partly_cloudy primary
test_28760,haze partly_cloudy primary agriculture water road
test_28761,partly_cloudy primary agriculture road
test_28762,clear primary
test_28763,clear primary
test_28764,clear primary agriculture road
test_28765,clear primary
test_28766,partly_cloudy primary agriculture water
test_28767,haze cloudy primary
test_28768,clear primary water habitation
test_28769,clear primary
test_28770,clear primary
test_28771,clear primary agriculture water road
test_28772,clear primary agriculture habitation road
test_28773,clear primary water
test_28774,clear primary water
test_28775,clear primary
test_28776,clear primary
test_28777,clear primary
test_28778,clear partly_cloudy primary agriculture road
test_28779,partly_cloudy primary agriculture habitation road
test_28780,haze partly_cloudy cloudy primary
test_28781,clear primary water
test_28782,clear primary
test_28783,clear primary water
test_28784,partly_cloudy primary
test_28785,partly_cloudy primary water
test_28786,clear primary agriculture cultivation
test_28787,partly_cloudy primary water
test_28788,clear primary agriculture
test_28789,clear primary
test_28790,clear primary
test_28791,clear primary
test_28792,clear primary
test_28793,clear primary
test_28794,partly_cloudy primary
test_28795,clear partly_cloudy primary agriculture cultivation
test_28796,clear partly_cloudy primary agriculture water
test_28797,clear primary
test_28798,clear primary
test_28799,clear primary
test_28800,clear primary
test_28801,haze partly_cloudy primary
test_28802,clear partly_cloudy primary agriculture water road
test_28803,clear primary agriculture cultivation
test_28804,clear primary
test_28805,clear primary agriculture cultivation habitation road
test_28806,partly_cloudy primary
test_28807,clear primary
test_28808,clear primary road
test_28809,clear primary agriculture road
test_28810,cloudy
test_28811,partly_cloudy primary
test_28812,clear primary agriculture habitation road
test_28813,clear primary agriculture water
test_28814,clear primary agriculture cultivation
test_28815,clear primary
test_28816,clear primary agriculture cultivation habitation road
test_28817,cloudy
test_28818,partly_cloudy primary
test_28819,clear primary agriculture water cultivation road
test_28820,clear primary
test_28821,cloudy primary
test_28822,clear primary
test_28823,clear primary
test_28824,clear primary agriculture cultivation
test_28825,clear partly_cloudy primary
test_28826,clear primary
test_28827,clear primary
test_28828,clear primary water
test_28829,clear primary
test_28830,clear primary
test_28831,clear primary
test_28832,clear primary
test_28833,clear primary
test_28834,partly_cloudy primary agriculture cultivation
test_28835,clear primary
test_28836,clear primary agriculture water habitation road
test_28837,cloudy
test_28838,cloudy
test_28839,clear primary agriculture cultivation
test_28840,partly_cloudy primary
test_28841,clear primary agriculture road
test_28842,clear primary water
test_28843,clear primary
test_28844,clear primary
test_28845,clear primary
test_28846,clear primary
test_28847,clear primary
test_28848,partly_cloudy primary
test_28849,clear primary agriculture water habitation road
test_28850,clear primary
test_28851,partly_cloudy primary
test_28852,haze primary
test_28853,clear primary
test_28854,clear primary
test_28855,clear primary
test_28856,clear primary
test_28857,clear primary agriculture water cultivation habitation
test_28858,clear primary agriculture cultivation
test_28859,cloudy
test_28860,clear primary water
test_28861,partly_cloudy primary water
test_28862,clear primary agriculture habitation road
test_28863,clear primary
test_28864,clear primary agriculture cultivation
test_28865,clear primary
test_28866,haze primary agriculture water
test_28867,partly_cloudy primary
test_28868,clear primary water road
test_28869,clear cloudy water
test_28870,partly_cloudy primary
test_28871,clear primary
test_28872,clear primary
test_28873,clear primary
test_28874,clear primary
test_28875,clear primary agriculture water habitation road
test_28876,clear primary
test_28877,clear primary
test_28878,clear primary
test_28879,haze cloudy
test_28880,partly_cloudy primary
test_28881,cloudy
test_28882,clear primary
test_28883,clear primary
test_28884,clear primary agriculture cultivation habitation road
test_28885,clear primary
test_28886,clear primary agriculture cultivation road
test_28887,partly_cloudy primary
test_28888,clear primary
test_28889,clear primary
test_28890,clear primary agriculture cultivation road
test_28891,cloudy
test_28892,cloudy
test_28893,clear primary water
test_28894,clear primary
test_28895,partly_cloudy primary
test_28896,partly_cloudy primary water
test_28897,partly_cloudy primary agriculture cultivation
test_28898,haze cloudy primary
test_28899,clear primary
test_28900,clear primary water road selective_logging
test_28901,clear haze primary agriculture cultivation
test_28902,partly_cloudy primary water road
test_28903,clear primary
test_28904,clear primary agriculture cultivation habitation road
test_28905,clear primary agriculture cultivation
test_28906,partly_cloudy primary
test_28907,clear primary
test_28908,partly_cloudy primary agriculture road
test_28909,clear primary agriculture habitation road
test_28910,clear primary
test_28911,clear primary agriculture habitation road
test_28912,clear primary
test_28913,clear primary agriculture cultivation
test_28914,clear primary
test_28915,clear primary water
test_28916,clear primary
test_28917,partly_cloudy primary
test_28918,partly_cloudy primary
test_28919,clear primary water road
test_28920,clear primary
test_28921,clear primary
test_28922,partly_cloudy primary
test_28923,clear haze primary agriculture cultivation
test_28924,clear primary
test_28925,clear primary agriculture
test_28926,clear primary
test_28927,clear primary
test_28928,clear primary
test_28929,partly_cloudy primary
test_28930,clear primary water
test_28931,haze primary
test_28932,clear primary
test_28933,clear primary agriculture water road
test_28934,clear primary agriculture road
test_28935,clear primary water road
test_28936,clear primary
test_28937,clear primary
test_28938,clear primary agriculture water habitation road
test_28939,clear primary water
test_28940,clear primary water road
test_28941,clear primary agriculture water habitation road
test_28942,clear primary
test_28943,clear primary
test_28944,clear primary agriculture habitation road
test_28945,cloudy
test_28946,clear primary water artisinal_mine
test_28947,clear primary
test_28948,clear primary water artisinal_mine
test_28949,clear primary
test_28950,clear primary
test_28951,clear primary agriculture habitation road
test_28952,clear primary
test_28953,partly_cloudy cloudy primary water
test_28954,partly_cloudy primary agriculture cultivation road
test_28955,clear primary agriculture cultivation habitation
test_28956,clear primary
test_28957,partly_cloudy primary
test_28958,clear primary
test_28959,clear primary water
test_28960,cloudy
test_28961,clear primary agriculture water road
test_28962,clear primary
test_28963,clear partly_cloudy primary agriculture habitation road
test_28964,clear primary water
test_28965,clear primary
test_28966,cloudy
test_28967,clear primary
test_28968,clear primary agriculture cultivation habitation road
test_28969,clear primary
test_28970,clear haze primary agriculture habitation road
test_28971,haze partly_cloudy primary
test_28972,clear primary agriculture cultivation habitation road
test_28973,clear primary agriculture water cultivation
test_28974,clear primary agriculture
test_28975,partly_cloudy primary
test_28976,clear primary
test_28977,clear primary
test_28978,partly_cloudy primary agriculture cultivation habitation road
test_28979,clear primary
test_28980,clear primary
test_28981,clear primary water
test_28982,partly_cloudy primary agriculture water cultivation habitation road
test_28983,partly_cloudy primary agriculture water cultivation habitation road
test_28984,clear primary agriculture cultivation
test_28985,clear primary
test_28986,clear primary
test_28987,clear primary water
test_28988,clear primary
test_28989,clear primary agriculture cultivation
test_28990,haze primary water
test_28991,haze cloudy primary
test_28992,partly_cloudy primary agriculture
test_28993,clear primary
test_28994,clear primary agriculture water cultivation
test_28995,clear primary agriculture water road bare_ground
test_28996,clear primary
test_28997,clear primary agriculture road
test_28998,clear primary
test_28999,clear primary
test_29000,clear primary
test_29001,partly_cloudy primary
test_29002,clear primary
test_29003,clear cloudy water
test_29004,clear primary
test_29005,clear primary agriculture cultivation
test_29006,clear primary
test_29007,clear primary agriculture cultivation habitation
test_29008,clear primary agriculture habitation road
test_29009,clear primary
test_29010,clear primary
test_29011,clear primary agriculture water road
test_29012,clear primary agriculture road
test_29013,clear primary
test_29014,clear primary agriculture water habitation road
test_29015,clear primary water
test_29016,clear primary agriculture water cultivation habitation
test_29017,clear primary water
test_29018,clear primary
test_29019,clear primary water
test_29020,clear primary water
test_29021,clear primary agriculture cultivation road
test_29022,clear primary
test_29023,clear primary agriculture cultivation road
test_29024,clear primary agriculture water habitation road
test_29025,clear primary agriculture water
test_29026,clear primary habitation road
test_29027,clear primary
test_29028,clear primary
test_29029,clear primary
test_29030,clear primary
test_29031,clear primary agriculture cultivation habitation road
test_29032,partly_cloudy primary agriculture road
test_29033,clear primary
test_29034,clear primary
test_29035,clear primary
test_29036,clear primary
test_29037,partly_cloudy primary agriculture cultivation habitation road
test_29038,clear primary
test_29039,clear primary agriculture habitation road
test_29040,clear haze primary
test_29041,partly_cloudy primary
test_29042,clear primary
test_29043,clear primary
test_29044,clear primary
test_29045,partly_cloudy primary agriculture
test_29046,clear primary water
test_29047,clear primary agriculture water cultivation
test_29048,cloudy
test_29049,partly_cloudy primary agriculture cultivation
test_29050,partly_cloudy primary agriculture road
test_29051,clear primary agriculture cultivation habitation
test_29052,clear primary
test_29053,clear primary agriculture water habitation road
test_29054,clear primary agriculture cultivation
test_29055,haze cloudy primary
test_29056,partly_cloudy primary agriculture
test_29057,clear primary agriculture water habitation road
test_29058,clear primary
test_29059,haze partly_cloudy primary agriculture water cultivation
test_29060,clear primary
test_29061,clear primary
test_29062,clear primary
test_29063,clear primary
test_29064,clear primary
test_29065,cloudy
test_29066,clear primary water road
test_29067,clear primary agriculture habitation road
test_29068,partly_cloudy primary agriculture water road
test_29069,clear primary
test_29070,clear primary
test_29071,clear primary agriculture cultivation habitation
test_29072,clear primary road
test_29073,partly_cloudy primary water road
test_29074,partly_cloudy primary agriculture cultivation
test_29075,clear primary
test_29076,clear primary
test_29077,partly_cloudy cloudy primary
test_29078,partly_cloudy primary
test_29079,clear primary agriculture road
test_29080,haze primary water
test_29081,clear primary agriculture habitation road
test_29082,clear primary agriculture road
test_29083,clear primary water
test_29084,clear primary habitation road
test_29085,cloudy
test_29086,clear primary
test_29087,clear primary agriculture habitation road
test_29088,clear primary
test_29089,cloudy
test_29090,clear primary
test_29091,clear primary agriculture cultivation habitation
test_29092,partly_cloudy cloudy primary
test_29093,clear primary agriculture water road
test_29094,clear primary agriculture road
test_29095,clear primary
test_29096,clear primary
test_29097,clear primary
test_29098,clear primary water
test_29099,partly_cloudy primary agriculture cultivation
test_29100,clear primary
test_29101,clear primary
test_29102,partly_cloudy primary agriculture
test_29103,clear primary agriculture habitation road
test_29104,partly_cloudy cloudy primary
test_29105,clear primary agriculture water road
test_29106,clear primary water
test_29107,clear primary
test_29108,partly_cloudy primary agriculture cultivation
test_29109,clear primary agriculture
test_29110,clear primary
test_29111,partly_cloudy primary
test_29112,clear primary agriculture water cultivation habitation road
test_29113,clear primary
test_29114,partly_cloudy primary
test_29115,clear primary
test_29116,cloudy
test_29117,clear primary agriculture water cultivation habitation road
test_29118,clear primary
test_29119,clear primary
test_29120,clear primary
test_29121,clear primary
test_29122,clear primary water habitation
test_29123,clear primary
test_29124,clear primary agriculture cultivation road
test_29125,clear primary water road
test_29126,clear primary
test_29127,partly_cloudy primary agriculture cultivation
test_29128,clear primary agriculture water cultivation habitation
test_29129,haze cloudy
test_29130,partly_cloudy primary agriculture water road
test_29131,cloudy
test_29132,haze primary
test_29133,clear primary agriculture road
test_29134,clear primary agriculture cultivation
test_29135,partly_cloudy cloudy primary agriculture
test_29136,clear primary water road
test_29137,clear primary agriculture water
test_29138,clear primary
test_29139,clear primary agriculture water cultivation road
test_29140,clear primary agriculture cultivation road
test_29141,clear primary water
test_29142,clear primary
test_29143,clear primary agriculture road
test_29144,clear primary agriculture bare_ground
test_29145,clear haze primary agriculture road
test_29146,clear primary
test_29147,clear haze primary
test_29148,partly_cloudy primary water road
test_29149,clear primary agriculture cultivation road
test_29150,clear haze primary
test_29151,clear primary agriculture cultivation road
test_29152,clear primary water
test_29153,clear primary
test_29154,clear primary water artisinal_mine
test_29155,clear primary
test_29156,clear primary water
test_29157,partly_cloudy primary agriculture cultivation
test_29158,partly_cloudy primary water
test_29159,clear primary agriculture road
test_29160,haze primary
test_29161,partly_cloudy primary agriculture cultivation
test_29162,clear primary
test_29163,clear primary
test_29164,haze partly_cloudy primary
test_29165,clear primary
test_29166,haze primary
test_29167,partly_cloudy primary
test_29168,clear primary cultivation
test_29169,clear primary agriculture cultivation habitation road
test_29170,clear partly_cloudy primary
test_29171,clear haze primary agriculture water road
test_29172,clear primary habitation road
test_29173,partly_cloudy primary
test_29174,clear primary
test_29175,clear primary
test_29176,clear primary agriculture
test_29177,clear primary agriculture water road
test_29178,clear primary
test_29179,partly_cloudy primary
test_29180,clear primary agriculture water
test_29181,clear primary water road
test_29182,clear primary agriculture cultivation habitation road
test_29183,clear primary
test_29184,clear primary
test_29185,partly_cloudy primary
test_29186,haze primary water
test_29187,clear primary
test_29188,clear primary blooming
test_29189,clear primary
test_29190,clear primary
test_29191,clear cloudy water
test_29192,partly_cloudy primary
test_29193,clear primary water road
test_29194,partly_cloudy primary agriculture water
test_29195,clear primary agriculture water cultivation
test_29196,clear primary
test_29197,clear primary agriculture water habitation road
test_29198,clear primary
test_29199,clear primary agriculture water habitation road
test_29200,clear primary water road
test_29201,clear primary water
test_29202,partly_cloudy primary agriculture road
test_29203,clear primary
test_29204,clear primary agriculture habitation road
test_29205,partly_cloudy primary
test_29206,clear primary agriculture water
test_29207,clear primary agriculture road bare_ground
test_29208,clear primary
test_29209,clear primary
test_29210,clear primary agriculture cultivation
test_29211,clear primary agriculture cultivation
test_29212,clear primary agriculture cultivation habitation road
test_29213,haze primary
test_29214,clear primary water road
test_29215,clear primary water
test_29216,clear primary agriculture water cultivation road
test_29217,partly_cloudy cloudy primary
test_29218,clear primary
test_29219,clear partly_cloudy primary agriculture
test_29220,clear primary agriculture cultivation habitation road
test_29221,partly_cloudy primary
test_29222,clear primary agriculture cultivation habitation road
test_29223,clear primary agriculture cultivation habitation road
test_29224,clear primary agriculture cultivation
test_29225,clear primary
test_29226,clear primary
test_29227,clear primary agriculture cultivation
test_29228,clear primary blooming
test_29229,clear haze primary
test_29230,partly_cloudy primary
test_29231,clear primary agriculture
test_29232,clear primary cultivation
test_29233,clear primary
test_29234,partly_cloudy primary agriculture water
test_29235,clear primary agriculture water
test_29236,clear primary
test_29237,clear primary agriculture water cultivation habitation road
test_29238,partly_cloudy primary
test_29239,haze cloudy primary
test_29240,clear primary
test_29241,clear primary
test_29242,clear primary
test_29243,clear primary
test_29244,clear haze primary
test_29245,partly_cloudy primary
test_29246,clear cloudy primary water
test_29247,clear primary agriculture water cultivation
test_29248,partly_cloudy primary
test_29249,partly_cloudy primary agriculture water habitation road
test_29250,clear primary
test_29251,clear primary
test_29252,cloudy
test_29253,clear primary
test_29254,clear haze primary agriculture
test_29255,clear primary agriculture cultivation
test_29256,clear haze primary agriculture cultivation
test_29257,clear primary
test_29258,clear primary
test_29259,clear primary agriculture cultivation habitation road
test_29260,partly_cloudy cloudy primary
test_29261,clear primary
test_29262,clear primary agriculture cultivation
test_29263,clear primary agriculture cultivation
test_29264,clear primary
test_29265,clear primary agriculture habitation road
test_29266,partly_cloudy primary
test_29267,clear primary water
test_29268,clear primary
test_29269,clear primary
test_29270,haze partly_cloudy primary agriculture water road
test_29271,clear primary
test_29272,partly_cloudy primary agriculture habitation road
test_29273,clear primary agriculture habitation road
test_29274,clear primary water
test_29275,clear primary
test_29276,partly_cloudy primary agriculture water
test_29277,clear primary agriculture habitation road
test_29278,haze primary agriculture water road
test_29279,partly_cloudy primary agriculture cultivation road
test_29280,clear primary
test_29281,partly_cloudy primary
test_29282,clear haze primary agriculture water road
test_29283,partly_cloudy primary
test_29284,cloudy
test_29285,clear primary agriculture habitation road
test_29286,clear primary
test_29287,clear primary
test_29288,clear primary
test_29289,clear primary agriculture water bare_ground
test_29290,haze partly_cloudy primary
test_29291,clear primary water
test_29292,clear primary
test_29293,clear primary
test_29294,clear primary agriculture
test_29295,clear primary agriculture cultivation road
test_29296,partly_cloudy primary water
test_29297,clear primary agriculture road
test_29298,clear primary
test_29299,clear primary
test_29300,clear primary
test_29301,clear primary agriculture road
test_29302,clear primary
test_29303,clear primary water
test_29304,clear primary
test_29305,clear primary
test_29306,partly_cloudy primary
test_29307,clear primary
test_29308,clear primary
test_29309,clear primary agriculture cultivation habitation road
test_29310,clear primary water
test_29311,clear primary
test_29312,cloudy
test_29313,partly_cloudy primary
test_29314,clear primary agriculture water cultivation habitation
test_29315,partly_cloudy primary
test_29316,clear primary agriculture cultivation habitation road
test_29317,cloudy
test_29318,clear primary
test_29319,clear primary
test_29320,clear primary agriculture habitation road
test_29321,clear primary
test_29322,clear primary water road
test_29323,clear haze primary agriculture water road
test_29324,clear haze primary agriculture water
test_29325,clear primary agriculture water cultivation road
test_29326,clear primary agriculture road
test_29327,clear primary
test_29328,clear primary
test_29329,clear primary agriculture water
test_29330,clear haze primary
test_29331,clear primary
test_29332,clear primary
test_29333,clear primary
test_29334,clear primary agriculture road
test_29335,clear primary water road selective_logging
test_29336,partly_cloudy primary
test_29337,clear primary agriculture road
test_29338,clear primary agriculture cultivation
test_29339,clear primary agriculture road
test_29340,clear primary agriculture cultivation
test_29341,clear primary agriculture road
test_29342,haze primary agriculture water
test_29343,clear primary agriculture habitation road
test_29344,clear primary agriculture cultivation habitation road
test_29345,clear primary agriculture cultivation
test_29346,clear primary agriculture water road
test_29347,partly_cloudy primary
test_29348,clear primary
test_29349,clear primary
test_29350,partly_cloudy primary
test_29351,partly_cloudy primary water road
test_29352,clear primary water
test_29353,partly_cloudy primary
test_29354,clear primary
test_29355,partly_cloudy primary
test_29356,clear primary
test_29357,clear primary agriculture
test_29358,partly_cloudy primary
test_29359,clear primary agriculture cultivation
test_29360,clear primary cultivation
test_29361,clear primary
test_29362,clear primary
test_29363,clear partly_cloudy primary agriculture water cultivation road
test_29364,cloudy
test_29365,partly_cloudy primary
test_29366,partly_cloudy primary agriculture water road
test_29367,clear primary
test_29368,clear primary
test_29369,clear primary water road
test_29370,clear primary
test_29371,clear primary agriculture
test_29372,clear primary
test_29373,partly_cloudy primary agriculture cultivation habitation
test_29374,clear partly_cloudy primary agriculture road
test_29375,partly_cloudy primary agriculture water road
test_29376,clear primary
test_29377,clear primary agriculture water habitation road
test_29378,clear primary
test_29379,clear primary agriculture
test_29380,clear primary
test_29381,clear primary
test_29382,partly_cloudy primary water road
test_29383,clear primary
test_29384,clear primary agriculture cultivation habitation road
test_29385,clear primary agriculture water road
test_29386,clear primary agriculture cultivation
test_29387,clear primary agriculture cultivation
test_29388,partly_cloudy primary agriculture cultivation
test_29389,partly_cloudy primary
test_29390,clear primary water
test_29391,clear primary
test_29392,clear primary blooming selective_logging
test_29393,clear primary water
test_29394,clear primary agriculture water
test_29395,clear primary
test_29396,clear primary
test_29397,partly_cloudy primary
test_29398,partly_cloudy primary agriculture cultivation
test_29399,clear primary agriculture habitation road
test_29400,clear primary agriculture road
test_29401,clear cloudy water
test_29402,clear primary agriculture water cultivation habitation road
test_29403,clear primary agriculture road
test_29404,partly_cloudy primary
test_29405,clear primary
test_29406,clear primary water
test_29407,clear primary agriculture water bare_ground
test_29408,clear partly_cloudy primary agriculture road
test_29409,clear primary
test_29410,partly_cloudy primary
test_29411,clear primary
test_29412,clear primary
test_29413,clear primary agriculture cultivation
test_29414,cloudy
test_29415,clear primary agriculture cultivation habitation road
test_29416,clear primary water
test_29417,partly_cloudy primary
test_29418,clear primary
test_29419,clear primary agriculture cultivation habitation
test_29420,partly_cloudy primary agriculture road
test_29421,clear cloudy water
test_29422,clear primary
test_29423,clear primary agriculture road
test_29424,partly_cloudy primary
test_29425,haze cloudy primary
test_29426,clear primary agriculture habitation road
test_29427,clear primary
test_29428,clear primary
test_29429,clear primary water
test_29430,partly_cloudy primary
test_29431,clear primary
test_29432,partly_cloudy primary
test_29433,partly_cloudy primary
test_29434,cloudy
test_29435,partly_cloudy primary agriculture road
test_29436,partly_cloudy primary
test_29437,haze primary
test_29438,haze primary agriculture water
test_29439,cloudy
test_29440,clear primary
test_29441,partly_cloudy primary agriculture cultivation
test_29442,clear primary agriculture cultivation road
test_29443,clear haze primary
test_29444,clear primary
test_29445,cloudy
test_29446,clear primary agriculture water cultivation habitation
test_29447,clear primary
test_29448,clear primary agriculture cultivation
test_29449,cloudy
test_29450,clear primary
test_29451,clear primary water
test_29452,partly_cloudy primary agriculture water road
test_29453,clear primary agriculture road
test_29454,clear partly_cloudy primary agriculture cultivation
test_29455,clear primary agriculture water
test_29456,clear primary
test_29457,clear primary
test_29458,clear primary water
test_29459,clear primary
test_29460,partly_cloudy primary
test_29461,clear primary
test_29462,clear primary agriculture water habitation road
test_29463,haze cloudy primary
test_29464,clear primary
test_29465,clear primary agriculture habitation road
test_29466,clear primary
test_29467,clear primary blooming
test_29468,clear primary agriculture water road bare_ground
test_29469,clear primary agriculture cultivation
test_29470,partly_cloudy primary
test_29471,clear primary
test_29472,clear primary agriculture water cultivation road
test_29473,clear primary blooming
test_29474,clear primary
test_29475,clear primary agriculture habitation road
test_29476,clear primary
test_29477,clear primary
test_29478,clear primary
test_29479,clear primary agriculture water
test_29480,partly_cloudy primary
test_29481,partly_cloudy primary
test_29482,clear primary
test_29483,clear primary water
test_29484,clear primary agriculture cultivation
test_29485,clear primary
test_29486,partly_cloudy primary water road
test_29487,clear primary
test_29488,clear haze primary agriculture water habitation road
test_29489,clear primary
test_29490,partly_cloudy primary agriculture
test_29491,clear primary water
test_29492,clear primary
test_29493,clear haze primary
test_29494,clear partly_cloudy primary agriculture habitation road
test_29495,clear primary agriculture bare_ground
test_29496,clear primary agriculture cultivation
test_29497,clear primary agriculture habitation road
test_29498,clear primary
test_29499,clear primary agriculture water road
test_29500,clear primary
test_29501,clear primary
test_29502,clear primary water
test_29503,clear primary
test_29504,clear primary
test_29505,clear primary
test_29506,clear primary
test_29507,clear primary
test_29508,clear primary agriculture water cultivation
test_29509,partly_cloudy primary
test_29510,partly_cloudy primary
test_29511,clear primary agriculture water road
test_29512,clear primary
test_29513,partly_cloudy primary
test_29514,clear primary agriculture cultivation
test_29515,clear haze primary agriculture cultivation
test_29516,clear primary
test_29517,clear primary water
test_29518,clear primary agriculture cultivation
test_29519,partly_cloudy primary
test_29520,clear primary agriculture cultivation road
test_29521,cloudy
test_29522,clear partly_cloudy primary
test_29523,clear primary
test_29524,clear primary agriculture
test_29525,clear primary agriculture cultivation
test_29526,partly_cloudy primary
test_29527,clear primary
test_29528,clear primary agriculture cultivation habitation road
test_29529,clear partly_cloudy cloudy primary habitation road conventional_mine
test_29530,clear primary
test_29531,clear primary agriculture habitation road
test_29532,clear primary agriculture cultivation
test_29533,clear primary agriculture cultivation
test_29534,clear primary
test_29535,partly_cloudy primary
test_29536,partly_cloudy primary
test_29537,clear primary agriculture bare_ground
test_29538,clear primary agriculture cultivation habitation road
test_29539,partly_cloudy primary
test_29540,clear primary
test_29541,partly_cloudy primary
test_29542,partly_cloudy primary
test_29543,clear primary water road
test_29544,clear primary
test_29545,clear primary agriculture habitation road
test_29546,partly_cloudy primary agriculture road
test_29547,clear primary agriculture
test_29548,clear primary agriculture cultivation habitation
test_29549,clear primary agriculture cultivation habitation road
test_29550,clear haze primary
test_29551,partly_cloudy primary
test_29552,clear primary
test_29553,clear primary agriculture water habitation road
test_29554,partly_cloudy primary
test_29555,haze partly_cloudy primary
test_29556,clear haze primary water
test_29557,clear primary
test_29558,clear primary agriculture habitation road
test_29559,clear primary agriculture water
test_29560,haze primary
test_29561,clear primary
test_29562,clear primary
test_29563,partly_cloudy primary agriculture cultivation
test_29564,clear primary
test_29565,clear primary
test_29566,partly_cloudy primary agriculture water
test_29567,clear haze primary agriculture water road
test_29568,clear primary agriculture water cultivation habitation road
test_29569,clear primary
test_29570,clear primary
test_29571,haze cloudy primary
test_29572,haze primary
test_29573,partly_cloudy primary
test_29574,clear primary
test_29575,clear primary
test_29576,clear primary
test_29577,clear primary
test_29578,clear primary
test_29579,clear primary
test_29580,partly_cloudy primary agriculture water
test_29581,partly_cloudy primary agriculture road
test_29582,clear primary agriculture cultivation
test_29583,clear primary habitation road
test_29584,clear primary agriculture cultivation habitation
test_29585,partly_cloudy primary water road
test_29586,clear primary cultivation
test_29587,clear primary
test_29588,clear haze primary agriculture habitation road
test_29589,clear primary
test_29590,partly_cloudy primary agriculture cultivation habitation
test_29591,clear primary water
test_29592,clear primary
test_29593,partly_cloudy primary agriculture cultivation
test_29594,clear primary
test_29595,clear primary agriculture habitation road
test_29596,clear primary agriculture cultivation habitation
test_29597,clear partly_cloudy primary agriculture cultivation road
test_29598,clear primary water
test_29599,partly_cloudy primary
test_29600,clear haze primary agriculture cultivation
test_29601,clear primary agriculture road
test_29602,clear cloudy primary water
test_29603,clear primary water
test_29604,clear primary
test_29605,partly_cloudy primary
test_29606,partly_cloudy primary agriculture cultivation
test_29607,clear primary
test_29608,clear primary
test_29609,partly_cloudy primary agriculture road
test_29610,clear primary
test_29611,partly_cloudy primary
test_29612,clear primary agriculture water
test_29613,clear primary
test_29614,haze primary
test_29615,haze primary agriculture water
test_29616,clear primary
test_29617,clear primary
test_29618,clear primary agriculture cultivation
test_29619,clear primary
test_29620,partly_cloudy primary
test_29621,clear primary water road
test_29622,partly_cloudy primary agriculture water
test_29623,clear primary
test_29624,partly_cloudy primary agriculture water road
test_29625,clear primary agriculture cultivation
test_29626,clear primary
test_29627,haze primary
test_29628,clear primary cultivation
test_29629,clear primary
test_29630,clear primary water habitation road conventional_mine bare_ground artisinal_mine
test_29631,clear primary
test_29632,clear primary agriculture road
test_29633,clear primary
test_29634,clear primary agriculture cultivation
test_29635,clear primary
test_29636,haze cloudy primary
test_29637,partly_cloudy primary
test_29638,partly_cloudy primary
test_29639,partly_cloudy primary agriculture cultivation habitation
test_29640,clear primary agriculture habitation road
test_29641,clear primary
test_29642,partly_cloudy primary
test_29643,clear primary water habitation bare_ground artisinal_mine
test_29644,clear primary agriculture cultivation
test_29645,clear primary agriculture cultivation
test_29646,clear primary
test_29647,clear primary
test_29648,partly_cloudy cloudy
test_29649,clear primary agriculture cultivation habitation road
test_29650,partly_cloudy primary
test_29651,clear primary agriculture cultivation habitation
test_29652,clear primary agriculture water habitation road
test_29653,clear primary
test_29654,clear primary agriculture water road
test_29655,clear primary agriculture cultivation habitation
test_29656,partly_cloudy primary agriculture
test_29657,partly_cloudy primary agriculture cultivation road
test_29658,clear primary
test_29659,clear primary agriculture water cultivation habitation road bare_ground
test_29660,clear primary water road artisinal_mine
test_29661,clear primary agriculture cultivation
test_29662,clear primary
test_29663,clear primary agriculture cultivation habitation road
test_29664,clear primary
test_29665,clear primary
test_29666,clear primary agriculture cultivation
test_29667,clear primary
test_29668,clear primary
test_29669,clear primary agriculture cultivation
test_29670,clear primary
test_29671,clear primary water habitation
test_29672,clear primary agriculture water cultivation
test_29673,clear primary water road
test_29674,clear primary agriculture cultivation
test_29675,partly_cloudy primary agriculture cultivation
test_29676,clear haze primary agriculture habitation road
test_29677,partly_cloudy primary agriculture habitation road
test_29678,partly_cloudy cloudy primary
test_29679,partly_cloudy primary water
test_29680,clear primary
test_29681,clear primary
test_29682,clear haze primary
test_29683,clear primary
test_29684,clear primary agriculture habitation road
test_29685,clear primary agriculture water cultivation habitation
test_29686,clear primary water bare_ground artisinal_mine
test_29687,partly_cloudy cloudy primary road conventional_mine
test_29688,clear primary
test_29689,clear primary
test_29690,partly_cloudy primary
test_29691,clear primary
test_29692,clear primary
test_29693,clear primary water bare_ground artisinal_mine
test_29694,partly_cloudy cloudy primary
test_29695,clear primary
test_29696,clear primary agriculture cultivation
test_29697,clear primary
test_29698,clear primary
test_29699,clear haze primary agriculture water
test_29700,clear primary agriculture cultivation habitation
test_29701,clear primary
test_29702,clear primary agriculture cultivation habitation road
test_29703,clear primary
test_29704,clear primary
test_29705,clear primary
test_29706,clear primary
test_29707,partly_cloudy primary agriculture
test_29708,partly_cloudy primary
test_29709,haze primary
test_29710,partly_cloudy primary agriculture water road
test_29711,clear primary
test_29712,clear primary habitation road
test_29713,clear primary agriculture cultivation
test_29714,partly_cloudy primary
test_29715,clear primary agriculture water road
test_29716,clear haze primary agriculture
test_29717,clear partly_cloudy primary
test_29718,clear primary
test_29719,clear primary
test_29720,partly_cloudy primary
test_29721,clear primary agriculture cultivation
test_29722,clear primary agriculture habitation road
test_29723,clear primary
test_29724,clear primary agriculture
test_29725,clear primary agriculture cultivation
test_29726,clear haze primary
test_29727,clear primary water road
test_29728,clear primary agriculture cultivation
test_29729,clear primary
test_29730,clear partly_cloudy primary agriculture cultivation
test_29731,clear primary water road selective_logging
test_29732,clear primary water road selective_logging
test_29733,clear primary
test_29734,clear primary
test_29735,clear primary agriculture cultivation
test_29736,clear primary agriculture
test_29737,partly_cloudy primary
test_29738,clear primary agriculture cultivation
test_29739,partly_cloudy primary
test_29740,haze cloudy primary
test_29741,clear primary habitation road
test_29742,clear primary agriculture water cultivation habitation road
test_29743,clear primary agriculture water
test_29744,clear cloudy water
test_29745,clear primary
test_29746,partly_cloudy primary
test_29747,partly_cloudy primary agriculture cultivation habitation
test_29748,partly_cloudy primary
test_29749,clear primary agriculture water habitation road
test_29750,clear primary agriculture habitation road
test_29751,clear primary agriculture cultivation road
test_29752,clear primary
test_29753,partly_cloudy primary
test_29754,clear primary
test_29755,partly_cloudy primary
test_29756,clear primary agriculture habitation road
test_29757,cloudy
test_29758,partly_cloudy primary agriculture water cultivation habitation road
test_29759,clear primary agriculture road
test_29760,clear primary water
test_29761,clear primary agriculture water
test_29762,clear primary agriculture road
test_29763,haze primary
test_29764,clear primary agriculture water habitation road
test_29765,clear primary agriculture road
test_29766,clear primary agriculture habitation road
test_29767,clear primary
test_29768,clear haze primary water road
test_29769,clear primary agriculture cultivation
test_29770,haze cloudy primary
test_29771,clear primary water
test_29772,clear primary agriculture cultivation
test_29773,partly_cloudy primary water
test_29774,clear partly_cloudy primary agriculture water road
test_29775,clear primary
test_29776,partly_cloudy primary
test_29777,partly_cloudy primary agriculture road
test_29778,clear primary
test_29779,clear haze primary agriculture water
test_29780,clear primary
test_29781,clear primary agriculture cultivation
test_29782,clear primary
test_29783,clear primary agriculture habitation road
test_29784,clear primary
test_29785,haze partly_cloudy primary
test_29786,partly_cloudy cloudy
test_29787,partly_cloudy primary
test_29788,clear primary
test_29789,clear primary
test_29790,clear primary
test_29791,partly_cloudy primary
test_29792,clear primary agriculture road
test_29793,partly_cloudy cloudy primary water
test_29794,clear primary
test_29795,clear primary
test_29796,clear primary
test_29797,clear primary
test_29798,clear primary
test_29799,haze cloudy primary
test_29800,clear primary
test_29801,partly_cloudy cloudy primary water
test_29802,clear primary
test_29803,clear primary agriculture cultivation
test_29804,clear primary
test_29805,clear primary
test_29806,clear primary agriculture water cultivation habitation
test_29807,clear primary
test_29808,clear primary water
test_29809,clear primary agriculture cultivation
test_29810,clear primary agriculture cultivation
test_29811,clear primary agriculture water road
test_29812,clear primary agriculture water habitation road
test_29813,clear partly_cloudy primary agriculture water cultivation
test_29814,clear primary agriculture cultivation habitation road
test_29815,haze primary agriculture water road
test_29816,clear primary
test_29817,clear primary
test_29818,clear primary water
test_29819,clear primary
test_29820,partly_cloudy cloudy primary
test_29821,clear primary
test_29822,clear primary agriculture water road
test_29823,partly_cloudy cloudy
test_29824,clear primary water
test_29825,clear primary agriculture water cultivation road
test_29826,partly_cloudy primary
test_29827,clear primary
test_29828,clear primary agriculture cultivation
test_29829,clear primary agriculture cultivation habitation road
test_29830,clear primary agriculture habitation road bare_ground
test_29831,clear primary
test_29832,clear primary agriculture cultivation habitation
test_29833,clear haze primary water road
test_29834,clear primary water
test_29835,clear primary
test_29836,clear primary agriculture water road
test_29837,partly_cloudy cloudy primary
test_29838,partly_cloudy primary agriculture
test_29839,clear primary water habitation road
test_29840,clear primary agriculture cultivation habitation road
test_29841,clear primary
test_29842,clear primary water
test_29843,clear primary
test_29844,clear primary agriculture road
test_29845,clear primary agriculture cultivation habitation road
test_29846,clear primary
test_29847,clear primary
test_29848,clear partly_cloudy primary
test_29849,clear primary
test_29850,clear primary agriculture habitation road
test_29851,haze primary
test_29852,clear primary agriculture habitation road
test_29853,clear primary
test_29854,clear primary agriculture road bare_ground
test_29855,clear primary
test_29856,clear primary
test_29857,clear primary
test_29858,clear haze primary agriculture road
test_29859,clear primary agriculture water habitation road
test_29860,clear primary agriculture cultivation habitation
test_29861,clear haze primary agriculture cultivation
test_29862,clear primary
test_29863,partly_cloudy primary agriculture road
test_29864,clear primary agriculture cultivation habitation road
test_29865,clear primary agriculture cultivation
test_29866,clear haze primary agriculture cultivation habitation road
test_29867,clear primary agriculture habitation road
test_29868,clear primary agriculture water habitation road
test_29869,clear primary agriculture road
test_29870,clear primary
test_29871,clear primary agriculture habitation road
test_29872,clear partly_cloudy primary agriculture water cultivation
test_29873,clear primary
test_29874,clear primary agriculture water cultivation habitation road
test_29875,haze primary agriculture water
test_29876,partly_cloudy primary
test_29877,clear primary
test_29878,partly_cloudy primary agriculture cultivation
test_29879,clear primary agriculture water cultivation
test_29880,clear primary agriculture cultivation
test_29881,clear primary
test_29882,cloudy
test_29883,clear primary
test_29884,partly_cloudy primary
test_29885,clear primary
test_29886,clear primary agriculture cultivation habitation
test_29887,clear primary water
test_29888,clear haze primary agriculture water
test_29889,clear primary
test_29890,partly_cloudy primary
test_29891,clear primary agriculture water road
test_29892,clear primary
test_29893,haze primary
test_29894,clear primary
test_29895,clear primary agriculture road
test_29896,cloudy
test_29897,clear haze primary
test_29898,clear primary
test_29899,partly_cloudy primary agriculture road
test_29900,clear primary
test_29901,clear primary
test_29902,partly_cloudy primary agriculture road
test_29903,clear primary water
test_29904,haze primary
test_29905,clear primary
test_29906,partly_cloudy primary
test_29907,clear primary
test_29908,clear primary agriculture road
test_29909,clear primary agriculture bare_ground
test_29910,clear primary
test_29911,haze primary
test_29912,clear primary
test_29913,partly_cloudy primary agriculture cultivation habitation road
test_29914,clear primary agriculture habitation road
test_29915,clear primary agriculture road bare_ground
test_29916,clear primary
test_29917,cloudy primary
test_29918,partly_cloudy primary
test_29919,partly_cloudy primary agriculture water road
test_29920,partly_cloudy primary agriculture cultivation habitation
test_29921,clear cloudy water
test_29922,partly_cloudy primary agriculture water
test_29923,clear primary agriculture cultivation
test_29924,clear primary
test_29925,clear primary
test_29926,clear primary
test_29927,clear primary water
test_29928,clear primary water
test_29929,clear primary agriculture road
test_29930,clear primary agriculture cultivation habitation road
test_29931,clear haze primary agriculture
test_29932,partly_cloudy primary
test_29933,clear primary agriculture cultivation habitation road
test_29934,clear primary
test_29935,clear primary agriculture cultivation habitation
test_29936,clear primary
test_29937,clear primary agriculture water habitation road
test_29938,haze primary
test_29939,clear primary agriculture habitation road bare_ground
test_29940,clear primary
test_29941,clear primary
test_29942,clear primary
test_29943,partly_cloudy primary agriculture
test_29944,partly_cloudy primary agriculture water
test_29945,clear primary agriculture cultivation habitation road
test_29946,clear primary
test_29947,clear primary habitation road
test_29948,partly_cloudy primary
test_29949,clear primary
test_29950,clear primary agriculture water road
test_29951,clear primary agriculture bare_ground
test_29952,haze cloudy primary
test_29953,clear primary
test_29954,clear primary water
test_29955,clear primary water bare_ground artisinal_mine
test_29956,clear primary
test_29957,clear primary agriculture water habitation road
test_29958,haze primary agriculture
test_29959,clear primary agriculture cultivation
test_29960,clear primary agriculture water cultivation
test_29961,clear primary agriculture cultivation habitation road
test_29962,clear primary
test_29963,clear primary agriculture water habitation road
test_29964,clear primary agriculture water road
test_29965,clear primary
test_29966,clear primary agriculture water cultivation
test_29967,clear primary
test_29968,clear primary
test_29969,cloudy
test_29970,partly_cloudy cloudy primary
test_29971,clear partly_cloudy primary
test_29972,clear primary
test_29973,clear primary agriculture road
test_29974,partly_cloudy primary
test_29975,partly_cloudy cloudy primary
test_29976,clear primary
test_29977,partly_cloudy primary
test_29978,clear primary
test_29979,clear primary
test_29980,clear primary agriculture habitation road
test_29981,haze primary agriculture water road
test_29982,partly_cloudy primary agriculture water
test_29983,clear primary
test_29984,partly_cloudy primary
test_29985,partly_cloudy primary agriculture water
test_29986,clear primary water road
test_29987,clear primary
test_29988,clear primary
test_29989,clear cloudy primary water
test_29990,partly_cloudy primary agriculture cultivation
test_29991,partly_cloudy primary
test_29992,clear primary water road
test_29993,clear primary blooming
test_29994,clear partly_cloudy primary agriculture road
test_29995,clear primary agriculture road conventional_mine bare_ground
test_29996,clear partly_cloudy primary
test_29997,partly_cloudy primary
test_29998,clear primary
test_29999,clear primary agriculture
test_30000,clear primary agriculture cultivation habitation road
test_30001,clear primary
test_30002,clear primary
test_30003,partly_cloudy primary
test_30004,partly_cloudy primary agriculture road
test_30005,clear primary agriculture cultivation habitation
test_30006,clear primary
test_30007,clear primary agriculture water cultivation
test_30008,clear primary
test_30009,haze primary agriculture
test_30010,partly_cloudy primary agriculture cultivation
test_30011,clear primary water road
test_30012,clear primary
test_30013,clear primary agriculture cultivation habitation
test_30014,clear primary road selective_logging
test_30015,clear primary
test_30016,cloudy
test_30017,haze cloudy
test_30018,clear primary
test_30019,clear primary water road selective_logging
test_30020,clear primary
test_30021,partly_cloudy primary
test_30022,clear primary
test_30023,clear primary
test_30024,clear primary water
test_30025,clear primary
test_30026,haze primary
test_30027,clear primary
test_30028,cloudy
test_30029,clear haze primary agriculture water cultivation road
test_30030,clear primary
test_30031,clear primary
test_30032,clear primary agriculture habitation road
test_30033,clear primary water road
test_30034,clear primary agriculture water
test_30035,partly_cloudy primary
test_30036,clear primary
test_30037,clear primary
test_30038,partly_cloudy primary
test_30039,clear primary agriculture habitation road
test_30040,clear primary
test_30041,clear primary agriculture cultivation
test_30042,haze primary
test_30043,haze primary agriculture water
test_30044,clear primary agriculture water cultivation
test_30045,clear primary
test_30046,clear primary
test_30047,clear primary water
test_30048,clear primary
test_30049,clear primary water
test_30050,clear primary cultivation selective_logging
test_30051,clear primary agriculture water road
test_30052,clear primary agriculture cultivation
test_30053,partly_cloudy primary
test_30054,clear primary habitation road
test_30055,partly_cloudy primary
test_30056,clear primary agriculture road
test_30057,partly_cloudy primary agriculture
test_30058,clear cloudy water
test_30059,clear primary
test_30060,clear primary
test_30061,clear primary
test_30062,clear primary water
test_30063,clear primary agriculture road
test_30064,partly_cloudy primary agriculture water road
test_30065,clear primary
test_30066,clear primary agriculture water bare_ground
test_30067,clear primary
test_30068,clear primary
test_30069,clear primary agriculture cultivation
test_30070,partly_cloudy primary
test_30071,cloudy
test_30072,clear primary
test_30073,clear primary agriculture bare_ground
test_30074,clear primary agriculture habitation road
test_30075,clear primary
test_30076,clear primary
test_30077,clear primary agriculture
test_30078,cloudy
test_30079,clear primary water road
test_30080,partly_cloudy primary water road
test_30081,clear primary
test_30082,partly_cloudy primary agriculture cultivation
test_30083,clear primary
test_30084,clear primary agriculture water cultivation
test_30085,partly_cloudy primary
test_30086,clear primary
test_30087,clear primary agriculture cultivation habitation road
test_30088,clear primary agriculture cultivation habitation road
test_30089,clear primary agriculture cultivation
test_30090,clear primary
test_30091,clear primary water road
test_30092,clear primary
test_30093,haze cloudy primary agriculture water
test_30094,clear primary
test_30095,clear primary
test_30096,clear primary agriculture road bare_ground
test_30097,clear primary
test_30098,clear primary
test_30099,clear primary agriculture cultivation
test_30100,clear primary water habitation road bare_ground artisinal_mine
test_30101,clear primary agriculture water road
test_30102,clear partly_cloudy primary water
test_30103,clear primary agriculture cultivation habitation
test_30104,clear primary
test_30105,clear primary agriculture cultivation
test_30106,partly_cloudy primary agriculture
test_30107,haze primary water
test_30108,clear primary water road
test_30109,clear partly_cloudy primary
test_30110,clear primary agriculture cultivation road
test_30111,clear primary
test_30112,clear primary agriculture habitation road
test_30113,partly_cloudy primary agriculture cultivation habitation road
test_30114,clear primary agriculture road
test_30115,clear primary
test_30116,clear primary
test_30117,partly_cloudy primary
test_30118,clear primary agriculture water cultivation
test_30119,haze cloudy primary
test_30120,clear primary
test_30121,clear primary
test_30122,clear primary agriculture cultivation
test_30123,haze primary
test_30124,partly_cloudy primary
test_30125,partly_cloudy cloudy water
test_30126,clear primary
test_30127,partly_cloudy primary agriculture habitation road
test_30128,clear cloudy water
test_30129,clear primary
test_30130,cloudy
test_30131,clear primary agriculture water habitation road bare_ground
test_30132,clear primary agriculture habitation road
test_30133,clear primary agriculture road
test_30134,cloudy
test_30135,clear primary agriculture
test_30136,clear primary
test_30137,partly_cloudy primary
test_30138,clear primary agriculture
test_30139,partly_cloudy primary
test_30140,clear cloudy primary water
test_30141,clear primary
test_30142,clear primary
test_30143,clear primary agriculture water habitation road conventional_mine bare_ground
test_30144,clear primary agriculture cultivation habitation road
test_30145,clear primary
test_30146,clear primary
test_30147,clear primary agriculture cultivation
test_30148,clear primary agriculture cultivation bare_ground
test_30149,clear primary water cultivation
test_30150,clear primary agriculture habitation road
test_30151,partly_cloudy cloudy primary
test_30152,partly_cloudy primary agriculture water road
test_30153,cloudy
test_30154,clear primary
test_30155,clear primary
test_30156,clear primary agriculture habitation road
test_30157,clear primary agriculture cultivation habitation road
test_30158,clear primary agriculture water cultivation
test_30159,clear primary
test_30160,partly_cloudy primary agriculture habitation road
test_30161,clear primary
test_30162,clear primary agriculture water cultivation
test_30163,haze primary water
test_30164,partly_cloudy primary agriculture
test_30165,clear primary water road selective_logging
test_30166,clear primary
test_30167,clear haze primary agriculture
test_30168,clear primary agriculture road
test_30169,clear primary
test_30170,clear primary agriculture water
test_30171,clear primary
test_30172,partly_cloudy primary agriculture habitation road
test_30173,clear primary agriculture road
test_30174,clear primary
test_30175,haze primary
test_30176,clear primary
test_30177,partly_cloudy primary agriculture water road
test_30178,clear primary
test_30179,clear primary
test_30180,clear primary agriculture road
test_30181,clear primary
test_30182,clear primary agriculture cultivation
test_30183,partly_cloudy cloudy primary
test_30184,partly_cloudy primary
test_30185,clear primary agriculture road
test_30186,clear primary
test_30187,haze cloudy
test_30188,clear primary water
test_30189,clear primary
test_30190,clear partly_cloudy primary
test_30191,clear primary
test_30192,cloudy
test_30193,clear primary agriculture habitation road
test_30194,clear primary
test_30195,clear primary
test_30196,partly_cloudy primary
test_30197,partly_cloudy primary
test_30198,partly_cloudy primary
test_30199,partly_cloudy primary
test_30200,clear primary agriculture road
test_30201,clear primary agriculture cultivation
test_30202,clear primary water road
test_30203,clear primary
test_30204,clear haze primary agriculture water
test_30205,clear primary
test_30206,clear primary
test_30207,clear primary agriculture water
test_30208,clear primary agriculture habitation road
test_30209,partly_cloudy primary agriculture cultivation
test_30210,clear primary
test_30211,clear primary
test_30212,clear primary
test_30213,clear primary agriculture water cultivation habitation road
test_30214,clear primary
test_30215,clear primary
test_30216,partly_cloudy primary
test_30217,partly_cloudy primary
test_30218,clear primary
test_30219,clear primary agriculture water cultivation habitation
test_30220,clear primary
test_30221,clear primary agriculture road
test_30222,clear primary
test_30223,partly_cloudy primary agriculture road
test_30224,clear primary
test_30225,clear primary
test_30226,haze primary
test_30227,haze primary agriculture cultivation
test_30228,clear primary
test_30229,clear primary
test_30230,clear primary
test_30231,clear primary agriculture road
test_30232,haze primary
test_30233,clear partly_cloudy primary
test_30234,clear haze primary agriculture water cultivation habitation road
test_30235,cloudy
test_30236,clear primary
test_30237,clear primary
test_30238,clear primary
test_30239,partly_cloudy primary agriculture water
test_30240,partly_cloudy primary agriculture habitation road
test_30241,clear primary
test_30242,clear primary agriculture habitation road
test_30243,clear primary agriculture cultivation
test_30244,clear primary
test_30245,clear primary
test_30246,clear primary water
test_30247,clear primary agriculture cultivation habitation
test_30248,haze primary
test_30249,clear primary agriculture water habitation road
test_30250,clear primary agriculture road
test_30251,partly_cloudy primary agriculture road
test_30252,clear primary agriculture water cultivation habitation
test_30253,clear primary
test_30254,clear primary
test_30255,clear primary agriculture cultivation
test_30256,clear primary
test_30257,clear primary agriculture cultivation
test_30258,clear primary agriculture habitation road
test_30259,clear primary agriculture water habitation road
test_30260,clear primary
test_30261,clear primary
test_30262,clear primary water road
test_30263,haze cloudy primary
test_30264,clear primary agriculture cultivation
test_30265,clear primary
test_30266,clear primary agriculture habitation road
test_30267,partly_cloudy primary agriculture road
test_30268,clear primary water
test_30269,clear primary
test_30270,partly_cloudy primary
test_30271,clear primary
test_30272,cloudy
test_30273,clear primary
test_30274,partly_cloudy primary
test_30275,clear primary agriculture cultivation
test_30276,cloudy
test_30277,clear primary agriculture road
test_30278,clear primary water road
test_30279,clear primary
test_30280,clear primary agriculture water road
test_30281,partly_cloudy primary agriculture cultivation
test_30282,clear primary
test_30283,clear primary
test_30284,haze cloudy primary
test_30285,partly_cloudy primary
test_30286,clear primary
test_30287,haze primary agriculture water habitation road
test_30288,partly_cloudy primary
test_30289,clear primary agriculture water cultivation habitation road
test_30290,clear primary water
test_30291,haze partly_cloudy primary
test_30292,clear primary
test_30293,clear primary
test_30294,clear primary water
test_30295,partly_cloudy primary
test_30296,clear primary
test_30297,clear primary agriculture water cultivation road
test_30298,clear primary agriculture road
test_30299,clear primary agriculture habitation road
test_30300,clear partly_cloudy primary agriculture cultivation
test_30301,clear primary agriculture habitation road
test_30302,clear primary
test_30303,clear primary agriculture cultivation
test_30304,clear primary
test_30305,clear primary
test_30306,clear primary
test_30307,clear haze primary agriculture road
test_30308,clear primary agriculture cultivation
test_30309,clear primary agriculture water cultivation habitation
test_30310,clear primary
test_30311,clear partly_cloudy primary agriculture cultivation
test_30312,clear primary
test_30313,clear primary agriculture road
test_30314,clear primary
test_30315,clear primary agriculture cultivation habitation road
test_30316,clear primary
test_30317,clear primary agriculture cultivation habitation road
test_30318,clear primary
test_30319,clear primary
test_30320,clear primary
test_30321,partly_cloudy primary
test_30322,clear primary
test_30323,haze primary
test_30324,clear primary
test_30325,clear primary
test_30326,clear primary water road
test_30327,clear primary agriculture cultivation
test_30328,clear primary
test_30329,clear primary
test_30330,haze cloudy primary
test_30331,clear primary agriculture road
test_30332,clear primary
test_30333,clear primary
test_30334,clear primary agriculture water habitation road
test_30335,clear primary
test_30336,clear primary agriculture habitation road
test_30337,partly_cloudy primary
test_30338,partly_cloudy primary
test_30339,clear primary
test_30340,clear primary water road
test_30341,clear primary water road
test_30342,clear primary
test_30343,clear primary agriculture habitation road
test_30344,clear primary
test_30345,clear haze primary agriculture cultivation
test_30346,cloudy
test_30347,clear primary
test_30348,clear primary
test_30349,clear primary
test_30350,clear primary agriculture water cultivation
test_30351,partly_cloudy primary
test_30352,haze cloudy primary
test_30353,partly_cloudy primary
test_30354,clear primary agriculture bare_ground
test_30355,partly_cloudy primary
test_30356,cloudy
test_30357,clear primary water
test_30358,cloudy
test_30359,clear primary
test_30360,partly_cloudy primary
test_30361,clear primary cultivation
test_30362,clear primary agriculture cultivation
test_30363,haze primary
test_30364,clear primary
test_30365,clear primary agriculture water cultivation habitation road
test_30366,partly_cloudy primary agriculture road
test_30367,partly_cloudy primary
test_30368,partly_cloudy primary
test_30369,clear partly_cloudy primary
test_30370,clear cloudy primary water
test_30371,clear primary
test_30372,clear primary water
test_30373,clear primary water
test_30374,clear primary agriculture cultivation road
test_30375,clear primary agriculture road
test_30376,partly_cloudy primary
test_30377,partly_cloudy cloudy primary
test_30378,clear primary habitation road
test_30379,clear primary cultivation
test_30380,clear primary
test_30381,partly_cloudy primary
test_30382,clear primary agriculture habitation road
test_30383,clear primary
test_30384,clear primary agriculture cultivation habitation
test_30385,clear primary
test_30386,clear primary agriculture cultivation
test_30387,clear primary
test_30388,clear primary agriculture habitation road
test_30389,clear primary
test_30390,clear primary agriculture road
test_30391,clear primary agriculture habitation road
test_30392,clear primary agriculture cultivation
test_30393,clear primary water road
test_30394,clear primary agriculture cultivation
test_30395,partly_cloudy primary water
test_30396,clear primary
test_30397,clear primary agriculture water cultivation habitation road
test_30398,partly_cloudy primary
test_30399,cloudy
test_30400,clear primary agriculture road
test_30401,partly_cloudy cloudy primary agriculture water
test_30402,clear primary
test_30403,partly_cloudy primary water
test_30404,haze primary agriculture water
test_30405,clear primary
test_30406,clear primary
test_30407,clear partly_cloudy primary agriculture habitation road
test_30408,clear primary agriculture cultivation road
test_30409,clear primary agriculture cultivation
test_30410,clear primary agriculture water road
test_30411,clear primary water
test_30412,partly_cloudy primary
test_30413,clear primary agriculture road
test_30414,haze cloudy primary
test_30415,partly_cloudy primary
test_30416,clear primary agriculture cultivation
test_30417,partly_cloudy cloudy primary
test_30418,partly_cloudy primary agriculture water
test_30419,clear primary
test_30420,clear primary agriculture cultivation habitation road
test_30421,clear primary
test_30422,haze primary
test_30423,clear primary
test_30424,clear primary agriculture cultivation
test_30425,partly_cloudy primary
test_30426,clear primary
test_30427,clear cloudy primary water
test_30428,clear primary
test_30429,haze cloudy primary
test_30430,clear primary
test_30431,haze cloudy primary
test_30432,clear primary
test_30433,clear primary
test_30434,partly_cloudy primary agriculture water road
test_30435,partly_cloudy primary
test_30436,partly_cloudy primary
test_30437,clear haze primary agriculture
test_30438,clear primary
test_30439,clear primary
test_30440,clear primary agriculture road
test_30441,partly_cloudy primary
test_30442,partly_cloudy primary agriculture road
test_30443,haze primary
test_30444,cloudy
test_30445,clear primary
test_30446,clear primary agriculture cultivation habitation road
test_30447,clear primary
test_30448,clear cloudy water
test_30449,clear primary
test_30450,partly_cloudy primary agriculture water cultivation habitation road conventional_mine
test_30451,clear primary agriculture water road
test_30452,clear primary
test_30453,clear partly_cloudy cloudy primary agriculture
test_30454,partly_cloudy primary water
test_30455,partly_cloudy primary
test_30456,partly_cloudy primary
test_30457,partly_cloudy primary water
test_30458,clear partly_cloudy primary agriculture cultivation road
test_30459,cloudy
test_30460,clear primary agriculture cultivation
test_30461,clear primary
test_30462,partly_cloudy primary
test_30463,clear primary agriculture water cultivation road
test_30464,haze primary
test_30465,clear haze primary agriculture cultivation
test_30466,clear primary agriculture cultivation
test_30467,clear primary water
test_30468,clear primary
test_30469,clear agriculture water bare_ground
test_30470,partly_cloudy primary
test_30471,clear primary
test_30472,clear primary agriculture water
test_30473,clear primary agriculture water cultivation bare_ground
test_30474,haze cloudy
test_30475,clear primary
test_30476,clear primary agriculture water
test_30477,clear primary water road
test_30478,clear primary
test_30479,clear primary agriculture road
test_30480,clear primary agriculture habitation road
test_30481,clear primary
test_30482,clear primary
test_30483,clear primary
test_30484,cloudy
test_30485,clear primary agriculture road
test_30486,clear haze primary agriculture habitation road
test_30487,clear primary
test_30488,clear primary agriculture cultivation
test_30489,partly_cloudy primary agriculture water
test_30490,clear primary agriculture water cultivation
test_30491,clear primary agriculture road
test_30492,partly_cloudy primary
test_30493,clear primary agriculture cultivation
test_30494,clear primary agriculture habitation road
test_30495,clear primary
test_30496,haze primary
test_30497,clear haze primary agriculture water road
test_30498,clear primary water
test_30499,clear partly_cloudy primary agriculture road
test_30500,clear primary
test_30501,partly_cloudy primary
test_30502,clear primary water road
test_30503,partly_cloudy primary agriculture cultivation
test_30504,clear primary water
test_30505,clear primary water
test_30506,clear primary
test_30507,clear primary
test_30508,clear primary agriculture
test_30509,clear haze primary agriculture water road
test_30510,partly_cloudy primary agriculture cultivation
test_30511,clear primary water
test_30512,clear primary water
test_30513,partly_cloudy primary agriculture road
test_30514,clear primary agriculture water habitation road
test_30515,clear primary
test_30516,clear primary water
test_30517,partly_cloudy primary agriculture cultivation
test_30518,clear partly_cloudy primary
test_30519,clear partly_cloudy primary water
test_30520,partly_cloudy primary agriculture
test_30521,clear primary
test_30522,clear primary
test_30523,partly_cloudy primary water
test_30524,clear primary agriculture
test_30525,clear primary agriculture water
test_30526,clear primary
test_30527,haze primary
test_30528,clear primary
test_30529,clear primary
test_30530,haze cloudy primary
test_30531,clear haze primary agriculture cultivation road
test_30532,partly_cloudy primary agriculture
test_30533,clear primary
test_30534,clear primary
test_30535,haze primary
test_30536,clear primary
test_30537,haze primary
test_30538,partly_cloudy primary
test_30539,partly_cloudy primary
test_30540,clear primary water
test_30541,clear primary agriculture road bare_ground
test_30542,clear primary agriculture road bare_ground
test_30543,clear primary agriculture habitation road bare_ground
test_30544,haze partly_cloudy primary
test_30545,cloudy
test_30546,cloudy
test_30547,clear primary agriculture bare_ground
test_30548,partly_cloudy cloudy
test_30549,partly_cloudy primary water
test_30550,partly_cloudy primary
test_30551,clear primary
test_30552,clear primary water
test_30553,clear primary
test_30554,clear primary
test_30555,clear primary
test_30556,partly_cloudy primary agriculture water road
test_30557,clear primary agriculture water cultivation road
test_30558,clear primary agriculture cultivation
test_30559,clear primary water
test_30560,clear primary
test_30561,clear primary water road
test_30562,clear primary agriculture habitation road
test_30563,partly_cloudy cloudy
test_30564,partly_cloudy primary
test_30565,clear primary
test_30566,cloudy
test_30567,clear primary cultivation
test_30568,partly_cloudy primary
test_30569,haze primary agriculture
test_30570,clear primary agriculture water habitation road
test_30571,clear cloudy water
test_30572,clear primary
test_30573,clear primary agriculture cultivation
test_30574,clear haze primary water road
test_30575,partly_cloudy primary agriculture road
test_30576,clear primary
test_30577,clear primary
test_30578,clear partly_cloudy primary agriculture cultivation
test_30579,clear primary agriculture water road
test_30580,clear primary water
test_30581,clear primary
test_30582,clear primary
test_30583,clear primary blooming
test_30584,clear primary agriculture habitation road
test_30585,clear primary
test_30586,clear primary
test_30587,clear haze primary agriculture cultivation
test_30588,clear primary
test_30589,haze primary
test_30590,partly_cloudy primary agriculture road
test_30591,clear primary
test_30592,clear primary
test_30593,clear primary agriculture road
test_30594,clear primary agriculture water road
test_30595,partly_cloudy primary water road
test_30596,clear partly_cloudy primary agriculture cultivation
test_30597,clear primary agriculture cultivation
test_30598,partly_cloudy primary
test_30599,clear primary
test_30600,partly_cloudy primary agriculture cultivation
test_30601,clear primary
test_30602,clear primary
test_30603,haze primary
test_30604,clear primary water
test_30605,partly_cloudy primary water
test_30606,clear primary
test_30607,clear primary agriculture cultivation
test_30608,clear primary
test_30609,clear primary agriculture road
test_30610,clear primary
test_30611,clear primary agriculture bare_ground
test_30612,clear primary
test_30613,partly_cloudy primary agriculture water
test_30614,partly_cloudy primary agriculture habitation road
test_30615,partly_cloudy primary
test_30616,clear primary
test_30617,clear primary
test_30618,clear primary agriculture cultivation habitation
test_30619,clear partly_cloudy primary agriculture road
test_30620,partly_cloudy primary agriculture water
test_30621,clear primary
test_30622,partly_cloudy primary agriculture
test_30623,clear primary agriculture habitation road
test_30624,clear primary
test_30625,clear primary
test_30626,clear primary
test_30627,clear primary
test_30628,clear primary
test_30629,clear primary
test_30630,clear primary
test_30631,partly_cloudy primary agriculture water road
test_30632,clear primary agriculture cultivation habitation
test_30633,clear primary water
test_30634,clear primary water
test_30635,clear primary agriculture road
test_30636,clear primary
test_30637,clear primary agriculture road bare_ground
test_30638,clear partly_cloudy primary agriculture
test_30639,clear primary
test_30640,clear primary agriculture water cultivation habitation
test_30641,clear primary
test_30642,clear primary
test_30643,clear primary agriculture cultivation habitation road
test_30644,haze primary
test_30645,cloudy
test_30646,clear primary agriculture cultivation
test_30647,clear primary
test_30648,clear primary agriculture road
test_30649,clear primary
test_30650,partly_cloudy primary agriculture water habitation road
test_30651,clear primary agriculture water cultivation
test_30652,haze primary
test_30653,clear primary
test_30654,partly_cloudy primary
test_30655,clear primary
test_30656,clear primary agriculture cultivation habitation road
test_30657,clear primary
test_30658,clear primary
test_30659,cloudy
test_30660,partly_cloudy primary water
test_30661,clear primary
test_30662,clear primary
test_30663,clear primary
test_30664,clear primary
test_30665,partly_cloudy primary water
test_30666,clear primary agriculture road
test_30667,clear primary
test_30668,clear primary water
test_30669,clear primary water road bare_ground artisinal_mine
test_30670,clear primary
test_30671,clear primary agriculture cultivation
test_30672,clear primary
test_30673,clear primary road selective_logging
test_30674,clear primary water
test_30675,clear primary agriculture habitation road
test_30676,clear primary agriculture cultivation habitation
test_30677,partly_cloudy primary water
test_30678,clear primary
test_30679,clear primary road
test_30680,clear primary water
test_30681,partly_cloudy primary
test_30682,clear primary
test_30683,clear primary
test_30684,clear primary agriculture cultivation
test_30685,clear primary agriculture water
test_30686,clear primary
test_30687,clear partly_cloudy primary
test_30688,partly_cloudy cloudy primary
test_30689,clear primary agriculture cultivation
test_30690,clear primary water road
test_30691,clear primary
test_30692,clear primary
test_30693,clear haze primary water
test_30694,clear primary
test_30695,clear primary
test_30696,haze primary agriculture water
test_30697,clear primary agriculture cultivation
test_30698,clear primary
test_30699,clear primary agriculture water road
test_30700,clear partly_cloudy primary
test_30701,clear primary
test_30702,clear primary
test_30703,clear primary
test_30704,partly_cloudy primary
test_30705,clear primary agriculture water road
test_30706,clear primary water habitation bare_ground artisinal_mine
test_30707,partly_cloudy primary
test_30708,partly_cloudy primary
test_30709,clear primary
test_30710,clear primary
test_30711,clear primary
test_30712,clear primary agriculture water cultivation habitation
test_30713,clear primary
test_30714,clear primary
test_30715,clear primary
test_30716,clear primary agriculture water cultivation
test_30717,clear primary
test_30718,clear primary
test_30719,clear partly_cloudy primary road
test_30720,haze cloudy
test_30721,clear primary agriculture cultivation
test_30722,clear primary agriculture road
test_30723,clear primary
test_30724,clear primary agriculture cultivation road
test_30725,partly_cloudy primary water road
test_30726,clear partly_cloudy primary agriculture road
test_30727,clear haze partly_cloudy primary water road
test_30728,partly_cloudy primary
test_30729,partly_cloudy primary agriculture
test_30730,clear primary
test_30731,partly_cloudy primary agriculture habitation road
test_30732,partly_cloudy primary agriculture cultivation habitation road
test_30733,clear primary
test_30734,clear primary agriculture cultivation
test_30735,clear primary agriculture habitation road
test_30736,clear primary
test_30737,clear primary
test_30738,partly_cloudy primary
test_30739,clear cloudy primary water
test_30740,clear primary agriculture water cultivation habitation road
test_30741,clear primary
test_30742,partly_cloudy primary
test_30743,clear primary
test_30744,clear primary
test_30745,clear primary agriculture cultivation
test_30746,clear haze primary
test_30747,partly_cloudy cloudy
test_30748,haze primary
test_30749,clear primary agriculture cultivation
test_30750,cloudy
test_30751,clear primary
test_30752,cloudy
test_30753,clear primary
test_30754,partly_cloudy primary agriculture
test_30755,clear primary agriculture road
test_30756,clear primary agriculture
test_30757,clear primary agriculture cultivation
test_30758,clear primary agriculture habitation road bare_ground
test_30759,partly_cloudy primary
test_30760,clear primary water
test_30761,haze primary
test_30762,partly_cloudy primary agriculture habitation road
test_30763,clear partly_cloudy primary agriculture road
test_30764,clear primary
test_30765,clear primary
test_30766,haze primary agriculture water
test_30767,clear partly_cloudy primary agriculture water road
test_30768,clear primary
test_30769,clear primary
test_30770,clear primary agriculture road
test_30771,partly_cloudy primary agriculture water road
test_30772,clear primary
test_30773,partly_cloudy primary agriculture
test_30774,clear primary agriculture water cultivation habitation
test_30775,clear primary agriculture water road
test_30776,clear primary agriculture road bare_ground
test_30777,clear partly_cloudy primary agriculture habitation road
test_30778,partly_cloudy primary
test_30779,clear partly_cloudy primary
test_30780,clear primary
test_30781,haze primary
test_30782,clear primary
test_30783,partly_cloudy primary agriculture water road
test_30784,clear primary
test_30785,cloudy
test_30786,clear primary water
test_30787,clear primary agriculture habitation road
test_30788,clear primary agriculture water road bare_ground
test_30789,partly_cloudy primary
test_30790,clear primary
test_30791,clear primary
test_30792,clear primary water road
test_30793,partly_cloudy primary agriculture road
test_30794,clear primary agriculture cultivation habitation road
test_30795,partly_cloudy primary water
test_30796,clear partly_cloudy primary
test_30797,clear primary
test_30798,clear primary water
test_30799,partly_cloudy cloudy primary
test_30800,partly_cloudy cloudy primary
test_30801,clear primary
test_30802,clear primary agriculture cultivation
test_30803,haze cloudy primary
test_30804,clear primary agriculture
test_30805,clear primary agriculture habitation road
test_30806,partly_cloudy primary
test_30807,clear primary agriculture
test_30808,clear primary water habitation
test_30809,partly_cloudy primary
test_30810,clear primary
test_30811,partly_cloudy primary
test_30812,clear primary
test_30813,clear primary water road selective_logging
test_30814,clear primary agriculture road
test_30815,clear primary agriculture habitation road
test_30816,clear primary
test_30817,clear primary
test_30818,partly_cloudy primary
test_30819,clear primary agriculture water cultivation road
test_30820,partly_cloudy primary
test_30821,clear primary
test_30822,clear primary
test_30823,partly_cloudy cloudy
test_30824,clear primary agriculture water
test_30825,clear primary agriculture cultivation
test_30826,partly_cloudy primary
test_30827,clear primary water road selective_logging
test_30828,partly_cloudy primary agriculture habitation road
test_30829,clear primary agriculture cultivation habitation
test_30830,cloudy
test_30831,clear primary water
test_30832,clear primary cultivation
test_30833,clear primary
test_30834,clear primary agriculture road
test_30835,clear primary agriculture
test_30836,clear primary agriculture road
test_30837,clear primary
test_30838,clear primary
test_30839,clear primary agriculture cultivation
test_30840,clear primary water road
test_30841,clear primary
test_30842,partly_cloudy primary agriculture water habitation
test_30843,clear primary water
test_30844,partly_cloudy primary
test_30845,clear primary
test_30846,clear primary
test_30847,clear primary agriculture road
test_30848,clear primary agriculture water cultivation habitation road
test_30849,partly_cloudy primary agriculture cultivation road
test_30850,clear primary agriculture water
test_30851,clear primary
test_30852,clear primary
test_30853,clear primary
test_30854,clear primary agriculture habitation road
test_30855,clear primary water road
test_30856,clear primary
test_30857,clear primary
test_30858,clear primary agriculture water road bare_ground
test_30859,clear partly_cloudy primary
test_30860,clear primary
test_30861,clear primary
test_30862,clear haze primary agriculture road
test_30863,clear primary agriculture water habitation road
test_30864,clear primary agriculture cultivation
test_30865,clear primary
test_30866,clear primary
test_30867,clear primary agriculture cultivation
test_30868,clear primary agriculture
test_30869,partly_cloudy primary
test_30870,clear primary water
test_30871,clear primary agriculture habitation road
test_30872,clear primary agriculture cultivation habitation road
test_30873,clear primary
test_30874,clear primary
test_30875,clear cloudy water
test_30876,clear primary agriculture water road bare_ground
test_30877,clear primary
test_30878,clear primary
test_30879,clear cloudy water
test_30880,clear primary agriculture water
test_30881,partly_cloudy primary water
test_30882,clear primary
test_30883,clear primary agriculture road
test_30884,partly_cloudy primary agriculture road
test_30885,clear primary agriculture habitation road
test_30886,clear primary agriculture water road
test_30887,clear primary agriculture cultivation road
test_30888,clear primary agriculture water road
test_30889,clear partly_cloudy primary
test_30890,clear primary habitation road
test_30891,partly_cloudy primary agriculture road
test_30892,clear primary agriculture habitation road
test_30893,clear partly_cloudy primary
test_30894,clear primary agriculture habitation road
test_30895,clear primary
test_30896,partly_cloudy primary
test_30897,partly_cloudy primary agriculture
test_30898,clear primary agriculture cultivation habitation road
test_30899,clear primary agriculture water road
test_30900,clear partly_cloudy primary agriculture habitation road
test_30901,clear primary
test_30902,clear primary agriculture habitation road
test_30903,clear primary agriculture habitation road
test_30904,clear primary
test_30905,clear primary
test_30906,clear primary
test_30907,clear primary water
test_30908,clear primary
test_30909,clear primary
test_30910,clear primary water
test_30911,clear primary agriculture habitation road
test_30912,partly_cloudy primary agriculture habitation road
test_30913,clear primary
test_30914,clear primary
test_30915,clear primary agriculture habitation road
test_30916,partly_cloudy primary agriculture road
test_30917,clear primary
test_30918,cloudy
test_30919,clear primary water road selective_logging
test_30920,clear primary
test_30921,clear primary
test_30922,clear haze primary
test_30923,clear primary
test_30924,clear primary agriculture road
test_30925,clear primary agriculture habitation road
test_30926,partly_cloudy primary agriculture water
test_30927,clear primary
test_30928,partly_cloudy primary
test_30929,clear primary agriculture bare_ground
test_30930,partly_cloudy primary agriculture road
test_30931,clear primary agriculture
test_30932,cloudy
test_30933,partly_cloudy primary agriculture cultivation habitation road
test_30934,clear primary agriculture cultivation habitation
test_30935,clear primary agriculture water cultivation
test_30936,clear primary agriculture cultivation
test_30937,clear primary
test_30938,partly_cloudy primary water
test_30939,clear primary agriculture water
test_30940,haze cloudy primary
test_30941,clear primary agriculture cultivation habitation road
test_30942,clear primary agriculture habitation road
test_30943,clear primary agriculture water
test_30944,clear primary water
test_30945,clear partly_cloudy primary
test_30946,clear primary agriculture water cultivation
test_30947,clear primary agriculture cultivation
test_30948,clear primary agriculture
test_30949,haze partly_cloudy cloudy primary
test_30950,clear primary
test_30951,clear primary agriculture cultivation habitation road
test_30952,clear primary water
test_30953,clear primary agriculture water
test_30954,clear primary
test_30955,haze cloudy primary
test_30956,clear primary
test_30957,clear primary
test_30958,clear primary agriculture cultivation
test_30959,clear primary
test_30960,clear primary
test_30961,clear primary agriculture water habitation road
test_30962,clear primary
test_30963,partly_cloudy primary
test_30964,partly_cloudy primary
test_30965,clear primary water road artisinal_mine
test_30966,clear primary
test_30967,partly_cloudy primary
test_30968,clear primary agriculture habitation road
test_30969,clear primary agriculture road
test_30970,haze primary water road
test_30971,haze primary
test_30972,clear primary agriculture habitation road
test_30973,clear primary
test_30974,haze cloudy primary water
test_30975,clear primary
test_30976,partly_cloudy primary
test_30977,clear primary
test_30978,partly_cloudy cloudy
test_30979,clear primary
test_30980,clear primary
test_30981,partly_cloudy primary water road
test_30982,clear primary
test_30983,clear primary agriculture water road
test_30984,clear primary
test_30985,clear primary
test_30986,clear primary water road selective_logging
test_30987,partly_cloudy primary water road
test_30988,clear primary agriculture cultivation habitation road
test_30989,clear primary
test_30990,partly_cloudy primary
test_30991,partly_cloudy primary agriculture water cultivation habitation road
test_30992,clear primary agriculture cultivation habitation road
test_30993,clear primary water road
test_30994,clear primary blooming
test_30995,clear primary agriculture cultivation
test_30996,partly_cloudy primary agriculture road
test_30997,clear primary
test_30998,partly_cloudy primary agriculture cultivation
test_30999,clear primary agriculture water cultivation habitation
test_31000,clear primary agriculture habitation road conventional_mine bare_ground
test_31001,clear haze primary agriculture water
test_31002,clear primary
test_31003,clear primary agriculture cultivation
test_31004,haze primary
test_31005,clear primary agriculture habitation road
test_31006,clear primary
test_31007,clear primary
test_31008,clear primary
test_31009,clear primary
test_31010,clear primary
test_31011,clear primary agriculture water habitation
test_31012,haze cloudy primary
test_31013,clear primary agriculture cultivation
test_31014,clear primary
test_31015,partly_cloudy cloudy primary
test_31016,partly_cloudy primary agriculture road
test_31017,partly_cloudy primary
test_31018,clear primary agriculture cultivation
test_31019,clear primary
test_31020,clear partly_cloudy primary agriculture habitation road
test_31021,clear primary
test_31022,partly_cloudy primary agriculture cultivation
test_31023,clear primary
test_31024,clear primary water
test_31025,haze primary
test_31026,clear primary
test_31027,partly_cloudy primary
test_31028,clear primary
test_31029,clear primary
test_31030,cloudy
test_31031,cloudy
test_31032,clear haze primary agriculture
test_31033,clear primary agriculture cultivation
test_31034,clear partly_cloudy primary agriculture road
test_31035,clear primary
test_31036,clear primary agriculture water road
test_31037,clear primary water
test_31038,partly_cloudy primary
test_31039,clear primary agriculture cultivation habitation
test_31040,clear primary
test_31041,clear primary
test_31042,clear primary water
test_31043,partly_cloudy primary
test_31044,partly_cloudy primary
test_31045,partly_cloudy primary
test_31046,clear primary agriculture cultivation road
test_31047,clear primary agriculture cultivation
test_31048,partly_cloudy primary
test_31049,clear primary
test_31050,partly_cloudy primary agriculture cultivation
test_31051,clear primary agriculture cultivation
test_31052,clear primary
test_31053,partly_cloudy primary water
test_31054,clear primary
test_31055,clear primary agriculture cultivation
test_31056,clear partly_cloudy primary
test_31057,clear primary
test_31058,clear primary water artisinal_mine
test_31059,clear primary agriculture water road
test_31060,clear primary
test_31061,clear primary
test_31062,clear primary water
test_31063,partly_cloudy primary agriculture cultivation habitation
test_31064,clear primary agriculture cultivation
test_31065,clear primary water road
test_31066,haze cloudy primary
test_31067,clear cloudy water
test_31068,clear primary agriculture water cultivation
test_31069,clear primary
test_31070,clear primary agriculture cultivation habitation
test_31071,clear primary agriculture
test_31072,clear haze primary
test_31073,clear primary
test_31074,haze partly_cloudy primary
test_31075,cloudy
test_31076,clear primary agriculture water habitation road
test_31077,clear primary water bare_ground artisinal_mine
test_31078,haze cloudy primary
test_31079,clear partly_cloudy primary agriculture water cultivation habitation road
test_31080,clear primary
test_31081,clear primary agriculture water habitation road bare_ground artisinal_mine
test_31082,partly_cloudy primary
test_31083,clear primary agriculture water road
test_31084,partly_cloudy primary
test_31085,clear primary agriculture habitation road
test_31086,clear primary
test_31087,clear primary water
test_31088,clear primary
test_31089,clear primary
test_31090,clear primary agriculture cultivation habitation road
test_31091,clear primary
test_31092,clear primary agriculture cultivation
test_31093,clear primary
test_31094,clear primary agriculture road
test_31095,partly_cloudy primary
test_31096,clear primary
test_31097,clear primary agriculture cultivation road
test_31098,clear primary
test_31099,clear primary
test_31100,haze primary
test_31101,clear primary agriculture water
test_31102,clear primary
test_31103,clear haze primary agriculture water road
test_31104,clear primary agriculture water
test_31105,haze cloudy
test_31106,clear primary
test_31107,partly_cloudy primary
test_31108,clear primary agriculture cultivation
test_31109,clear primary water road
test_31110,clear primary agriculture cultivation
test_31111,partly_cloudy primary agriculture water habitation road
test_31112,clear haze primary water
test_31113,clear primary agriculture water
test_31114,clear primary
test_31115,clear primary agriculture water
test_31116,clear partly_cloudy primary agriculture cultivation
test_31117,clear primary water
test_31118,clear primary
test_31119,clear primary
test_31120,partly_cloudy primary
test_31121,cloudy
test_31122,partly_cloudy primary agriculture cultivation
test_31123,clear primary road selective_logging
test_31124,clear primary
test_31125,clear primary agriculture habitation road
test_31126,partly_cloudy primary agriculture cultivation road
test_31127,clear primary agriculture cultivation
test_31128,clear primary agriculture habitation road
test_31129,cloudy
test_31130,partly_cloudy primary agriculture cultivation habitation
test_31131,cloudy
test_31132,clear primary agriculture water road
test_31133,clear primary
test_31134,partly_cloudy primary agriculture water road
test_31135,clear primary agriculture cultivation habitation road
test_31136,clear haze primary agriculture cultivation road
test_31137,clear primary
test_31138,clear primary agriculture habitation road bare_ground
test_31139,clear primary agriculture water road
test_31140,clear primary agriculture road
test_31141,clear primary agriculture water road
test_31142,partly_cloudy primary
test_31143,partly_cloudy primary
test_31144,clear primary
test_31145,clear primary
test_31146,clear primary
test_31147,clear primary
test_31148,clear primary
test_31149,partly_cloudy primary agriculture cultivation
test_31150,partly_cloudy primary
test_31151,clear primary agriculture habitation road
test_31152,clear primary agriculture water cultivation habitation
test_31153,cloudy
test_31154,partly_cloudy primary
test_31155,clear primary
test_31156,clear primary agriculture cultivation
test_31157,clear primary agriculture habitation road
test_31158,clear primary
test_31159,clear primary water road
test_31160,clear primary agriculture cultivation road
test_31161,partly_cloudy primary
test_31162,clear primary agriculture road
test_31163,clear primary water road selective_logging
test_31164,clear partly_cloudy primary agriculture water cultivation
test_31165,clear primary
test_31166,clear primary
test_31167,clear primary
test_31168,clear primary agriculture water
test_31169,clear primary water road bare_ground artisinal_mine
test_31170,clear primary water road selective_logging
test_31171,partly_cloudy primary agriculture road
test_31172,clear haze primary agriculture water road
test_31173,clear primary
test_31174,clear primary
test_31175,clear primary agriculture road
test_31176,clear primary
test_31177,clear primary agriculture water bare_ground
test_31178,clear primary agriculture cultivation
test_31179,haze cloudy primary
test_31180,partly_cloudy primary agriculture
test_31181,clear primary
test_31182,clear primary agriculture cultivation
test_31183,cloudy
test_31184,clear primary
test_31185,cloudy
test_31186,clear primary agriculture bare_ground
test_31187,clear primary
test_31188,clear primary
test_31189,partly_cloudy primary
test_31190,haze primary water
test_31191,clear haze primary agriculture water cultivation
test_31192,clear primary
test_31193,clear primary agriculture cultivation
test_31194,clear primary
test_31195,clear primary
test_31196,clear primary
test_31197,cloudy
test_31198,clear primary agriculture habitation road
test_31199,clear primary
test_31200,haze primary
test_31201,clear primary agriculture
test_31202,clear primary
test_31203,clear primary agriculture habitation road
test_31204,clear primary
test_31205,clear primary agriculture habitation road
test_31206,clear primary
test_31207,partly_cloudy primary agriculture road
test_31208,haze primary
test_31209,clear primary
test_31210,clear primary
test_31211,clear primary agriculture water
test_31212,partly_cloudy primary
test_31213,clear primary water road
test_31214,clear primary
test_31215,clear primary
test_31216,clear primary
test_31217,clear primary
test_31218,clear primary agriculture cultivation road
test_31219,partly_cloudy primary
test_31220,partly_cloudy primary agriculture
test_31221,clear primary water
test_31222,clear primary agriculture road
test_31223,clear primary agriculture road
test_31224,partly_cloudy cloudy primary
test_31225,clear primary agriculture
test_31226,clear cloudy water
test_31227,clear primary water habitation road
test_31228,clear primary
test_31229,partly_cloudy primary
test_31230,partly_cloudy primary
test_31231,clear primary agriculture water bare_ground
test_31232,clear primary agriculture water road
test_31233,partly_cloudy primary agriculture road
test_31234,clear primary
test_31235,partly_cloudy primary
test_31236,partly_cloudy primary
test_31237,clear cloudy primary agriculture water bare_ground
test_31238,clear primary
test_31239,clear primary agriculture
test_31240,clear primary
test_31241,clear primary agriculture water habitation artisinal_mine
test_31242,clear primary
test_31243,clear primary agriculture habitation road
test_31244,partly_cloudy primary water road
test_31245,clear primary
test_31246,clear primary agriculture habitation road
test_31247,clear primary
test_31248,clear primary
test_31249,clear primary
test_31250,haze cloudy primary
test_31251,clear primary agriculture cultivation
test_31252,clear primary water road
test_31253,haze partly_cloudy primary agriculture
test_31254,clear haze primary agriculture road
test_31255,clear primary agriculture cultivation
test_31256,clear primary agriculture water cultivation habitation road
test_31257,partly_cloudy primary
test_31258,clear primary
test_31259,clear primary agriculture water road
test_31260,clear primary agriculture habitation road
test_31261,clear primary agriculture cultivation
test_31262,clear partly_cloudy primary
test_31263,clear primary
test_31264,clear primary agriculture cultivation habitation
test_31265,haze cloudy primary
test_31266,haze primary
test_31267,cloudy
test_31268,clear primary water
test_31269,clear primary
test_31270,partly_cloudy primary
test_31271,clear primary agriculture habitation road
test_31272,clear primary agriculture cultivation road
test_31273,clear primary
test_31274,clear primary water
test_31275,clear primary agriculture cultivation road
test_31276,clear primary agriculture cultivation
test_31277,clear primary
test_31278,clear primary agriculture water
test_31279,clear primary
test_31280,clear primary agriculture water cultivation habitation road
test_31281,clear primary agriculture cultivation
test_31282,clear primary agriculture habitation road
test_31283,clear primary
test_31284,clear primary
test_31285,partly_cloudy cloudy primary
test_31286,clear primary
test_31287,clear primary
test_31288,partly_cloudy primary
test_31289,clear primary agriculture cultivation habitation
test_31290,haze partly_cloudy primary
test_31291,clear primary water
test_31292,partly_cloudy primary
test_31293,partly_cloudy cloudy
test_31294,clear primary agriculture road
test_31295,clear primary agriculture habitation road
test_31296,haze primary water
test_31297,clear primary agriculture cultivation road
test_31298,clear primary agriculture water road
test_31299,clear primary
test_31300,clear primary agriculture cultivation
test_31301,clear partly_cloudy primary
test_31302,clear primary agriculture cultivation road
test_31303,clear cloudy primary water
test_31304,clear primary agriculture cultivation road
test_31305,clear primary
test_31306,clear primary
test_31307,clear primary
test_31308,clear primary agriculture water
test_31309,partly_cloudy primary agriculture water
test_31310,clear primary
test_31311,clear haze primary agriculture habitation road
test_31312,clear partly_cloudy primary agriculture water cultivation road
test_31313,clear primary agriculture road
test_31314,clear primary
test_31315,clear primary
test_31316,clear primary
test_31317,clear primary agriculture habitation road
test_31318,clear primary
test_31319,clear primary
test_31320,clear primary
test_31321,partly_cloudy primary
test_31322,clear primary
test_31323,clear primary
test_31324,clear primary
test_31325,clear primary agriculture cultivation road
test_31326,clear primary
test_31327,partly_cloudy primary
test_31328,clear primary
test_31329,clear primary
test_31330,clear primary
test_31331,clear primary
test_31332,clear primary agriculture water cultivation road
test_31333,haze primary agriculture
test_31334,clear primary
test_31335,partly_cloudy primary
test_31336,clear primary
test_31337,clear primary agriculture habitation road conventional_mine bare_ground
test_31338,clear primary agriculture water habitation
test_31339,partly_cloudy primary agriculture cultivation habitation road
test_31340,haze partly_cloudy primary
test_31341,haze cloudy primary
test_31342,clear primary
test_31343,clear primary
test_31344,clear primary agriculture cultivation
test_31345,partly_cloudy primary water road
test_31346,clear primary
test_31347,cloudy
test_31348,clear primary
test_31349,clear primary agriculture cultivation habitation road
test_31350,cloudy
test_31351,partly_cloudy primary agriculture cultivation
test_31352,cloudy
test_31353,haze cloudy primary
test_31354,clear primary agriculture water habitation road
test_31355,clear primary
test_31356,clear haze primary agriculture road
test_31357,clear primary
test_31358,clear primary agriculture cultivation
test_31359,clear primary agriculture road
test_31360,clear cloudy primary water
test_31361,clear primary agriculture cultivation
test_31362,clear haze primary agriculture cultivation
test_31363,haze primary
test_31364,clear primary agriculture water
test_31365,clear haze primary
test_31366,clear primary water road selective_logging
test_31367,clear primary
test_31368,clear primary agriculture road
test_31369,partly_cloudy primary agriculture road
test_31370,clear primary
test_31371,clear primary agriculture water cultivation habitation road
test_31372,partly_cloudy primary water
test_31373,clear primary
test_31374,clear primary water road
test_31375,clear primary agriculture cultivation
test_31376,partly_cloudy primary
test_31377,clear primary agriculture cultivation habitation
test_31378,partly_cloudy primary agriculture road
test_31379,partly_cloudy primary agriculture road
test_31380,clear primary water
test_31381,cloudy
test_31382,clear primary agriculture water habitation road
test_31383,clear primary
test_31384,haze cloudy primary
test_31385,clear haze primary
test_31386,clear primary agriculture road
test_31387,partly_cloudy primary
test_31388,clear primary agriculture habitation road
test_31389,clear primary
test_31390,clear primary agriculture cultivation road
test_31391,haze primary
test_31392,clear primary agriculture
test_31393,clear primary agriculture cultivation
test_31394,clear primary blooming selective_logging
test_31395,clear primary water road
test_31396,clear primary agriculture habitation road
test_31397,partly_cloudy primary
test_31398,clear primary agriculture cultivation
test_31399,clear primary
test_31400,clear primary agriculture bare_ground
test_31401,clear primary
test_31402,clear primary agriculture habitation road
test_31403,clear primary
test_31404,partly_cloudy primary agriculture road
test_31405,clear primary agriculture cultivation road
test_31406,clear primary
test_31407,clear primary
test_31408,clear cloudy primary water
test_31409,clear primary agriculture water road
test_31410,clear primary agriculture cultivation habitation road
test_31411,clear primary
test_31412,clear primary water
test_31413,clear primary
test_31414,clear haze primary
test_31415,haze cloudy primary
test_31416,partly_cloudy primary agriculture road
test_31417,clear partly_cloudy primary
test_31418,clear haze cloudy water
test_31419,clear primary agriculture cultivation habitation road
test_31420,clear primary agriculture water road
test_31421,clear primary water
test_31422,clear primary agriculture cultivation
test_31423,clear primary agriculture water cultivation
test_31424,clear primary
test_31425,partly_cloudy primary
test_31426,clear primary agriculture water road
test_31427,partly_cloudy primary
test_31428,clear primary
test_31429,clear primary agriculture cultivation
test_31430,partly_cloudy primary
test_31431,clear primary agriculture road
test_31432,clear primary agriculture cultivation habitation
test_31433,clear primary
test_31434,clear primary agriculture cultivation
test_31435,haze cloudy
test_31436,clear primary agriculture cultivation
test_31437,clear primary
test_31438,clear primary agriculture
test_31439,clear haze primary
test_31440,partly_cloudy primary
test_31441,haze partly_cloudy primary agriculture cultivation
test_31442,clear primary agriculture habitation road
test_31443,partly_cloudy primary agriculture cultivation
test_31444,clear primary agriculture cultivation road
test_31445,clear primary
test_31446,clear primary
test_31447,haze primary
test_31448,clear primary agriculture habitation road
test_31449,clear primary water road
test_31450,partly_cloudy primary
test_31451,haze primary
test_31452,clear primary agriculture water cultivation habitation road
test_31453,clear primary blooming
test_31454,clear primary agriculture cultivation
test_31455,clear partly_cloudy primary
test_31456,clear primary
test_31457,partly_cloudy primary water
test_31458,clear primary
test_31459,clear primary
test_31460,clear partly_cloudy primary agriculture road
test_31461,clear primary
test_31462,clear primary agriculture habitation road
test_31463,clear primary
test_31464,clear primary agriculture cultivation
test_31465,clear primary agriculture water road
test_31466,clear partly_cloudy primary
test_31467,haze cloudy primary
test_31468,clear primary agriculture habitation road
test_31469,partly_cloudy primary
test_31470,clear haze primary water
test_31471,clear primary agriculture cultivation
test_31472,clear primary
test_31473,clear primary
test_31474,haze cloudy primary water
test_31475,clear primary
test_31476,cloudy
test_31477,haze primary
test_31478,clear primary
test_31479,haze primary
test_31480,clear primary agriculture water
test_31481,clear primary agriculture habitation road
test_31482,clear primary agriculture cultivation
test_31483,clear primary
test_31484,clear primary
test_31485,clear primary
test_31486,clear primary water
test_31487,clear haze primary
test_31488,clear partly_cloudy primary agriculture cultivation
test_31489,partly_cloudy primary
test_31490,clear primary
test_31491,cloudy
test_31492,clear primary agriculture habitation road
test_31493,partly_cloudy primary agriculture habitation road
test_31494,clear primary water road bare_ground artisinal_mine
test_31495,cloudy
test_31496,clear primary agriculture water
test_31497,clear primary road
test_31498,clear primary
test_31499,partly_cloudy primary
test_31500,clear primary
test_31501,clear partly_cloudy primary water
test_31502,clear primary agriculture road
test_31503,clear primary water
test_31504,clear primary agriculture water road
test_31505,clear primary water
test_31506,clear primary agriculture road
test_31507,clear primary
test_31508,clear partly_cloudy primary agriculture road
test_31509,partly_cloudy primary water
test_31510,clear primary
test_31511,partly_cloudy cloudy primary
test_31512,clear primary agriculture cultivation
test_31513,clear primary
test_31514,clear primary
test_31515,clear primary
test_31516,clear primary agriculture cultivation habitation
test_31517,partly_cloudy primary
test_31518,clear primary agriculture habitation road
test_31519,clear primary
test_31520,clear primary road selective_logging
test_31521,clear primary
test_31522,clear primary agriculture road
test_31523,clear primary
test_31524,partly_cloudy primary
test_31525,clear primary
test_31526,clear primary agriculture
test_31527,clear primary water cultivation
test_31528,clear primary
test_31529,clear primary
test_31530,clear primary agriculture water cultivation
test_31531,partly_cloudy primary
test_31532,clear primary
test_31533,haze partly_cloudy cloudy primary water
test_31534,clear cloudy water
test_31535,clear primary
test_31536,clear cloudy water
test_31537,clear partly_cloudy primary agriculture cultivation habitation road
test_31538,clear primary
test_31539,clear primary
test_31540,partly_cloudy primary
test_31541,clear cloudy primary water
test_31542,partly_cloudy primary agriculture road
test_31543,clear primary
test_31544,clear primary agriculture cultivation
test_31545,clear primary
test_31546,cloudy
test_31547,partly_cloudy primary agriculture water road
test_31548,clear primary agriculture water cultivation habitation road
test_31549,clear primary
test_31550,clear primary
test_31551,partly_cloudy primary water
test_31552,clear partly_cloudy primary
test_31553,clear primary
test_31554,clear haze primary
test_31555,clear primary
test_31556,clear primary
test_31557,clear primary water road
test_31558,clear primary agriculture cultivation habitation
test_31559,clear primary agriculture road bare_ground
test_31560,cloudy
test_31561,partly_cloudy primary agriculture water cultivation
test_31562,clear primary
test_31563,partly_cloudy primary
test_31564,clear primary agriculture cultivation road
test_31565,clear primary agriculture bare_ground
test_31566,partly_cloudy primary agriculture
test_31567,clear primary
test_31568,partly_cloudy primary agriculture road
test_31569,clear primary
test_31570,clear primary
test_31571,clear primary blooming
test_31572,clear primary
test_31573,clear primary
test_31574,clear haze primary
test_31575,clear primary agriculture cultivation
test_31576,clear partly_cloudy primary
test_31577,clear partly_cloudy primary agriculture cultivation road
test_31578,partly_cloudy primary
test_31579,clear primary
test_31580,clear primary agriculture water cultivation
test_31581,clear haze primary water road
test_31582,partly_cloudy primary agriculture cultivation
test_31583,partly_cloudy primary agriculture cultivation
test_31584,clear primary
test_31585,clear primary
test_31586,partly_cloudy primary water
test_31587,clear primary agriculture water cultivation habitation
test_31588,clear haze primary water
test_31589,partly_cloudy primary
test_31590,clear primary
test_31591,clear primary
test_31592,clear primary
test_31593,clear primary agriculture water
test_31594,clear haze primary
test_31595,partly_cloudy primary
test_31596,clear primary water
test_31597,clear primary
test_31598,clear primary
test_31599,clear primary
test_31600,clear primary
test_31601,partly_cloudy primary
test_31602,clear primary agriculture water habitation road
test_31603,clear primary agriculture water
test_31604,clear primary agriculture cultivation
test_31605,clear primary
test_31606,cloudy
test_31607,clear primary
test_31608,clear primary
test_31609,clear primary
test_31610,clear primary agriculture
test_31611,clear primary
test_31612,clear primary water
test_31613,partly_cloudy primary
test_31614,clear primary agriculture habitation road bare_ground
test_31615,clear primary
test_31616,haze cloudy primary
test_31617,clear primary
test_31618,clear primary
test_31619,clear primary agriculture habitation road
test_31620,clear primary agriculture
test_31621,clear primary agriculture water road
test_31622,clear primary agriculture cultivation
test_31623,clear primary
test_31624,partly_cloudy primary agriculture cultivation
test_31625,clear primary
test_31626,clear primary agriculture road
test_31627,clear primary agriculture road
test_31628,clear primary
test_31629,clear primary water
test_31630,clear primary
test_31631,clear primary
test_31632,clear primary agriculture cultivation
test_31633,clear cloudy water
test_31634,clear primary agriculture water
test_31635,haze cloudy primary
test_31636,haze primary agriculture water
test_31637,clear primary
test_31638,partly_cloudy primary agriculture cultivation
test_31639,clear primary
test_31640,clear primary
test_31641,clear partly_cloudy primary
test_31642,clear primary agriculture habitation road
test_31643,clear primary water
test_31644,clear primary agriculture habitation road
test_31645,partly_cloudy primary
test_31646,partly_cloudy primary agriculture habitation road
test_31647,clear partly_cloudy primary agriculture habitation road
test_31648,partly_cloudy primary
test_31649,clear primary blooming
test_31650,clear primary
test_31651,partly_cloudy primary
test_31652,clear primary
test_31653,cloudy
test_31654,partly_cloudy primary agriculture cultivation
test_31655,clear primary
test_31656,haze primary agriculture water
test_31657,clear primary
test_31658,partly_cloudy primary
test_31659,clear primary water
test_31660,clear primary
test_31661,haze primary
test_31662,partly_cloudy primary agriculture cultivation
test_31663,clear primary agriculture
test_31664,partly_cloudy primary agriculture habitation road
test_31665,clear primary
test_31666,cloudy
test_31667,clear primary agriculture road
test_31668,clear primary water
test_31669,clear primary habitation road
test_31670,partly_cloudy primary agriculture cultivation
test_31671,clear primary agriculture cultivation
test_31672,clear primary
test_31673,clear primary water bare_ground artisinal_mine
test_31674,clear partly_cloudy primary
test_31675,clear primary
test_31676,clear primary
test_31677,clear primary water bare_ground artisinal_mine
test_31678,haze primary water
test_31679,clear primary agriculture water bare_ground
test_31680,clear primary agriculture cultivation
test_31681,clear primary agriculture habitation road bare_ground
test_31682,clear primary agriculture water cultivation habitation
test_31683,clear primary agriculture water
test_31684,clear primary agriculture cultivation
test_31685,clear primary
test_31686,partly_cloudy primary
test_31687,clear primary agriculture water cultivation
test_31688,partly_cloudy primary
test_31689,clear primary
test_31690,clear primary
test_31691,clear primary
test_31692,clear primary
test_31693,clear primary
test_31694,clear primary
test_31695,clear primary agriculture cultivation habitation road
test_31696,clear primary
test_31697,clear primary
test_31698,clear haze primary
test_31699,cloudy
test_31700,clear primary agriculture road
test_31701,clear primary agriculture cultivation habitation road
test_31702,clear primary agriculture bare_ground
test_31703,clear primary agriculture water
test_31704,clear primary
test_31705,clear primary
test_31706,clear primary water road bare_ground artisinal_mine
test_31707,haze primary
test_31708,clear primary agriculture cultivation
test_31709,cloudy
test_31710,partly_cloudy primary
test_31711,clear primary
test_31712,partly_cloudy primary
test_31713,clear primary
test_31714,clear primary water road
test_31715,clear primary water bare_ground artisinal_mine
test_31716,partly_cloudy primary agriculture water
test_31717,clear primary agriculture
test_31718,clear primary agriculture water bare_ground
test_31719,clear primary agriculture water cultivation road
test_31720,clear primary agriculture cultivation habitation
test_31721,clear primary
test_31722,partly_cloudy primary agriculture cultivation
test_31723,clear primary agriculture water road
test_31724,partly_cloudy primary agriculture water cultivation habitation
test_31725,clear primary agriculture cultivation
test_31726,clear primary agriculture habitation road
test_31727,clear primary agriculture habitation road
test_31728,clear primary
test_31729,clear primary agriculture water
test_31730,clear primary
test_31731,partly_cloudy primary agriculture cultivation
test_31732,clear primary
test_31733,clear primary agriculture water cultivation road
test_31734,partly_cloudy primary agriculture road
test_31735,clear primary agriculture habitation road
test_31736,clear primary agriculture cultivation
test_31737,clear primary agriculture water cultivation
test_31738,partly_cloudy primary water
test_31739,clear primary
test_31740,clear primary
test_31741,partly_cloudy primary water
test_31742,clear primary
test_31743,clear primary
test_31744,clear primary agriculture road
test_31745,clear primary agriculture road
test_31746,partly_cloudy primary
test_31747,cloudy
test_31748,clear primary agriculture habitation road
test_31749,clear primary agriculture cultivation road
test_31750,clear haze primary agriculture cultivation
test_31751,clear primary agriculture cultivation
test_31752,cloudy
test_31753,clear primary
test_31754,clear primary
test_31755,clear primary
test_31756,clear primary
test_31757,clear primary
test_31758,clear haze primary agriculture
test_31759,partly_cloudy cloudy primary agriculture water road
test_31760,partly_cloudy primary agriculture water
test_31761,clear primary agriculture habitation road
test_31762,clear primary
test_31763,clear primary water road
test_31764,clear primary agriculture water
test_31765,clear primary
test_31766,clear primary
test_31767,clear primary
test_31768,haze partly_cloudy primary agriculture water road
test_31769,partly_cloudy primary
test_31770,clear primary agriculture water
test_31771,clear primary agriculture water cultivation
test_31772,clear primary
test_31773,clear primary
test_31774,partly_cloudy primary
test_31775,clear partly_cloudy primary
test_31776,clear primary
test_31777,clear primary
test_31778,clear primary
test_31779,clear haze primary
test_31780,haze cloudy water
test_31781,clear primary agriculture habitation road
test_31782,clear primary agriculture habitation road
test_31783,clear primary
test_31784,cloudy
test_31785,clear primary water
test_31786,clear partly_cloudy primary agriculture water cultivation
test_31787,clear primary water road
test_31788,clear primary
test_31789,clear primary water road
test_31790,clear primary
test_31791,clear partly_cloudy primary
test_31792,haze cloudy primary
test_31793,clear primary
test_31794,clear primary agriculture cultivation habitation road
test_31795,clear primary agriculture habitation road
test_31796,partly_cloudy primary
test_31797,clear primary
test_31798,clear primary agriculture cultivation
test_31799,clear primary agriculture road
test_31800,clear primary
test_31801,haze primary
test_31802,clear primary
test_31803,clear primary
test_31804,partly_cloudy primary agriculture road
test_31805,haze cloudy
test_31806,haze cloudy primary
test_31807,clear primary water
test_31808,clear haze primary
test_31809,clear primary
test_31810,clear primary agriculture cultivation road
test_31811,clear primary agriculture cultivation road
test_31812,clear primary
test_31813,clear haze primary
test_31814,clear primary
test_31815,clear haze primary
test_31816,partly_cloudy primary agriculture road
test_31817,clear primary
test_31818,partly_cloudy primary agriculture cultivation
test_31819,clear primary
test_31820,clear primary
test_31821,clear primary agriculture cultivation
test_31822,clear primary
test_31823,clear primary
test_31824,clear primary agriculture water road
test_31825,clear primary agriculture cultivation
test_31826,partly_cloudy primary
test_31827,clear primary
test_31828,clear cloudy water
test_31829,partly_cloudy primary agriculture
test_31830,clear primary agriculture habitation road
test_31831,partly_cloudy primary
test_31832,clear primary agriculture road
test_31833,clear primary agriculture water habitation road
test_31834,clear primary agriculture cultivation
test_31835,clear primary agriculture cultivation habitation road
test_31836,partly_cloudy primary
test_31837,clear primary agriculture cultivation
test_31838,haze cloudy
test_31839,clear primary
test_31840,clear partly_cloudy primary
test_31841,clear primary agriculture cultivation habitation road
test_31842,clear haze primary
test_31843,clear primary
test_31844,clear primary
test_31845,haze primary water
test_31846,haze cloudy primary
test_31847,haze cloudy
test_31848,partly_cloudy primary agriculture habitation road
test_31849,clear primary
test_31850,cloudy
test_31851,clear primary
test_31852,clear primary
test_31853,partly_cloudy primary
test_31854,clear haze primary
test_31855,clear primary
test_31856,haze primary
test_31857,clear primary
test_31858,clear primary habitation road
test_31859,clear cloudy primary water
test_31860,clear primary agriculture cultivation
test_31861,clear primary agriculture water cultivation habitation road
test_31862,clear primary
test_31863,clear primary water
test_31864,clear primary agriculture cultivation
test_31865,clear primary
test_31866,clear primary
test_31867,haze primary
test_31868,clear primary agriculture water cultivation habitation road
test_31869,cloudy
test_31870,partly_cloudy primary
test_31871,clear primary agriculture water habitation road
test_31872,clear primary
test_31873,clear partly_cloudy primary agriculture water
test_31874,clear primary
test_31875,cloudy
test_31876,clear primary agriculture cultivation
test_31877,clear primary
test_31878,clear primary agriculture road
test_31879,clear primary agriculture habitation road
test_31880,clear primary
test_31881,clear primary
test_31882,clear primary
test_31883,clear primary
test_31884,cloudy
test_31885,clear primary
test_31886,clear primary
test_31887,clear primary agriculture water habitation road
test_31888,clear primary agriculture road
test_31889,clear haze primary
test_31890,haze primary
test_31891,clear primary agriculture road
test_31892,partly_cloudy primary agriculture cultivation road
test_31893,clear primary
test_31894,partly_cloudy primary
test_31895,clear primary
test_31896,clear primary agriculture cultivation habitation road
test_31897,clear primary agriculture road
test_31898,clear primary
test_31899,partly_cloudy primary
test_31900,clear primary agriculture habitation road
test_31901,clear primary agriculture road
test_31902,haze primary
test_31903,partly_cloudy primary agriculture water road
test_31904,clear primary
test_31905,clear primary
test_31906,clear primary
test_31907,clear primary
test_31908,clear primary agriculture cultivation road
test_31909,clear haze primary agriculture cultivation
test_31910,partly_cloudy primary
test_31911,clear primary agriculture water road
test_31912,partly_cloudy primary
test_31913,clear primary
test_31914,clear primary agriculture cultivation
test_31915,clear primary
test_31916,partly_cloudy primary agriculture cultivation road
test_31917,partly_cloudy primary
test_31918,clear primary
test_31919,clear primary agriculture water
test_31920,partly_cloudy primary agriculture
test_31921,clear primary
test_31922,clear primary water
test_31923,clear primary
test_31924,partly_cloudy primary agriculture
test_31925,clear primary
test_31926,partly_cloudy primary agriculture
test_31927,clear primary agriculture cultivation
test_31928,clear haze primary
test_31929,clear primary agriculture water habitation road
test_31930,clear primary
test_31931,clear haze primary agriculture water road
test_31932,partly_cloudy primary
test_31933,clear primary agriculture habitation road
test_31934,clear primary agriculture water bare_ground
test_31935,clear primary agriculture road
test_31936,clear primary
test_31937,clear primary
test_31938,clear primary
test_31939,clear primary agriculture road
test_31940,clear primary
test_31941,clear haze primary agriculture water road
test_31942,clear primary agriculture habitation road bare_ground
test_31943,clear primary
test_31944,clear primary agriculture cultivation habitation
test_31945,clear primary agriculture road
test_31946,clear primary
test_31947,clear primary agriculture cultivation road
test_31948,clear partly_cloudy primary
test_31949,clear primary
test_31950,clear haze primary agriculture water road
test_31951,clear primary agriculture cultivation
test_31952,clear partly_cloudy primary water road artisinal_mine selective_logging
test_31953,clear primary water
test_31954,clear primary water
test_31955,clear primary
test_31956,clear primary
test_31957,cloudy
test_31958,partly_cloudy primary
test_31959,clear primary
test_31960,partly_cloudy primary
test_31961,clear primary agriculture
test_31962,clear primary
test_31963,clear primary
test_31964,clear primary
test_31965,clear primary agriculture cultivation
test_31966,clear primary agriculture cultivation habitation road
test_31967,partly_cloudy primary
test_31968,partly_cloudy primary
test_31969,clear primary
test_31970,clear primary agriculture water
test_31971,partly_cloudy primary agriculture road
test_31972,clear primary
test_31973,partly_cloudy primary
test_31974,haze primary agriculture water
test_31975,cloudy
test_31976,partly_cloudy primary agriculture
test_31977,clear primary
test_31978,clear primary agriculture cultivation road
test_31979,clear haze primary agriculture habitation road
test_31980,clear primary agriculture water habitation road
test_31981,clear haze primary agriculture habitation road
test_31982,clear primary
test_31983,clear primary habitation road
test_31984,haze primary agriculture cultivation
test_31985,haze cloudy primary
test_31986,clear primary
test_31987,clear primary
test_31988,partly_cloudy primary agriculture habitation road
test_31989,clear primary
test_31990,clear primary agriculture cultivation road
test_31991,clear primary agriculture habitation road
test_31992,clear cloudy primary water
test_31993,clear primary
test_31994,clear primary
test_31995,clear primary agriculture water cultivation
test_31996,clear primary
test_31997,clear primary
test_31998,clear primary agriculture water cultivation
test_31999,partly_cloudy primary agriculture
test_32000,clear primary agriculture cultivation habitation road
test_32001,clear primary
test_32002,clear primary agriculture cultivation
test_32003,clear primary
test_32004,clear primary agriculture water
test_32005,partly_cloudy primary water
test_32006,clear primary agriculture cultivation habitation road
test_32007,clear primary cultivation
test_32008,clear primary
test_32009,clear primary
test_32010,clear primary agriculture water cultivation habitation road
test_32011,haze primary agriculture water road
test_32012,clear haze primary
test_32013,clear primary
test_32014,partly_cloudy primary
test_32015,clear primary agriculture road
test_32016,clear primary
test_32017,clear primary
test_32018,clear primary agriculture water cultivation
test_32019,clear primary road selective_logging
test_32020,clear primary
test_32021,partly_cloudy cloudy primary
test_32022,clear primary
test_32023,clear primary
test_32024,clear haze cloudy water
test_32025,clear primary water road
test_32026,cloudy
test_32027,clear primary
test_32028,partly_cloudy primary
test_32029,clear primary agriculture road
test_32030,partly_cloudy primary
test_32031,clear primary
test_32032,clear primary agriculture cultivation
test_32033,clear primary agriculture road
test_32034,partly_cloudy cloudy primary
test_32035,partly_cloudy primary
test_32036,clear partly_cloudy primary agriculture
test_32037,clear primary
test_32038,partly_cloudy primary agriculture
test_32039,clear primary agriculture cultivation
test_32040,clear primary agriculture cultivation road
test_32041,clear partly_cloudy primary agriculture water bare_ground
test_32042,clear primary agriculture cultivation
test_32043,clear primary agriculture cultivation habitation
test_32044,clear primary
test_32045,clear primary agriculture cultivation road
test_32046,clear primary agriculture cultivation habitation road
test_32047,clear primary
test_32048,clear primary
test_32049,clear primary agriculture cultivation road
test_32050,clear primary agriculture cultivation
test_32051,clear primary agriculture water habitation road
test_32052,clear primary agriculture cultivation
test_32053,clear primary
test_32054,haze primary agriculture cultivation
test_32055,partly_cloudy primary agriculture
test_32056,cloudy
test_32057,partly_cloudy primary
test_32058,partly_cloudy primary agriculture habitation road
test_32059,haze primary
test_32060,clear primary
test_32061,partly_cloudy primary
test_32062,clear primary agriculture road
test_32063,clear cloudy water
test_32064,clear primary
test_32065,clear primary water
test_32066,clear primary
test_32067,clear primary
test_32068,cloudy
test_32069,clear primary agriculture cultivation habitation road
test_32070,clear primary water
test_32071,clear primary agriculture cultivation
test_32072,clear primary water road
test_32073,clear primary
test_32074,clear primary
test_32075,cloudy
test_32076,partly_cloudy primary agriculture water cultivation habitation road
test_32077,clear primary
test_32078,clear primary
test_32079,clear primary agriculture cultivation habitation
test_32080,clear primary agriculture
test_32081,clear partly_cloudy primary agriculture water road
test_32082,clear primary water
test_32083,haze primary agriculture
test_32084,partly_cloudy primary
test_32085,clear partly_cloudy primary agriculture cultivation
test_32086,partly_cloudy primary agriculture road
test_32087,clear partly_cloudy primary agriculture cultivation
test_32088,clear primary agriculture cultivation habitation
test_32089,partly_cloudy primary
test_32090,clear primary agriculture water road
test_32091,clear primary agriculture cultivation habitation road
test_32092,clear primary
test_32093,partly_cloudy primary
test_32094,clear primary agriculture cultivation habitation road
test_32095,clear primary
test_32096,clear primary agriculture cultivation habitation road
test_32097,clear primary agriculture habitation road selective_logging
test_32098,clear primary
test_32099,clear primary
test_32100,partly_cloudy primary
test_32101,clear primary water
test_32102,haze cloudy primary
test_32103,partly_cloudy primary
test_32104,partly_cloudy primary
test_32105,clear haze primary
test_32106,clear primary
test_32107,clear primary
test_32108,clear primary
test_32109,clear primary
test_32110,clear primary
test_32111,clear primary
test_32112,haze cloudy
test_32113,clear primary agriculture water cultivation
test_32114,clear primary agriculture road
test_32115,clear primary agriculture water road
test_32116,clear primary
test_32117,clear primary
test_32118,clear primary agriculture habitation road
test_32119,clear primary
test_32120,clear primary
test_32121,clear primary water road
test_32122,clear primary agriculture water cultivation
test_32123,clear primary
test_32124,clear primary agriculture cultivation
test_32125,clear primary water road bare_ground artisinal_mine
test_32126,clear primary
test_32127,clear primary agriculture cultivation
test_32128,clear primary agriculture water road
test_32129,partly_cloudy primary agriculture water
test_32130,clear primary agriculture
test_32131,partly_cloudy primary
test_32132,cloudy
test_32133,clear primary
test_32134,clear primary
test_32135,haze primary
test_32136,clear primary
test_32137,clear primary agriculture water habitation
test_32138,partly_cloudy primary agriculture cultivation
test_32139,clear primary agriculture cultivation road
test_32140,clear primary agriculture road
test_32141,haze primary agriculture water
test_32142,clear primary
test_32143,clear primary agriculture road
test_32144,clear primary agriculture cultivation road
test_32145,clear primary
test_32146,cloudy
test_32147,haze primary water
test_32148,partly_cloudy primary water
test_32149,clear primary
test_32150,partly_cloudy primary
test_32151,clear haze primary agriculture water
test_32152,clear primary
test_32153,clear primary agriculture water
test_32154,clear primary
test_32155,clear primary agriculture cultivation
test_32156,clear primary
test_32157,clear primary
test_32158,clear partly_cloudy primary agriculture water
test_32159,partly_cloudy primary
test_32160,partly_cloudy primary
test_32161,clear primary
test_32162,clear primary
test_32163,haze cloudy primary
test_32164,clear primary
test_32165,clear primary
test_32166,clear primary habitation road
test_32167,clear primary
test_32168,clear primary
test_32169,clear primary agriculture water cultivation
test_32170,clear primary agriculture cultivation
test_32171,haze cloudy primary
test_32172,haze cloudy primary
test_32173,clear primary agriculture cultivation road
test_32174,clear primary
test_32175,clear partly_cloudy primary agriculture cultivation
test_32176,clear primary water road
test_32177,clear primary
test_32178,haze cloudy primary
test_32179,clear primary
test_32180,clear primary agriculture water cultivation
test_32181,haze primary water
test_32182,clear primary
test_32183,clear primary
test_32184,clear primary
test_32185,clear primary
test_32186,clear primary agriculture cultivation habitation
test_32187,clear primary agriculture water cultivation road
test_32188,clear primary agriculture water bare_ground
test_32189,clear partly_cloudy primary agriculture cultivation habitation road
test_32190,haze primary
test_32191,clear primary agriculture cultivation
test_32192,clear primary agriculture cultivation
test_32193,clear primary agriculture habitation road
test_32194,clear primary
test_32195,clear primary
test_32196,clear primary
test_32197,clear primary
test_32198,clear primary agriculture cultivation habitation road
test_32199,clear primary
test_32200,clear primary
test_32201,clear primary
test_32202,clear primary agriculture cultivation
test_32203,clear primary agriculture road
test_32204,clear primary agriculture habitation road
test_32205,clear primary
test_32206,clear primary
test_32207,clear primary water
test_32208,clear primary water
test_32209,clear haze primary
test_32210,clear primary agriculture habitation road
test_32211,clear haze primary water
test_32212,clear primary
test_32213,haze cloudy primary
test_32214,partly_cloudy primary
test_32215,clear primary agriculture road
test_32216,partly_cloudy primary agriculture cultivation
test_32217,clear primary agriculture cultivation road
test_32218,clear primary
test_32219,clear primary agriculture cultivation
test_32220,clear primary agriculture cultivation
test_32221,clear primary
test_32222,clear primary agriculture road
test_32223,clear primary
test_32224,cloudy
test_32225,clear primary
test_32226,clear primary agriculture water cultivation road
test_32227,clear primary
test_32228,clear primary agriculture road
test_32229,partly_cloudy primary agriculture road
test_32230,partly_cloudy cloudy primary agriculture water
test_32231,clear primary
test_32232,clear primary
test_32233,clear haze primary agriculture cultivation habitation
test_32234,clear primary agriculture habitation road
test_32235,clear primary
test_32236,clear primary agriculture habitation road
test_32237,clear primary
test_32238,clear primary
test_32239,clear primary agriculture cultivation
test_32240,clear primary agriculture cultivation road
test_32241,clear primary agriculture water cultivation habitation road
test_32242,haze partly_cloudy cloudy primary
test_32243,clear partly_cloudy primary
test_32244,clear primary agriculture road
test_32245,partly_cloudy primary
test_32246,haze partly_cloudy cloudy primary
test_32247,clear primary
test_32248,clear primary agriculture habitation road
test_32249,clear primary agriculture water
test_32250,clear primary agriculture cultivation habitation
test_32251,clear primary agriculture road
test_32252,clear primary agriculture water
test_32253,clear primary
test_32254,clear haze primary
test_32255,partly_cloudy primary
test_32256,clear primary agriculture cultivation
test_32257,clear partly_cloudy primary water road
test_32258,partly_cloudy primary
test_32259,clear haze primary agriculture water habitation
test_32260,clear primary agriculture road
test_32261,clear primary
test_32262,clear primary
test_32263,clear primary water bare_ground artisinal_mine
test_32264,clear primary agriculture
test_32265,cloudy
test_32266,haze cloudy primary
test_32267,clear cloudy water
test_32268,cloudy
test_32269,partly_cloudy primary
test_32270,clear primary
test_32271,haze cloudy primary
test_32272,clear primary agriculture road
test_32273,clear primary agriculture road
test_32274,clear primary
test_32275,clear primary water
test_32276,clear primary
test_32277,partly_cloudy primary agriculture habitation road
test_32278,clear primary
test_32279,clear primary
test_32280,clear primary agriculture cultivation
test_32281,partly_cloudy primary
test_32282,clear primary
test_32283,clear primary water
test_32284,clear primary water
test_32285,clear primary agriculture habitation road
test_32286,haze primary
test_32287,clear primary agriculture cultivation
test_32288,clear primary agriculture cultivation habitation road
test_32289,clear primary
test_32290,clear primary
test_32291,clear primary agriculture road bare_ground
test_32292,cloudy primary water
test_32293,clear primary
test_32294,clear primary agriculture water cultivation habitation road
test_32295,clear primary water road artisinal_mine selective_logging
test_32296,clear primary agriculture water
test_32297,partly_cloudy primary water road
test_32298,clear primary
test_32299,cloudy
test_32300,clear primary agriculture cultivation
test_32301,clear primary water
test_32302,partly_cloudy primary
test_32303,clear primary agriculture water cultivation habitation
test_32304,haze cloudy primary
test_32305,clear primary
test_32306,partly_cloudy primary agriculture road
test_32307,clear primary
test_32308,clear primary
test_32309,clear primary
test_32310,clear primary agriculture road
test_32311,clear primary water artisinal_mine
test_32312,clear primary
test_32313,clear primary agriculture water cultivation
test_32314,clear primary
test_32315,clear primary agriculture habitation road
test_32316,clear primary
test_32317,clear primary
test_32318,clear primary water
test_32319,clear primary agriculture water
test_32320,clear primary
test_32321,clear primary
test_32322,clear primary agriculture cultivation road
test_32323,clear primary agriculture water road
test_32324,clear primary
test_32325,clear primary
test_32326,clear primary agriculture
test_32327,partly_cloudy primary agriculture cultivation
test_32328,clear primary
test_32329,clear primary
test_32330,clear haze primary
test_32331,clear primary
test_32332,clear haze primary agriculture water
test_32333,partly_cloudy primary agriculture road
test_32334,clear primary
test_32335,clear primary agriculture cultivation habitation
test_32336,clear primary
test_32337,clear primary
test_32338,clear primary
test_32339,clear primary agriculture road bare_ground
test_32340,clear primary agriculture road
test_32341,clear primary
test_32342,partly_cloudy primary
test_32343,clear primary agriculture habitation road
test_32344,clear primary agriculture water
test_32345,clear primary
test_32346,partly_cloudy primary agriculture cultivation road
test_32347,clear primary
test_32348,clear primary
test_32349,partly_cloudy primary
test_32350,cloudy
test_32351,clear cloudy water
test_32352,clear primary
test_32353,clear partly_cloudy primary agriculture cultivation habitation
test_32354,partly_cloudy primary
test_32355,clear partly_cloudy primary agriculture road
test_32356,cloudy
test_32357,partly_cloudy primary agriculture cultivation road
test_32358,clear primary
test_32359,clear primary
test_32360,clear primary
test_32361,clear partly_cloudy primary
test_32362,clear primary agriculture water
test_32363,cloudy
test_32364,clear primary
test_32365,clear primary
test_32366,clear primary agriculture cultivation
test_32367,clear primary
test_32368,clear primary agriculture water road
test_32369,clear primary
test_32370,clear primary agriculture road bare_ground
test_32371,haze primary water
test_32372,cloudy
test_32373,clear primary
test_32374,clear primary
test_32375,clear primary
test_32376,clear primary
test_32377,clear primary agriculture cultivation road
test_32378,clear primary
test_32379,clear primary
test_32380,clear primary water
test_32381,clear primary agriculture habitation road
test_32382,clear primary water road
test_32383,cloudy
test_32384,clear primary
test_32385,partly_cloudy primary
test_32386,clear haze primary agriculture water cultivation road
test_32387,partly_cloudy primary agriculture habitation road
test_32388,clear primary
test_32389,clear primary agriculture cultivation road
test_32390,clear haze primary agriculture road
test_32391,clear primary agriculture habitation road bare_ground
test_32392,cloudy
test_32393,haze primary
test_32394,partly_cloudy primary
test_32395,clear primary agriculture water cultivation habitation road
test_32396,partly_cloudy primary agriculture water cultivation
test_32397,partly_cloudy primary
test_32398,clear primary agriculture road
test_32399,cloudy
test_32400,clear primary agriculture water
test_32401,cloudy
test_32402,partly_cloudy primary agriculture
test_32403,clear primary agriculture habitation road
test_32404,clear haze primary
test_32405,clear primary agriculture water
test_32406,clear primary agriculture
test_32407,partly_cloudy primary
test_32408,clear primary water road
test_32409,clear primary agriculture cultivation habitation
test_32410,clear primary agriculture water cultivation
test_32411,clear primary agriculture road
test_32412,clear primary agriculture
test_32413,clear primary agriculture water road
test_32414,clear primary agriculture road
test_32415,clear haze primary
test_32416,clear primary
test_32417,clear primary agriculture road
test_32418,clear primary agriculture habitation road bare_ground
test_32419,clear primary
test_32420,clear primary agriculture habitation road
test_32421,partly_cloudy primary
test_32422,clear primary agriculture water habitation road
test_32423,clear primary agriculture habitation road
test_32424,clear primary agriculture road
test_32425,partly_cloudy primary agriculture road
test_32426,clear primary agriculture
test_32427,cloudy
test_32428,clear partly_cloudy primary agriculture cultivation habitation road
test_32429,clear primary
test_32430,clear primary
test_32431,clear primary
test_32432,clear primary agriculture cultivation
test_32433,clear primary water
test_32434,clear primary agriculture cultivation road bare_ground
test_32435,clear primary
test_32436,haze cloudy primary
test_32437,haze cloudy primary
test_32438,clear primary agriculture cultivation habitation road
test_32439,clear primary
test_32440,clear primary
test_32441,partly_cloudy primary
test_32442,clear primary
test_32443,clear primary
test_32444,clear primary
test_32445,clear primary agriculture habitation road
test_32446,partly_cloudy cloudy primary
test_32447,clear primary agriculture water cultivation
test_32448,clear haze primary agriculture water road
test_32449,clear primary
test_32450,clear haze primary
test_32451,partly_cloudy primary agriculture
test_32452,partly_cloudy primary
test_32453,clear primary
test_32454,partly_cloudy primary agriculture water road
test_32455,clear primary
test_32456,clear primary
test_32457,clear primary
test_32458,partly_cloudy primary
test_32459,clear primary
test_32460,clear primary water
test_32461,clear primary agriculture cultivation
test_32462,clear primary agriculture cultivation
test_32463,clear primary agriculture road bare_ground
test_32464,clear primary
test_32465,clear primary agriculture water
test_32466,clear primary
test_32467,clear primary
test_32468,clear primary agriculture water
test_32469,clear primary water road selective_logging
test_32470,haze cloudy primary road
test_32471,clear primary
test_32472,partly_cloudy primary
test_32473,clear primary
test_32474,clear primary agriculture cultivation
test_32475,clear primary agriculture water
test_32476,clear cloudy water
test_32477,clear primary
test_32478,clear primary agriculture
test_32479,clear primary water road
test_32480,clear partly_cloudy primary agriculture water road
test_32481,clear primary agriculture road bare_ground
test_32482,clear primary
test_32483,clear primary
test_32484,partly_cloudy primary
test_32485,clear primary agriculture cultivation habitation
test_32486,clear primary
test_32487,clear primary
test_32488,clear primary agriculture habitation road
test_32489,clear primary
test_32490,clear primary agriculture cultivation road
test_32491,clear primary
test_32492,clear primary
test_32493,clear primary
test_32494,clear primary
test_32495,clear primary
test_32496,clear primary
test_32497,clear primary
test_32498,clear primary
test_32499,clear primary
test_32500,clear primary agriculture habitation road
test_32501,partly_cloudy primary agriculture habitation road
test_32502,cloudy
test_32503,clear haze primary
test_32504,clear primary agriculture habitation road
test_32505,clear primary
test_32506,haze primary water
test_32507,clear primary
test_32508,clear primary water
test_32509,cloudy
test_32510,clear primary
test_32511,clear primary
test_32512,partly_cloudy primary agriculture
test_32513,clear primary agriculture cultivation
test_32514,clear primary water
test_32515,clear primary
test_32516,clear primary
test_32517,haze primary
test_32518,clear primary
test_32519,clear primary
test_32520,clear primary
test_32521,clear primary agriculture habitation road
test_32522,clear primary
test_32523,clear haze primary agriculture
test_32524,clear primary
test_32525,partly_cloudy primary agriculture water road
test_32526,clear primary
test_32527,clear primary
test_32528,clear primary
test_32529,clear primary
test_32530,clear primary
test_32531,clear primary agriculture cultivation
test_32532,clear primary
test_32533,clear primary agriculture water cultivation road
test_32534,clear primary
test_32535,clear primary
test_32536,clear primary water
test_32537,partly_cloudy primary agriculture cultivation road
test_32538,clear primary water
test_32539,clear primary agriculture water road
test_32540,clear primary agriculture cultivation habitation road
test_32541,partly_cloudy primary
test_32542,clear primary agriculture road
test_32543,clear primary
test_32544,clear primary
test_32545,clear cloudy primary water
test_32546,clear haze primary agriculture road
test_32547,clear primary
test_32548,clear primary
test_32549,partly_cloudy primary
test_32550,partly_cloudy primary water
test_32551,clear primary agriculture cultivation
test_32552,clear primary
test_32553,clear primary agriculture cultivation habitation
test_32554,clear primary
test_32555,clear primary water
test_32556,clear primary agriculture
test_32557,clear primary
test_32558,clear primary
test_32559,clear primary
test_32560,clear cloudy water
test_32561,clear primary agriculture habitation road
test_32562,clear primary agriculture road
test_32563,partly_cloudy primary
test_32564,clear primary
test_32565,clear primary agriculture habitation road
test_32566,clear primary
test_32567,haze cloudy primary
test_32568,clear primary
test_32569,clear primary
test_32570,clear primary water
test_32571,clear primary agriculture water cultivation
test_32572,clear primary
test_32573,clear partly_cloudy primary agriculture cultivation
test_32574,clear primary water
test_32575,clear primary cultivation
test_32576,clear primary
test_32577,clear primary agriculture road
test_32578,clear primary agriculture water road bare_ground
test_32579,clear primary
test_32580,clear primary
test_32581,clear primary
test_32582,clear primary agriculture cultivation
test_32583,clear primary agriculture habitation road
test_32584,clear haze primary agriculture road
test_32585,clear primary
test_32586,partly_cloudy primary agriculture water
test_32587,clear primary
test_32588,clear primary
test_32589,clear primary
test_32590,clear primary agriculture cultivation road
test_32591,clear primary agriculture cultivation
test_32592,clear primary
test_32593,haze primary
test_32594,clear primary agriculture cultivation
test_32595,cloudy
test_32596,clear primary
test_32597,partly_cloudy primary
test_32598,clear primary agriculture cultivation
test_32599,clear primary agriculture cultivation
test_32600,clear primary
test_32601,partly_cloudy primary
test_32602,clear primary
test_32603,clear primary
test_32604,partly_cloudy primary water
test_32605,partly_cloudy primary agriculture cultivation
test_32606,clear haze primary agriculture water cultivation habitation
test_32607,clear partly_cloudy primary agriculture cultivation
test_32608,clear primary agriculture cultivation road
test_32609,clear primary agriculture habitation road
test_32610,clear primary
test_32611,clear primary agriculture water bare_ground
test_32612,clear primary water bare_ground artisinal_mine
test_32613,clear primary agriculture water cultivation habitation road
test_32614,cloudy
test_32615,partly_cloudy primary water
test_32616,haze cloudy primary
test_32617,partly_cloudy primary
test_32618,clear haze primary water
test_32619,clear primary
test_32620,partly_cloudy primary
test_32621,clear primary
test_32622,clear primary agriculture cultivation road
test_32623,partly_cloudy primary agriculture cultivation
test_32624,clear partly_cloudy primary agriculture
test_32625,clear primary
test_32626,partly_cloudy primary
test_32627,clear cloudy primary water
test_32628,clear primary
test_32629,clear primary
test_32630,clear primary agriculture
test_32631,partly_cloudy primary water road
test_32632,clear primary
test_32633,clear partly_cloudy primary
test_32634,clear primary
test_32635,clear primary water
test_32636,haze cloudy primary
test_32637,clear primary agriculture cultivation
test_32638,clear primary
test_32639,clear primary agriculture cultivation
test_32640,clear primary agriculture cultivation habitation road
test_32641,partly_cloudy primary agriculture habitation road
test_32642,clear primary
test_32643,clear primary water bare_ground artisinal_mine
test_32644,partly_cloudy primary
test_32645,partly_cloudy primary
test_32646,clear primary
test_32647,clear primary water
test_32648,clear primary agriculture habitation road
test_32649,partly_cloudy primary agriculture road
test_32650,clear primary agriculture road
test_32651,clear primary
test_32652,clear primary agriculture habitation road
test_32653,cloudy
test_32654,clear haze primary agriculture cultivation habitation
test_32655,clear primary water
test_32656,partly_cloudy primary
test_32657,clear primary agriculture cultivation
test_32658,clear primary
test_32659,clear primary agriculture cultivation road
test_32660,partly_cloudy primary agriculture cultivation road
test_32661,clear primary agriculture water cultivation habitation bare_ground artisinal_mine
test_32662,clear primary
test_32663,partly_cloudy primary
test_32664,partly_cloudy cloudy primary agriculture
test_32665,partly_cloudy primary agriculture water cultivation
test_32666,partly_cloudy primary agriculture cultivation
test_32667,clear primary
test_32668,clear primary water
test_32669,partly_cloudy cloudy primary
test_32670,clear primary
test_32671,clear primary
test_32672,clear primary water habitation road conventional_mine bare_ground artisinal_mine
test_32673,clear primary agriculture water habitation road bare_ground
test_32674,partly_cloudy primary agriculture cultivation road
test_32675,clear partly_cloudy primary water
test_32676,partly_cloudy primary
test_32677,partly_cloudy primary agriculture cultivation habitation road
test_32678,partly_cloudy primary
test_32679,partly_cloudy primary
test_32680,partly_cloudy primary
test_32681,clear primary agriculture water habitation road
test_32682,partly_cloudy primary
test_32683,clear primary
test_32684,clear primary agriculture water
test_32685,cloudy
test_32686,clear partly_cloudy primary agriculture road
test_32687,clear haze primary
test_32688,clear primary agriculture road bare_ground
test_32689,clear primary
test_32690,clear primary
test_32691,clear primary agriculture road
test_32692,clear primary
test_32693,clear partly_cloudy primary agriculture road
test_32694,clear primary agriculture cultivation
test_32695,clear primary agriculture cultivation
test_32696,clear primary
test_32697,haze cloudy
test_32698,clear primary
test_32699,clear primary agriculture
test_32700,clear primary
test_32701,clear primary agriculture cultivation
test_32702,partly_cloudy primary agriculture cultivation
test_32703,clear primary
test_32704,clear primary agriculture water
test_32705,clear primary
test_32706,partly_cloudy primary
test_32707,partly_cloudy primary
test_32708,clear partly_cloudy primary
test_32709,clear primary agriculture cultivation
test_32710,partly_cloudy cloudy primary
test_32711,clear primary agriculture road bare_ground
test_32712,cloudy
test_32713,clear primary
test_32714,clear primary cultivation
test_32715,clear primary agriculture water cultivation
test_32716,clear primary agriculture cultivation
test_32717,clear primary agriculture water road
test_32718,clear primary agriculture cultivation habitation road
test_32719,clear partly_cloudy primary agriculture water cultivation road
test_32720,partly_cloudy primary
test_32721,partly_cloudy primary agriculture
test_32722,clear primary
test_32723,clear primary agriculture habitation road
test_32724,clear primary
test_32725,clear primary
test_32726,clear primary
test_32727,clear primary
test_32728,clear primary
test_32729,clear primary
test_32730,clear primary agriculture water habitation road
test_32731,clear primary agriculture cultivation road
test_32732,partly_cloudy primary agriculture water road
test_32733,partly_cloudy primary agriculture road
test_32734,clear haze primary
test_32735,clear haze primary agriculture road
test_32736,clear primary
test_32737,partly_cloudy primary agriculture cultivation
test_32738,clear primary agriculture habitation road
test_32739,clear primary
test_32740,clear partly_cloudy primary
test_32741,clear partly_cloudy primary
test_32742,partly_cloudy primary agriculture road
test_32743,partly_cloudy primary agriculture road
test_32744,clear primary agriculture cultivation habitation road
test_32745,clear primary agriculture road
test_32746,clear primary
test_32747,clear primary
test_32748,clear primary
test_32749,clear partly_cloudy primary
test_32750,clear primary agriculture cultivation
test_32751,clear primary
test_32752,partly_cloudy primary
test_32753,clear primary
test_32754,clear primary
test_32755,clear primary water conventional_mine bare_ground artisinal_mine
test_32756,haze partly_cloudy primary
test_32757,clear primary
test_32758,clear primary
test_32759,clear partly_cloudy primary water
test_32760,partly_cloudy primary
test_32761,clear primary
test_32762,clear haze primary agriculture water habitation road
test_32763,partly_cloudy primary
test_32764,clear haze primary agriculture water road
test_32765,partly_cloudy primary
test_32766,clear haze primary agriculture road
test_32767,clear primary agriculture water road
test_32768,partly_cloudy primary agriculture cultivation
test_32769,clear primary
test_32770,partly_cloudy primary
test_32771,clear primary water
test_32772,clear primary
test_32773,clear primary water
test_32774,clear primary
test_32775,haze cloudy primary
test_32776,clear primary water road
test_32777,clear primary
test_32778,clear primary agriculture water habitation road
test_32779,clear primary agriculture road
test_32780,clear primary agriculture
test_32781,partly_cloudy primary
test_32782,clear haze primary
test_32783,clear primary
test_32784,clear primary water
test_32785,clear primary agriculture cultivation
test_32786,clear primary
test_32787,cloudy
test_32788,clear primary
test_32789,clear primary
test_32790,clear primary agriculture road bare_ground
test_32791,clear primary
test_32792,clear primary
test_32793,clear primary
test_32794,clear primary
test_32795,clear primary
test_32796,cloudy
test_32797,cloudy
test_32798,clear primary
test_32799,clear primary agriculture habitation road bare_ground
test_32800,clear primary
test_32801,clear primary
test_32802,clear primary agriculture cultivation habitation road
test_32803,clear primary water
test_32804,clear primary
test_32805,clear primary
test_32806,clear primary agriculture water cultivation habitation
test_32807,clear primary
test_32808,partly_cloudy primary
test_32809,clear primary
test_32810,partly_cloudy primary agriculture cultivation habitation road
test_32811,clear primary
test_32812,clear primary agriculture water cultivation road
test_32813,clear primary agriculture cultivation habitation
test_32814,clear primary agriculture road
test_32815,clear primary
test_32816,clear primary agriculture cultivation
test_32817,partly_cloudy primary agriculture road
test_32818,clear primary agriculture habitation road bare_ground
test_32819,partly_cloudy primary agriculture cultivation
test_32820,clear haze primary
test_32821,clear primary
test_32822,clear primary agriculture cultivation habitation road
test_32823,clear primary agriculture water bare_ground
test_32824,clear primary
test_32825,partly_cloudy primary
test_32826,clear primary
test_32827,clear primary
test_32828,clear partly_cloudy primary agriculture road
test_32829,clear primary water
test_32830,partly_cloudy primary
test_32831,clear primary agriculture cultivation habitation
test_32832,clear primary
test_32833,clear primary agriculture water road
test_32834,clear primary
test_32835,clear primary water
test_32836,clear primary
test_32837,partly_cloudy primary agriculture cultivation habitation
test_32838,clear primary
test_32839,clear primary agriculture cultivation
test_32840,clear partly_cloudy primary agriculture cultivation
test_32841,clear primary
test_32842,clear primary agriculture cultivation
test_32843,clear primary
test_32844,clear primary
test_32845,clear primary agriculture habitation road
test_32846,clear primary
test_32847,clear primary
test_32848,partly_cloudy primary agriculture
test_32849,clear primary agriculture road
test_32850,clear primary water
test_32851,clear primary water road
test_32852,clear primary
test_32853,haze partly_cloudy primary agriculture cultivation
test_32854,clear primary
test_32855,clear primary road
test_32856,clear partly_cloudy primary
test_32857,partly_cloudy primary agriculture water cultivation
test_32858,clear primary
test_32859,clear primary water bare_ground artisinal_mine
test_32860,clear primary
test_32861,clear primary
test_32862,clear primary agriculture cultivation
test_32863,clear haze primary
test_32864,cloudy
test_32865,partly_cloudy primary
test_32866,clear primary agriculture road
test_32867,clear primary agriculture road
test_32868,clear primary
test_32869,haze partly_cloudy primary agriculture water cultivation
test_32870,clear primary agriculture water cultivation habitation road
test_32871,clear primary
test_32872,haze primary
test_32873,partly_cloudy primary
test_32874,clear primary
test_32875,clear primary agriculture road
test_32876,clear primary
test_32877,clear primary
test_32878,haze primary
test_32879,clear primary agriculture water cultivation habitation
test_32880,clear primary
test_32881,clear primary
test_32882,haze primary
test_32883,cloudy
test_32884,haze primary agriculture water road
test_32885,haze partly_cloudy primary
test_32886,partly_cloudy primary
test_32887,clear primary agriculture
test_32888,clear primary agriculture water cultivation
test_32889,clear primary
test_32890,clear primary agriculture water cultivation road
test_32891,haze cloudy
test_32892,clear primary
test_32893,clear primary
test_32894,partly_cloudy primary agriculture cultivation
test_32895,haze primary
test_32896,clear primary
test_32897,clear primary agriculture cultivation
test_32898,haze primary
test_32899,clear primary agriculture road
test_32900,clear primary agriculture cultivation
test_32901,clear primary
test_32902,clear primary agriculture cultivation habitation road
test_32903,clear primary
test_32904,clear primary agriculture water
test_32905,clear primary
test_32906,clear haze primary agriculture water
test_32907,partly_cloudy primary
test_32908,clear primary agriculture cultivation
test_32909,haze primary
test_32910,clear partly_cloudy primary agriculture
test_32911,clear primary agriculture habitation road
test_32912,partly_cloudy primary
test_32913,clear primary
test_32914,clear primary agriculture water cultivation
test_32915,partly_cloudy primary
test_32916,clear primary
test_32917,clear primary
test_32918,clear primary
test_32919,clear primary
test_32920,clear primary
test_32921,clear primary
test_32922,clear primary
test_32923,clear haze primary
test_32924,partly_cloudy primary agriculture road
test_32925,clear primary
test_32926,clear primary
test_32927,cloudy
test_32928,clear primary agriculture habitation road
test_32929,clear cloudy water
test_32930,clear primary agriculture habitation road
test_32931,partly_cloudy primary
test_32932,clear primary
test_32933,partly_cloudy primary
test_32934,clear primary
test_32935,clear partly_cloudy primary
test_32936,clear primary agriculture habitation road
test_32937,clear primary
test_32938,clear primary
test_32939,clear primary water
test_32940,partly_cloudy primary
test_32941,partly_cloudy primary
test_32942,clear primary agriculture habitation road
test_32943,clear primary habitation road
test_32944,clear primary
test_32945,clear primary
test_32946,clear partly_cloudy primary agriculture water
test_32947,clear primary
test_32948,partly_cloudy cloudy primary
test_32949,clear primary
test_32950,clear primary
test_32951,clear primary agriculture water cultivation
test_32952,clear primary water
test_32953,clear primary agriculture cultivation
test_32954,clear primary
test_32955,partly_cloudy primary agriculture
test_32956,partly_cloudy primary
test_32957,clear primary agriculture habitation road
test_32958,clear primary agriculture habitation road
test_32959,clear primary agriculture cultivation road
test_32960,clear primary blooming selective_logging
test_32961,partly_cloudy primary
test_32962,clear primary road selective_logging
test_32963,clear primary agriculture water cultivation
test_32964,clear primary agriculture cultivation
test_32965,clear primary water road artisinal_mine selective_logging
test_32966,clear primary
test_32967,clear primary
test_32968,clear primary
test_32969,partly_cloudy primary agriculture water road
test_32970,partly_cloudy primary agriculture water cultivation habitation road
test_32971,partly_cloudy primary agriculture water
test_32972,partly_cloudy primary
test_32973,clear primary agriculture cultivation
test_32974,partly_cloudy primary water
test_32975,clear primary agriculture water habitation road
test_32976,clear primary agriculture habitation road
test_32977,clear primary
test_32978,partly_cloudy primary agriculture water cultivation habitation road
test_32979,clear haze primary agriculture water cultivation
test_32980,clear primary
test_32981,clear primary agriculture cultivation
test_32982,clear primary agriculture water road
test_32983,clear cloudy water
test_32984,clear primary
test_32985,partly_cloudy primary
test_32986,clear primary agriculture water habitation road
test_32987,partly_cloudy primary
test_32988,clear primary agriculture
test_32989,clear primary
test_32990,clear primary
test_32991,clear primary agriculture cultivation habitation road
test_32992,clear primary agriculture road
test_32993,clear primary
test_32994,partly_cloudy primary agriculture water
test_32995,clear primary
test_32996,clear primary agriculture habitation road
test_32997,clear primary
test_32998,clear primary agriculture cultivation
test_32999,clear primary cultivation
test_33000,clear primary
test_33001,cloudy
test_33002,clear primary
test_33003,clear primary agriculture water cultivation
test_33004,clear primary
test_33005,clear partly_cloudy primary
test_33006,clear primary water road
test_33007,haze cloudy primary
test_33008,clear primary agriculture cultivation
test_33009,haze primary
test_33010,haze primary agriculture water habitation road
test_33011,haze primary
test_33012,clear primary cultivation
test_33013,clear primary
test_33014,clear primary
test_33015,clear partly_cloudy primary agriculture cultivation habitation road
test_33016,haze partly_cloudy cloudy primary agriculture water
test_33017,haze primary
test_33018,clear primary
test_33019,clear haze primary water
test_33020,clear primary agriculture habitation road
test_33021,partly_cloudy primary
test_33022,partly_cloudy primary
test_33023,haze primary
test_33024,clear primary
test_33025,clear primary habitation road
test_33026,partly_cloudy primary
test_33027,clear partly_cloudy primary
test_33028,clear primary
test_33029,clear primary agriculture water road
test_33030,clear primary agriculture road conventional_mine
test_33031,partly_cloudy primary agriculture
test_33032,clear primary
test_33033,clear primary
test_33034,clear primary
test_33035,cloudy
test_33036,clear primary agriculture cultivation
test_33037,clear partly_cloudy primary water
test_33038,partly_cloudy primary agriculture cultivation
test_33039,clear primary habitation road
test_33040,clear haze primary agriculture cultivation
test_33041,clear primary
test_33042,clear haze primary agriculture water
test_33043,clear primary agriculture cultivation habitation road
test_33044,partly_cloudy primary agriculture
test_33045,clear primary
test_33046,clear haze primary agriculture road
test_33047,clear partly_cloudy primary
test_33048,clear primary
test_33049,clear partly_cloudy primary agriculture cultivation
test_33050,clear primary
test_33051,clear haze primary agriculture road
test_33052,haze cloudy
test_33053,clear primary agriculture cultivation habitation road
test_33054,clear primary
test_33055,clear primary agriculture water
test_33056,clear haze primary agriculture cultivation
test_33057,clear partly_cloudy primary agriculture cultivation
test_33058,partly_cloudy primary water
test_33059,clear primary agriculture habitation road
test_33060,partly_cloudy primary
test_33061,clear primary
test_33062,clear primary water
test_33063,clear primary agriculture water cultivation
test_33064,clear primary
test_33065,clear primary
test_33066,partly_cloudy primary agriculture cultivation habitation road
test_33067,clear primary water
test_33068,clear primary
test_33069,clear primary agriculture cultivation
test_33070,clear haze primary
test_33071,clear primary agriculture water road
test_33072,clear primary agriculture water
test_33073,clear primary agriculture
test_33074,clear primary agriculture cultivation
test_33075,clear primary agriculture water road
test_33076,clear primary
test_33077,clear primary
test_33078,clear primary
test_33079,partly_cloudy primary agriculture water
test_33080,partly_cloudy primary agriculture water
test_33081,clear primary agriculture cultivation habitation road
test_33082,haze cloudy primary
test_33083,clear primary blooming selective_logging
test_33084,partly_cloudy primary
test_33085,clear primary agriculture cultivation habitation road
test_33086,clear primary
test_33087,clear primary
test_33088,clear primary
test_33089,clear primary
test_33090,clear primary
test_33091,clear primary agriculture bare_ground
test_33092,clear primary
test_33093,clear primary agriculture road
test_33094,haze primary
test_33095,clear primary agriculture bare_ground
test_33096,clear primary water
test_33097,haze primary
test_33098,clear primary agriculture cultivation
test_33099,clear primary
test_33100,clear primary
test_33101,partly_cloudy primary
test_33102,clear primary
test_33103,clear primary water
test_33104,clear primary agriculture cultivation habitation road
test_33105,clear primary agriculture cultivation habitation road
test_33106,partly_cloudy primary water
test_33107,cloudy
test_33108,clear cloudy water
test_33109,clear primary
test_33110,partly_cloudy primary agriculture cultivation
test_33111,clear primary
test_33112,clear primary agriculture cultivation
test_33113,partly_cloudy primary agriculture road
test_33114,clear primary agriculture water cultivation
test_33115,cloudy
test_33116,clear primary agriculture water cultivation
test_33117,clear primary
test_33118,clear primary agriculture habitation road
test_33119,partly_cloudy cloudy
test_33120,clear primary agriculture habitation road
test_33121,clear primary agriculture cultivation habitation
test_33122,cloudy
test_33123,clear primary water
test_33124,clear primary
test_33125,clear primary water road
test_33126,clear primary agriculture cultivation
test_33127,clear primary agriculture
test_33128,cloudy
test_33129,clear primary agriculture road
test_33130,clear primary
test_33131,partly_cloudy primary
test_33132,clear primary
test_33133,clear primary
test_33134,clear primary
test_33135,clear primary
test_33136,clear primary
test_33137,clear primary water
test_33138,clear primary
test_33139,clear primary agriculture
test_33140,clear primary
test_33141,partly_cloudy primary agriculture cultivation
test_33142,clear primary
test_33143,partly_cloudy primary
test_33144,cloudy
test_33145,clear primary
test_33146,clear primary agriculture habitation road
test_33147,clear primary
test_33148,clear primary agriculture water road
test_33149,haze primary
test_33150,clear primary agriculture cultivation habitation
test_33151,partly_cloudy primary agriculture water
test_33152,clear primary
test_33153,clear primary
test_33154,partly_cloudy primary
test_33155,clear primary
test_33156,clear primary
test_33157,clear haze primary agriculture water
test_33158,partly_cloudy primary agriculture water
test_33159,partly_cloudy primary agriculture habitation road
test_33160,clear primary
test_33161,partly_cloudy primary
test_33162,partly_cloudy primary
test_33163,haze primary
test_33164,clear haze primary agriculture
test_33165,clear primary agriculture water
test_33166,clear primary agriculture habitation road
test_33167,clear primary agriculture water habitation road
test_33168,clear primary
test_33169,clear primary
test_33170,partly_cloudy primary agriculture cultivation
test_33171,clear primary agriculture habitation road bare_ground
test_33172,clear primary agriculture water bare_ground
test_33173,clear primary agriculture cultivation
test_33174,clear cloudy primary water
test_33175,partly_cloudy cloudy primary
test_33176,clear primary
test_33177,partly_cloudy primary
test_33178,clear primary blooming
test_33179,clear primary
test_33180,haze primary
test_33181,clear partly_cloudy primary
test_33182,clear primary
test_33183,clear primary
test_33184,partly_cloudy primary
test_33185,clear cloudy
test_33186,clear primary agriculture bare_ground
test_33187,clear primary water
test_33188,clear primary agriculture cultivation
test_33189,clear primary
test_33190,clear primary agriculture
test_33191,clear cloudy water
test_33192,cloudy
test_33193,clear primary
test_33194,clear primary
test_33195,partly_cloudy primary
test_33196,partly_cloudy primary agriculture cultivation
test_33197,clear primary
test_33198,clear haze primary agriculture road
test_33199,cloudy
test_33200,clear primary
test_33201,clear primary agriculture cultivation
test_33202,clear primary agriculture road
test_33203,clear primary
test_33204,clear partly_cloudy primary agriculture cultivation
test_33205,clear primary agriculture cultivation
test_33206,clear primary
test_33207,partly_cloudy primary agriculture cultivation
test_33208,clear primary agriculture cultivation
test_33209,clear haze primary
test_33210,clear primary agriculture road
test_33211,haze primary
test_33212,clear primary agriculture cultivation
test_33213,clear partly_cloudy primary agriculture cultivation road
test_33214,partly_cloudy primary
test_33215,clear primary agriculture habitation road
test_33216,clear primary water
test_33217,clear primary agriculture
test_33218,haze cloudy
test_33219,clear haze primary
test_33220,clear partly_cloudy primary agriculture water
test_33221,clear primary
test_33222,clear primary water road
test_33223,clear primary
test_33224,clear haze primary agriculture road
test_33225,partly_cloudy primary agriculture cultivation
test_33226,clear primary
test_33227,clear primary agriculture habitation road
test_33228,haze cloudy primary
test_33229,partly_cloudy primary
test_33230,clear primary
test_33231,clear primary
test_33232,partly_cloudy primary agriculture road
test_33233,clear haze primary
test_33234,clear haze primary
test_33235,clear primary
test_33236,clear primary water
test_33237,clear primary
test_33238,partly_cloudy primary
test_33239,partly_cloudy primary
test_33240,partly_cloudy primary agriculture cultivation habitation road
test_33241,clear primary agriculture habitation road
test_33242,clear primary water road selective_logging
test_33243,clear primary
test_33244,partly_cloudy primary
test_33245,clear primary water road
test_33246,clear primary agriculture habitation road
test_33247,clear primary agriculture habitation road
test_33248,clear primary
test_33249,clear primary agriculture water road
test_33250,clear primary
test_33251,clear primary agriculture cultivation
test_33252,clear primary agriculture water habitation road
test_33253,clear primary agriculture cultivation
test_33254,clear primary
test_33255,clear primary agriculture water road
test_33256,clear primary
test_33257,clear primary agriculture cultivation
test_33258,clear primary
test_33259,partly_cloudy primary
test_33260,clear primary
test_33261,clear primary
test_33262,partly_cloudy cloudy primary
test_33263,clear primary
test_33264,clear haze cloudy primary water
test_33265,haze primary
test_33266,clear primary
test_33267,clear primary agriculture cultivation habitation road
test_33268,clear primary water
test_33269,clear primary
test_33270,clear primary
test_33271,cloudy
test_33272,clear haze cloudy primary water
test_33273,clear primary water road
test_33274,partly_cloudy primary
test_33275,clear primary
test_33276,clear primary agriculture habitation road
test_33277,cloudy
test_33278,clear primary
test_33279,clear primary
test_33280,clear primary agriculture cultivation
test_33281,clear partly_cloudy cloudy primary agriculture road
test_33282,cloudy
test_33283,clear primary water
test_33284,clear primary agriculture road
test_33285,clear primary
test_33286,clear primary
test_33287,clear primary agriculture cultivation
test_33288,clear primary
test_33289,clear primary agriculture water cultivation habitation road
test_33290,clear primary
test_33291,clear partly_cloudy primary agriculture road
test_33292,partly_cloudy primary agriculture cultivation road
test_33293,partly_cloudy primary agriculture road
test_33294,clear primary
test_33295,clear primary
test_33296,haze primary
test_33297,clear primary blooming
test_33298,clear primary water
test_33299,clear primary
test_33300,clear primary
test_33301,cloudy
test_33302,partly_cloudy cloudy
test_33303,clear primary
test_33304,clear primary agriculture cultivation habitation
test_33305,clear primary
test_33306,clear primary agriculture water habitation road conventional_mine bare_ground artisinal_mine
test_33307,clear primary agriculture water road
test_33308,clear primary agriculture water road
test_33309,clear primary
test_33310,clear primary agriculture road
test_33311,clear primary water
test_33312,clear primary
test_33313,clear partly_cloudy primary water
test_33314,clear haze primary agriculture road
test_33315,clear primary agriculture cultivation habitation
test_33316,cloudy
test_33317,clear primary agriculture water
test_33318,clear haze primary agriculture water road
test_33319,partly_cloudy primary agriculture water cultivation road
test_33320,clear primary
test_33321,clear haze primary
test_33322,clear primary agriculture water road
test_33323,clear primary
test_33324,partly_cloudy primary agriculture water
test_33325,clear primary
test_33326,clear primary
test_33327,cloudy
test_33328,cloudy
test_33329,clear primary
test_33330,clear haze primary water
test_33331,clear primary
test_33332,partly_cloudy primary
test_33333,clear primary agriculture cultivation
test_33334,partly_cloudy primary
test_33335,clear primary
test_33336,clear primary agriculture
test_33337,clear primary agriculture
test_33338,clear primary
test_33339,clear primary
test_33340,partly_cloudy primary agriculture water
test_33341,clear primary agriculture habitation road
test_33342,partly_cloudy primary
test_33343,partly_cloudy primary agriculture cultivation
test_33344,clear primary agriculture water cultivation
test_33345,partly_cloudy primary
test_33346,clear primary agriculture water cultivation habitation road
test_33347,clear primary agriculture water habitation road
test_33348,clear primary
test_33349,clear primary
test_33350,clear primary
test_33351,clear primary
test_33352,clear primary
test_33353,haze partly_cloudy primary water road
test_33354,clear primary
test_33355,clear primary agriculture cultivation road
test_33356,clear haze primary agriculture
test_33357,clear primary agriculture habitation road
test_33358,clear primary
test_33359,clear primary
test_33360,haze primary water
test_33361,clear primary
test_33362,clear primary
test_33363,clear primary
test_33364,clear primary water
test_33365,clear primary
test_33366,clear primary agriculture habitation road
test_33367,clear primary
test_33368,clear primary
test_33369,clear primary
test_33370,partly_cloudy primary agriculture road
test_33371,clear primary
test_33372,clear primary agriculture cultivation
test_33373,clear primary agriculture cultivation
test_33374,clear primary
test_33375,clear primary agriculture water cultivation habitation road
test_33376,clear primary
test_33377,clear primary
test_33378,clear primary
test_33379,clear cloudy water
test_33380,clear primary
test_33381,clear haze cloudy primary agriculture water
test_33382,partly_cloudy primary
test_33383,clear cloudy primary water
test_33384,cloudy
test_33385,clear primary agriculture habitation road
test_33386,clear primary agriculture road
test_33387,clear primary
test_33388,clear primary
test_33389,clear primary
test_33390,haze primary
test_33391,partly_cloudy primary agriculture water cultivation
test_33392,clear primary
test_33393,clear primary water road selective_logging
test_33394,clear primary agriculture water habitation road
test_33395,clear primary agriculture water cultivation habitation
test_33396,haze primary
test_33397,partly_cloudy primary
test_33398,clear primary agriculture habitation road
test_33399,clear primary agriculture water road
test_33400,clear primary
test_33401,partly_cloudy primary
test_33402,clear primary
test_33403,clear primary
test_33404,clear haze primary agriculture road
test_33405,clear primary
test_33406,clear primary agriculture water
test_33407,clear primary agriculture road
test_33408,clear primary
test_33409,clear primary
test_33410,clear primary agriculture road
test_33411,clear primary
test_33412,clear primary agriculture water cultivation habitation road
test_33413,cloudy
test_33414,clear primary water road
test_33415,clear primary
test_33416,clear primary agriculture cultivation road
test_33417,clear primary agriculture cultivation
test_33418,clear primary
test_33419,clear primary
test_33420,clear primary agriculture habitation road
test_33421,clear primary
test_33422,partly_cloudy primary
test_33423,clear primary
test_33424,clear primary agriculture water cultivation habitation
test_33425,clear primary
test_33426,clear haze primary agriculture water road
test_33427,clear haze primary
test_33428,clear partly_cloudy primary agriculture cultivation
test_33429,clear primary agriculture
test_33430,partly_cloudy primary agriculture water
test_33431,clear primary road selective_logging
test_33432,partly_cloudy primary agriculture water
test_33433,clear primary agriculture water habitation road
test_33434,partly_cloudy primary
test_33435,clear primary
test_33436,clear primary agriculture habitation road
test_33437,clear primary
test_33438,cloudy
test_33439,partly_cloudy primary water road
test_33440,clear primary agriculture habitation road
test_33441,partly_cloudy primary agriculture habitation
test_33442,clear primary agriculture cultivation habitation road
test_33443,partly_cloudy primary
test_33444,clear primary agriculture habitation road
test_33445,partly_cloudy primary agriculture
test_33446,clear primary agriculture water habitation road bare_ground artisinal_mine
test_33447,clear primary
test_33448,partly_cloudy primary agriculture cultivation
test_33449,clear primary
test_33450,clear partly_cloudy primary agriculture road
test_33451,clear haze primary
test_33452,clear primary
test_33453,haze primary
test_33454,clear primary
test_33455,clear primary agriculture water cultivation habitation road
test_33456,clear haze primary
test_33457,clear primary agriculture cultivation habitation road
test_33458,haze primary
test_33459,partly_cloudy primary
test_33460,partly_cloudy primary
test_33461,partly_cloudy primary
test_33462,clear primary water
test_33463,clear primary agriculture habitation road
test_33464,clear primary agriculture water habitation road
test_33465,clear primary agriculture water
test_33466,clear primary
test_33467,partly_cloudy primary agriculture cultivation
test_33468,clear primary
test_33469,partly_cloudy primary agriculture cultivation
test_33470,clear primary agriculture water road
test_33471,clear primary
test_33472,clear primary agriculture cultivation
test_33473,cloudy
test_33474,clear primary
test_33475,clear primary
test_33476,clear primary agriculture habitation road
test_33477,cloudy
test_33478,clear primary
test_33479,clear partly_cloudy primary agriculture water cultivation
test_33480,clear primary
test_33481,partly_cloudy primary
test_33482,clear primary
test_33483,clear primary agriculture cultivation
test_33484,clear primary agriculture cultivation
test_33485,partly_cloudy primary
test_33486,haze primary water
test_33487,clear primary agriculture cultivation
test_33488,haze cloudy primary
test_33489,clear primary agriculture
test_33490,clear primary agriculture road
test_33491,clear primary agriculture water
test_33492,clear primary
test_33493,haze primary
test_33494,clear primary
test_33495,clear primary
test_33496,clear primary water road conventional_mine bare_ground artisinal_mine
test_33497,clear primary agriculture habitation road
test_33498,partly_cloudy primary
test_33499,clear primary agriculture water habitation road
test_33500,clear primary water artisinal_mine
test_33501,partly_cloudy primary water road
test_33502,clear primary agriculture cultivation
test_33503,partly_cloudy primary
test_33504,clear primary
test_33505,clear primary agriculture habitation road
test_33506,clear primary agriculture water cultivation
test_33507,clear primary agriculture water road
test_33508,clear primary agriculture cultivation
test_33509,clear primary
test_33510,clear primary
test_33511,clear primary agriculture cultivation habitation road
test_33512,clear primary agriculture road
test_33513,clear primary
test_33514,clear primary agriculture water cultivation road selective_logging
test_33515,haze primary
test_33516,clear primary
test_33517,clear primary
test_33518,clear primary agriculture water cultivation habitation road
test_33519,clear primary agriculture cultivation habitation
test_33520,clear haze primary agriculture water road
test_33521,clear primary
test_33522,clear primary
test_33523,clear primary agriculture
test_33524,clear primary water
test_33525,clear primary water
test_33526,clear primary cultivation
test_33527,clear primary agriculture water cultivation habitation road
test_33528,partly_cloudy primary water road
test_33529,clear primary
test_33530,clear primary agriculture water habitation
test_33531,clear primary agriculture habitation road
test_33532,partly_cloudy primary agriculture habitation road
test_33533,clear primary agriculture cultivation road
test_33534,clear primary agriculture cultivation habitation road
test_33535,clear haze primary water
test_33536,clear primary water bare_ground artisinal_mine
test_33537,clear cloudy water
test_33538,partly_cloudy cloudy primary
test_33539,clear haze primary agriculture cultivation
test_33540,clear primary agriculture habitation road
test_33541,partly_cloudy primary agriculture habitation road
test_33542,clear primary agriculture water road
test_33543,clear primary agriculture road
test_33544,clear primary
test_33545,clear primary
test_33546,clear primary
test_33547,clear primary agriculture water road
test_33548,clear primary blooming
test_33549,partly_cloudy primary agriculture water cultivation habitation road
test_33550,partly_cloudy primary
test_33551,clear primary
test_33552,clear primary
test_33553,clear primary
test_33554,clear primary
test_33555,clear primary
test_33556,clear haze primary agriculture habitation road
test_33557,clear primary
test_33558,clear primary agriculture cultivation habitation
test_33559,clear primary agriculture habitation road
test_33560,clear primary water road
test_33561,clear primary
test_33562,clear haze primary agriculture road
test_33563,partly_cloudy primary
test_33564,partly_cloudy primary
test_33565,clear primary
test_33566,clear primary
test_33567,clear primary
test_33568,clear primary
test_33569,clear primary agriculture water
test_33570,clear partly_cloudy primary
test_33571,partly_cloudy cloudy primary
test_33572,clear haze primary agriculture water cultivation
test_33573,partly_cloudy primary
test_33574,clear primary
test_33575,clear primary
test_33576,clear primary agriculture water road
test_33577,clear primary
test_33578,partly_cloudy primary
test_33579,clear primary agriculture cultivation road
test_33580,clear primary
test_33581,clear primary
test_33582,partly_cloudy primary agriculture water road
test_33583,clear primary
test_33584,partly_cloudy cloudy
test_33585,clear haze primary agriculture water road
test_33586,clear primary agriculture habitation road
test_33587,clear primary
test_33588,partly_cloudy cloudy primary
test_33589,clear primary agriculture road
test_33590,clear primary agriculture habitation road bare_ground
test_33591,clear cloudy water
test_33592,clear primary
test_33593,clear primary blooming
test_33594,partly_cloudy primary
test_33595,partly_cloudy primary agriculture road
test_33596,clear primary
test_33597,partly_cloudy primary
test_33598,clear partly_cloudy primary
test_33599,clear primary
test_33600,clear primary agriculture cultivation habitation road
test_33601,clear primary
test_33602,cloudy
test_33603,clear haze primary
test_33604,partly_cloudy primary water road
test_33605,partly_cloudy primary agriculture cultivation
test_33606,clear primary water
test_33607,partly_cloudy primary
test_33608,partly_cloudy primary
test_33609,clear primary agriculture habitation road
test_33610,clear primary
test_33611,haze primary
test_33612,clear primary agriculture cultivation
test_33613,clear primary
test_33614,clear primary water road selective_logging
test_33615,haze primary
test_33616,partly_cloudy primary agriculture water
test_33617,clear primary agriculture water cultivation habitation road
test_33618,clear primary
test_33619,partly_cloudy primary
test_33620,clear primary
test_33621,clear primary agriculture cultivation habitation road
test_33622,clear primary agriculture road
test_33623,clear primary
test_33624,clear primary
test_33625,clear primary agriculture cultivation
test_33626,haze cloudy primary water
test_33627,clear primary agriculture cultivation road
test_33628,clear primary water
test_33629,clear primary agriculture
test_33630,clear primary agriculture water road
test_33631,clear primary
test_33632,clear primary
test_33633,cloudy
test_33634,clear primary agriculture cultivation
test_33635,clear primary agriculture cultivation habitation road
test_33636,clear primary agriculture cultivation
test_33637,clear primary agriculture cultivation
test_33638,clear primary
test_33639,clear primary
test_33640,clear primary water habitation road
test_33641,clear primary agriculture cultivation road
test_33642,clear primary
test_33643,clear primary
test_33644,partly_cloudy primary
test_33645,clear primary agriculture cultivation
test_33646,clear primary
test_33647,clear primary
test_33648,haze primary
test_33649,clear primary water
test_33650,clear primary agriculture cultivation
test_33651,partly_cloudy primary agriculture cultivation
test_33652,clear primary
test_33653,clear primary
test_33654,clear partly_cloudy primary agriculture cultivation habitation road
test_33655,clear primary agriculture road
test_33656,partly_cloudy primary
test_33657,clear primary agriculture water cultivation
test_33658,partly_cloudy primary
test_33659,clear primary agriculture cultivation
test_33660,partly_cloudy primary water
test_33661,clear primary
test_33662,clear primary
test_33663,clear primary
test_33664,haze cloudy primary
test_33665,partly_cloudy primary
test_33666,clear primary
test_33667,clear primary agriculture water cultivation habitation road
test_33668,clear primary agriculture
test_33669,clear primary agriculture cultivation
test_33670,partly_cloudy cloudy primary agriculture road
test_33671,clear cloudy agriculture bare_ground
test_33672,clear primary
test_33673,clear primary
test_33674,clear primary
test_33675,clear primary agriculture water cultivation habitation
test_33676,partly_cloudy primary agriculture habitation road
test_33677,cloudy
test_33678,partly_cloudy primary agriculture water road
test_33679,clear primary
test_33680,clear primary
test_33681,partly_cloudy primary
test_33682,clear primary
test_33683,clear partly_cloudy primary agriculture habitation road
test_33684,partly_cloudy primary agriculture water road
test_33685,clear primary
test_33686,clear primary
test_33687,partly_cloudy primary
test_33688,partly_cloudy primary
test_33689,partly_cloudy primary agriculture water
test_33690,clear primary agriculture water
test_33691,clear primary
test_33692,clear primary agriculture water cultivation road
test_33693,partly_cloudy primary agriculture
test_33694,clear partly_cloudy primary agriculture water road
test_33695,clear primary
test_33696,clear primary agriculture cultivation habitation road
test_33697,clear haze primary agriculture road
test_33698,cloudy
test_33699,clear haze primary
test_33700,clear primary water bare_ground artisinal_mine
test_33701,clear primary agriculture water road
test_33702,clear primary agriculture water cultivation habitation
test_33703,clear primary
test_33704,partly_cloudy primary
test_33705,clear haze primary agriculture cultivation
test_33706,haze cloudy primary
test_33707,clear primary agriculture cultivation habitation road
test_33708,haze primary
test_33709,clear primary agriculture cultivation
test_33710,clear primary agriculture
test_33711,clear primary water
test_33712,clear primary
test_33713,clear primary
test_33714,clear primary
test_33715,haze primary agriculture water
test_33716,clear primary
test_33717,clear primary
test_33718,clear primary blooming
test_33719,clear partly_cloudy primary agriculture water cultivation habitation road
test_33720,haze cloudy primary
test_33721,clear haze primary agriculture water
test_33722,partly_cloudy primary
test_33723,clear primary
test_33724,clear primary agriculture cultivation
test_33725,clear primary
test_33726,haze primary
test_33727,clear primary
test_33728,clear primary agriculture road
test_33729,clear primary agriculture cultivation road
test_33730,clear primary
test_33731,clear primary agriculture road
test_33732,clear haze primary agriculture water road
test_33733,clear primary agriculture road conventional_mine bare_ground
test_33734,clear primary
test_33735,clear primary agriculture cultivation habitation road
test_33736,partly_cloudy primary
test_33737,partly_cloudy primary
test_33738,partly_cloudy primary
test_33739,clear primary
test_33740,clear primary
test_33741,clear primary
test_33742,cloudy water
test_33743,clear primary water
test_33744,clear primary
test_33745,haze primary
test_33746,clear primary agriculture cultivation habitation
test_33747,cloudy
test_33748,partly_cloudy primary
test_33749,clear primary
test_33750,clear primary water
test_33751,clear primary
test_33752,haze partly_cloudy primary
test_33753,partly_cloudy primary agriculture
test_33754,clear partly_cloudy primary
test_33755,clear primary
test_33756,clear primary
test_33757,cloudy
test_33758,haze primary
test_33759,clear primary
test_33760,partly_cloudy primary water
test_33761,clear primary
test_33762,clear cloudy water
test_33763,clear primary agriculture cultivation
test_33764,clear primary
test_33765,clear primary agriculture cultivation road
test_33766,clear haze primary
test_33767,cloudy
test_33768,clear primary agriculture cultivation
test_33769,partly_cloudy primary
test_33770,clear primary agriculture water cultivation road
test_33771,clear primary
test_33772,partly_cloudy primary agriculture water cultivation habitation road
test_33773,clear primary
test_33774,clear primary agriculture water habitation road
test_33775,partly_cloudy primary
test_33776,clear partly_cloudy primary agriculture road
test_33777,clear haze primary
test_33778,clear primary
test_33779,partly_cloudy primary
test_33780,clear primary agriculture cultivation habitation road
test_33781,cloudy
test_33782,clear primary
test_33783,partly_cloudy primary
test_33784,cloudy
test_33785,clear primary agriculture cultivation
test_33786,clear primary agriculture road
test_33787,clear primary agriculture cultivation
test_33788,partly_cloudy primary agriculture
test_33789,cloudy
test_33790,clear primary agriculture water habitation road
test_33791,clear primary
test_33792,clear partly_cloudy primary agriculture water road
test_33793,clear primary
test_33794,partly_cloudy cloudy primary
test_33795,partly_cloudy primary
test_33796,partly_cloudy primary
test_33797,partly_cloudy primary agriculture water
test_33798,clear primary
test_33799,clear primary agriculture road
test_33800,clear haze primary
test_33801,partly_cloudy primary agriculture cultivation
test_33802,clear primary agriculture habitation road bare_ground
test_33803,clear primary water
test_33804,clear primary
test_33805,clear primary agriculture cultivation
test_33806,clear primary agriculture road
test_33807,clear primary
test_33808,clear partly_cloudy primary
test_33809,clear primary water road
test_33810,clear primary
test_33811,partly_cloudy primary
test_33812,clear primary
test_33813,cloudy
test_33814,partly_cloudy primary
test_33815,clear primary
test_33816,clear primary
test_33817,clear primary
test_33818,clear primary agriculture cultivation
test_33819,clear primary
test_33820,clear primary agriculture habitation road
test_33821,partly_cloudy primary agriculture cultivation
test_33822,haze cloudy primary
test_33823,clear primary
test_33824,partly_cloudy primary
test_33825,clear primary
test_33826,clear primary agriculture water
test_33827,partly_cloudy primary
test_33828,clear primary agriculture cultivation habitation
test_33829,clear primary
test_33830,clear primary
test_33831,clear primary agriculture road bare_ground
test_33832,haze primary water
test_33833,clear primary water road selective_logging
test_33834,clear primary agriculture cultivation
test_33835,clear primary habitation road
test_33836,clear primary agriculture water road
test_33837,clear primary
test_33838,clear primary
test_33839,clear primary water road
test_33840,clear primary water road
test_33841,clear primary agriculture cultivation habitation road
test_33842,haze primary agriculture water
test_33843,clear primary
test_33844,clear primary agriculture habitation road
test_33845,clear primary
test_33846,clear primary
test_33847,partly_cloudy primary agriculture cultivation
test_33848,clear haze primary agriculture water
test_33849,clear primary
test_33850,cloudy
test_33851,cloudy
test_33852,clear primary agriculture cultivation habitation
test_33853,clear primary agriculture cultivation
test_33854,clear primary
test_33855,clear primary agriculture water habitation road
test_33856,clear primary agriculture water bare_ground
test_33857,partly_cloudy primary
test_33858,clear primary agriculture water
test_33859,clear partly_cloudy primary agriculture cultivation habitation road
test_33860,clear primary
test_33861,clear primary water
test_33862,clear primary
test_33863,partly_cloudy primary agriculture cultivation
test_33864,clear partly_cloudy primary agriculture cultivation road
test_33865,clear primary
test_33866,clear primary
test_33867,clear primary
test_33868,haze partly_cloudy primary
test_33869,haze primary
test_33870,clear primary
test_33871,haze partly_cloudy primary
test_33872,partly_cloudy primary agriculture cultivation habitation road
test_33873,haze cloudy primary
test_33874,clear haze primary agriculture road
test_33875,partly_cloudy primary agriculture cultivation
test_33876,partly_cloudy primary
test_33877,partly_cloudy primary agriculture water
test_33878,partly_cloudy primary agriculture water road
test_33879,clear primary water road
test_33880,clear haze primary agriculture water road
test_33881,partly_cloudy primary
test_33882,haze cloudy water
test_33883,clear primary
test_33884,partly_cloudy primary
test_33885,clear primary
test_33886,partly_cloudy primary
test_33887,clear primary agriculture
test_33888,clear primary agriculture road
test_33889,clear primary
test_33890,clear primary water bare_ground artisinal_mine
test_33891,clear primary
test_33892,haze primary
test_33893,clear primary
test_33894,partly_cloudy cloudy primary
test_33895,clear primary
test_33896,clear primary
test_33897,clear primary
test_33898,clear primary agriculture water
test_33899,cloudy
test_33900,clear primary
test_33901,clear primary
test_33902,partly_cloudy primary
test_33903,partly_cloudy primary
test_33904,clear primary water
test_33905,clear primary agriculture
test_33906,clear primary water road
test_33907,partly_cloudy primary water
test_33908,haze cloudy
test_33909,clear primary water
test_33910,clear primary
test_33911,clear primary
test_33912,clear primary agriculture water habitation road
test_33913,clear primary
test_33914,clear primary
test_33915,clear primary
test_33916,partly_cloudy primary
test_33917,clear haze primary agriculture water
test_33918,clear primary agriculture cultivation
test_33919,clear primary
test_33920,clear primary agriculture water cultivation habitation road
test_33921,haze cloudy
test_33922,clear primary water road selective_logging
test_33923,clear primary
test_33924,clear haze primary water
test_33925,clear primary
test_33926,clear primary agriculture cultivation
test_33927,clear primary
test_33928,clear primary agriculture water cultivation
test_33929,partly_cloudy primary
test_33930,clear primary
test_33931,clear primary agriculture road
test_33932,clear primary
test_33933,clear primary
test_33934,partly_cloudy primary
test_33935,clear primary agriculture cultivation habitation
test_33936,cloudy
test_33937,clear primary water
test_33938,clear primary
test_33939,haze primary
test_33940,clear cloudy water
test_33941,haze primary
test_33942,clear primary agriculture road
test_33943,clear primary
test_33944,clear primary
test_33945,clear primary agriculture cultivation
test_33946,partly_cloudy primary
test_33947,clear primary agriculture cultivation habitation road
test_33948,clear primary agriculture habitation road
test_33949,clear primary water
test_33950,partly_cloudy primary agriculture road
test_33951,clear primary
test_33952,clear primary
test_33953,clear primary
test_33954,clear partly_cloudy primary
test_33955,clear haze primary agriculture water road
test_33956,clear primary water road selective_logging
test_33957,clear primary
test_33958,clear primary agriculture
test_33959,clear primary agriculture habitation road
test_33960,clear cloudy water
test_33961,clear primary agriculture road
test_33962,partly_cloudy primary
test_33963,clear primary
test_33964,clear primary
test_33965,partly_cloudy primary
test_33966,clear primary blooming
test_33967,partly_cloudy primary
test_33968,clear primary agriculture water cultivation
test_33969,clear primary water
test_33970,clear primary agriculture cultivation
test_33971,haze primary agriculture water
test_33972,cloudy
test_33973,clear primary water
test_33974,clear primary
test_33975,haze cloudy
test_33976,clear primary agriculture cultivation road
test_33977,clear primary agriculture
test_33978,clear primary agriculture road
test_33979,clear primary
test_33980,clear primary
test_33981,clear primary
test_33982,clear primary water
test_33983,partly_cloudy primary
test_33984,cloudy
test_33985,clear primary
test_33986,clear primary
test_33987,clear primary agriculture habitation road
test_33988,partly_cloudy primary agriculture road
test_33989,clear primary agriculture road
test_33990,partly_cloudy cloudy
test_33991,clear primary
test_33992,partly_cloudy primary agriculture
test_33993,clear primary
test_33994,clear primary water road
test_33995,clear primary agriculture water habitation road bare_ground
test_33996,clear primary water
test_33997,clear primary agriculture habitation road bare_ground
test_33998,partly_cloudy primary agriculture cultivation
test_33999,partly_cloudy primary agriculture water
test_34000,haze cloudy
test_34001,clear primary agriculture cultivation
test_34002,clear cloudy primary water
test_34003,clear primary
test_34004,clear primary
test_34005,clear primary water road
test_34006,clear primary agriculture water cultivation habitation road
test_34007,haze partly_cloudy primary water road
test_34008,clear primary water
test_34009,clear primary agriculture water cultivation road
test_34010,clear primary agriculture cultivation
test_34011,clear primary agriculture cultivation
test_34012,clear primary agriculture water
test_34013,clear primary agriculture cultivation
test_34014,haze cloudy primary
test_34015,clear primary water
test_34016,clear primary water
test_34017,partly_cloudy primary agriculture water road
test_34018,clear primary water
test_34019,haze partly_cloudy primary
test_34020,clear partly_cloudy primary
test_34021,clear primary water
test_34022,partly_cloudy primary
test_34023,clear primary
test_34024,clear primary
test_34025,clear primary
test_34026,clear primary
test_34027,partly_cloudy primary agriculture cultivation habitation road
test_34028,haze primary
test_34029,clear primary agriculture habitation road
test_34030,clear primary agriculture cultivation habitation road
test_34031,partly_cloudy primary
test_34032,clear primary agriculture cultivation
test_34033,clear primary agriculture water bare_ground
test_34034,partly_cloudy primary
test_34035,clear primary agriculture cultivation habitation
test_34036,clear partly_cloudy primary
test_34037,clear primary
test_34038,clear primary agriculture cultivation
test_34039,clear primary
test_34040,clear primary
test_34041,clear primary agriculture water cultivation habitation road
test_34042,clear partly_cloudy primary water
test_34043,partly_cloudy primary
test_34044,clear primary agriculture
test_34045,clear primary agriculture cultivation
test_34046,clear primary water road
test_34047,clear haze primary
test_34048,clear primary agriculture water road
test_34049,clear primary agriculture water bare_ground
test_34050,clear primary
test_34051,clear primary agriculture road
test_34052,haze primary
test_34053,clear primary
test_34054,clear primary water
test_34055,partly_cloudy primary agriculture water cultivation
test_34056,clear primary
test_34057,clear primary
test_34058,clear primary
test_34059,clear primary
test_34060,partly_cloudy primary
test_34061,partly_cloudy primary agriculture water cultivation road
test_34062,clear primary
test_34063,partly_cloudy primary agriculture water road
test_34064,cloudy
test_34065,clear haze primary agriculture road
test_34066,clear primary
test_34067,clear primary
test_34068,haze partly_cloudy cloudy primary agriculture road
test_34069,clear primary agriculture habitation road
test_34070,clear primary agriculture cultivation
test_34071,clear primary
test_34072,cloudy
test_34073,clear primary agriculture cultivation
test_34074,clear primary
test_34075,partly_cloudy primary
test_34076,clear primary water road
test_34077,clear primary agriculture
test_34078,clear primary agriculture water bare_ground
test_34079,clear primary
test_34080,clear primary water
test_34081,clear primary agriculture water cultivation road
test_34082,clear primary agriculture habitation road
test_34083,clear primary agriculture cultivation
test_34084,clear primary agriculture water cultivation habitation road
test_34085,clear primary
test_34086,clear primary
test_34087,haze cloudy primary
test_34088,clear primary
test_34089,clear primary
test_34090,clear primary
test_34091,clear primary
test_34092,partly_cloudy primary water
test_34093,clear primary water road
test_34094,clear primary agriculture
test_34095,haze primary
test_34096,clear primary agriculture water cultivation habitation
test_34097,clear haze primary
test_34098,partly_cloudy primary agriculture cultivation
test_34099,clear partly_cloudy primary agriculture habitation road
test_34100,clear primary agriculture habitation road
test_34101,cloudy
test_34102,clear primary
test_34103,partly_cloudy primary
test_34104,clear primary water
test_34105,clear haze primary agriculture habitation road
test_34106,cloudy
test_34107,clear haze primary agriculture water habitation road
test_34108,clear primary
test_34109,partly_cloudy primary
test_34110,clear primary water
test_34111,cloudy
test_34112,clear primary agriculture water road selective_logging
test_34113,clear primary agriculture road bare_ground
test_34114,clear primary
test_34115,clear primary
test_34116,clear primary agriculture water cultivation habitation
test_34117,clear primary
test_34118,cloudy
test_34119,clear primary
test_34120,clear primary agriculture cultivation
test_34121,clear primary agriculture cultivation
test_34122,partly_cloudy primary
test_34123,clear primary
test_34124,clear primary
test_34125,clear partly_cloudy primary
test_34126,partly_cloudy primary
test_34127,clear haze primary water road
test_34128,clear primary
test_34129,clear primary
test_34130,clear primary
test_34131,clear primary
test_34132,clear primary
test_34133,clear primary agriculture cultivation habitation road
test_34134,clear primary water
test_34135,cloudy
test_34136,clear primary agriculture habitation road bare_ground
test_34137,clear primary water
test_34138,partly_cloudy primary agriculture water cultivation road
test_34139,clear primary
test_34140,partly_cloudy primary agriculture water road
test_34141,clear primary
test_34142,clear primary agriculture cultivation
test_34143,clear primary
test_34144,clear primary agriculture water habitation road
test_34145,clear primary
test_34146,clear primary agriculture water habitation
test_34147,clear primary
test_34148,clear primary
test_34149,partly_cloudy primary
test_34150,clear primary
test_34151,clear primary
test_34152,partly_cloudy primary
test_34153,clear primary agriculture water cultivation
test_34154,clear primary
test_34155,clear primary
test_34156,clear primary
test_34157,clear primary
test_34158,partly_cloudy primary agriculture
test_34159,partly_cloudy primary agriculture road
test_34160,clear primary agriculture cultivation road
test_34161,clear haze primary
test_34162,partly_cloudy primary
test_34163,haze primary
test_34164,clear primary
test_34165,clear primary
test_34166,cloudy
test_34167,clear cloudy primary agriculture water bare_ground
test_34168,clear primary agriculture habitation road conventional_mine
test_34169,clear primary
test_34170,clear primary
test_34171,clear primary
test_34172,clear primary agriculture cultivation
test_34173,cloudy
test_34174,clear primary
test_34175,clear primary
test_34176,clear primary
test_34177,clear primary agriculture habitation road
test_34178,clear primary agriculture cultivation
test_34179,clear primary agriculture cultivation
test_34180,clear primary water
test_34181,clear primary
test_34182,clear haze primary agriculture cultivation
test_34183,clear primary
test_34184,clear primary
test_34185,clear primary agriculture cultivation road
test_34186,clear primary agriculture water road
test_34187,clear primary agriculture water road bare_ground
test_34188,haze partly_cloudy primary
test_34189,partly_cloudy primary water road
test_34190,clear primary agriculture cultivation road
test_34191,partly_cloudy primary
test_34192,clear primary water
test_34193,clear primary agriculture habitation road
test_34194,clear primary agriculture cultivation
test_34195,haze cloudy primary
test_34196,clear primary
test_34197,clear haze primary
test_34198,clear primary
test_34199,clear primary water
test_34200,clear primary agriculture water
test_34201,clear primary
test_34202,clear primary agriculture water bare_ground
test_34203,partly_cloudy cloudy primary agriculture
test_34204,haze primary
test_34205,clear primary
test_34206,clear primary agriculture water
test_34207,partly_cloudy primary
test_34208,clear primary agriculture cultivation
test_34209,clear primary
test_34210,clear primary agriculture road
test_34211,clear primary
test_34212,clear primary
test_34213,clear primary
test_34214,clear primary
test_34215,clear primary
test_34216,haze primary
test_34217,clear primary agriculture cultivation
test_34218,partly_cloudy primary
test_34219,haze primary
test_34220,partly_cloudy primary
test_34221,clear haze primary agriculture water cultivation
test_34222,clear haze primary agriculture water road
test_34223,clear primary habitation road
test_34224,partly_cloudy primary agriculture cultivation
test_34225,clear primary agriculture water cultivation
test_34226,clear primary
test_34227,partly_cloudy cloudy primary
test_34228,clear primary agriculture road
test_34229,clear primary road selective_logging
test_34230,clear primary water road selective_logging
test_34231,clear primary
test_34232,clear primary agriculture cultivation habitation road
test_34233,clear primary
test_34234,partly_cloudy primary water
test_34235,haze cloudy primary
test_34236,partly_cloudy primary
test_34237,partly_cloudy primary agriculture
test_34238,cloudy
test_34239,cloudy
test_34240,clear primary agriculture road
test_34241,partly_cloudy primary agriculture water
test_34242,clear primary blooming
test_34243,clear primary
test_34244,clear primary water
test_34245,clear primary
test_34246,clear primary
test_34247,haze primary
test_34248,clear primary agriculture water
test_34249,clear primary
test_34250,clear partly_cloudy primary agriculture habitation road
test_34251,clear primary agriculture road
test_34252,clear primary agriculture water
test_34253,cloudy
test_34254,clear primary
test_34255,clear primary
test_34256,clear primary agriculture
test_34257,clear primary
test_34258,clear primary
test_34259,clear primary agriculture cultivation
test_34260,partly_cloudy primary
test_34261,clear primary
test_34262,clear primary agriculture road
test_34263,clear primary
test_34264,clear primary agriculture habitation road
test_34265,cloudy
test_34266,cloudy
test_34267,clear primary
test_34268,clear primary
test_34269,clear primary agriculture habitation road
test_34270,clear primary agriculture cultivation
test_34271,clear primary water road bare_ground artisinal_mine selective_logging
test_34272,partly_cloudy primary agriculture water road
test_34273,clear primary
test_34274,clear primary agriculture
test_34275,clear primary agriculture cultivation habitation
test_34276,clear primary
test_34277,clear primary
test_34278,clear primary
test_34279,cloudy
test_34280,clear primary
test_34281,clear primary water road
test_34282,clear primary water road
test_34283,clear primary agriculture cultivation
test_34284,clear primary
test_34285,clear primary
test_34286,clear primary agriculture
test_34287,clear primary
test_34288,partly_cloudy primary
test_34289,clear primary
test_34290,clear primary
test_34291,clear primary
test_34292,clear primary agriculture water cultivation habitation road
test_34293,partly_cloudy primary water
test_34294,clear primary
test_34295,clear primary agriculture cultivation habitation road
test_34296,clear cloudy water
test_34297,clear primary
test_34298,haze cloudy primary
test_34299,clear primary
test_34300,clear primary
test_34301,clear haze primary
test_34302,clear primary agriculture cultivation habitation road
test_34303,clear primary agriculture habitation road
test_34304,partly_cloudy primary agriculture road
test_34305,cloudy
test_34306,partly_cloudy primary agriculture cultivation habitation
test_34307,clear primary
test_34308,clear primary agriculture habitation road
test_34309,clear primary agriculture cultivation
test_34310,clear primary agriculture cultivation
test_34311,clear primary
test_34312,clear primary
test_34313,haze cloudy
test_34314,clear primary agriculture cultivation
test_34315,clear primary
test_34316,clear primary
test_34317,clear primary agriculture road
test_34318,partly_cloudy cloudy primary
test_34319,clear haze primary
test_34320,clear primary
test_34321,partly_cloudy primary
test_34322,clear primary
test_34323,clear primary
test_34324,clear primary
test_34325,clear primary agriculture cultivation habitation road
test_34326,clear primary
test_34327,clear primary blooming selective_logging
test_34328,clear haze primary
test_34329,clear primary
test_34330,clear primary agriculture water cultivation habitation road
test_34331,haze primary
test_34332,clear primary
test_34333,partly_cloudy primary
test_34334,clear primary
test_34335,haze primary
test_34336,clear primary agriculture road
test_34337,clear primary
test_34338,clear primary agriculture
test_34339,haze primary agriculture water
test_34340,clear primary water road
test_34341,clear primary agriculture cultivation
test_34342,clear primary agriculture water habitation road artisinal_mine
test_34343,clear primary
test_34344,partly_cloudy primary agriculture
test_34345,partly_cloudy primary agriculture cultivation
test_34346,clear primary agriculture road
test_34347,clear primary agriculture water road
test_34348,clear primary water
test_34349,partly_cloudy primary agriculture cultivation
test_34350,clear haze primary water
test_34351,clear primary
test_34352,partly_cloudy primary
test_34353,clear partly_cloudy primary agriculture cultivation road
test_34354,clear primary
test_34355,clear haze primary
test_34356,clear partly_cloudy primary agriculture cultivation road
test_34357,clear primary
test_34358,partly_cloudy cloudy primary
test_34359,partly_cloudy primary agriculture water road
test_34360,partly_cloudy primary agriculture road
test_34361,clear primary
test_34362,haze primary
test_34363,clear primary
test_34364,clear primary
test_34365,clear primary
test_34366,clear primary
test_34367,clear primary agriculture road
test_34368,partly_cloudy primary agriculture water cultivation habitation
test_34369,clear primary water road
test_34370,clear primary agriculture habitation road
test_34371,clear haze primary agriculture habitation road
test_34372,clear primary agriculture water cultivation habitation road
test_34373,partly_cloudy primary agriculture water road
test_34374,clear primary
test_34375,clear primary agriculture habitation road
test_34376,clear primary agriculture habitation road
test_34377,clear primary agriculture cultivation
test_34378,clear primary agriculture water cultivation habitation road
test_34379,clear primary agriculture cultivation road
test_34380,clear primary water road
test_34381,partly_cloudy primary
test_34382,clear primary agriculture water
test_34383,partly_cloudy primary agriculture water
test_34384,haze primary
test_34385,clear primary water
test_34386,clear primary agriculture cultivation habitation road
test_34387,partly_cloudy primary agriculture
test_34388,clear primary agriculture habitation
test_34389,partly_cloudy cloudy primary
test_34390,partly_cloudy primary
test_34391,clear cloudy primary water
test_34392,clear primary
test_34393,clear primary
test_34394,clear partly_cloudy primary agriculture cultivation habitation road
test_34395,clear primary
test_34396,clear primary
test_34397,partly_cloudy primary agriculture cultivation
test_34398,partly_cloudy primary
test_34399,clear primary agriculture water habitation road
test_34400,partly_cloudy primary
test_34401,clear primary agriculture water road
test_34402,clear primary
test_34403,haze cloudy primary
test_34404,clear primary agriculture road
test_34405,clear primary
test_34406,clear primary
test_34407,clear primary
test_34408,clear primary
test_34409,clear primary agriculture
test_34410,clear primary
test_34411,clear primary agriculture cultivation
test_34412,clear primary agriculture cultivation
test_34413,clear primary agriculture water
test_34414,clear primary agriculture water cultivation
test_34415,clear primary agriculture water habitation
test_34416,cloudy
test_34417,clear primary agriculture road
test_34418,clear primary
test_34419,cloudy
test_34420,clear partly_cloudy primary agriculture water
test_34421,partly_cloudy primary
test_34422,clear primary agriculture road
test_34423,haze primary
test_34424,partly_cloudy primary water
test_34425,clear primary agriculture habitation road
test_34426,clear haze primary
test_34427,clear primary
test_34428,clear primary agriculture cultivation
test_34429,clear primary agriculture cultivation
test_34430,partly_cloudy cloudy primary
test_34431,clear primary
test_34432,clear primary
test_34433,clear primary
test_34434,partly_cloudy primary agriculture cultivation
test_34435,partly_cloudy primary
test_34436,partly_cloudy primary water
test_34437,clear primary agriculture water cultivation
test_34438,clear cloudy water
test_34439,clear primary agriculture
test_34440,clear primary
test_34441,partly_cloudy primary
test_34442,clear primary agriculture cultivation
test_34443,clear primary water
test_34444,partly_cloudy primary agriculture cultivation
test_34445,partly_cloudy cloudy primary
test_34446,clear primary
test_34447,clear primary
test_34448,clear primary habitation road
test_34449,clear haze primary
test_34450,clear primary
test_34451,clear primary agriculture water road
test_34452,clear primary
test_34453,clear primary agriculture habitation road
test_34454,clear primary
test_34455,clear primary agriculture road
test_34456,clear primary
test_34457,clear primary
test_34458,partly_cloudy primary agriculture water
test_34459,partly_cloudy primary
test_34460,clear primary agriculture cultivation habitation road
test_34461,clear primary agriculture cultivation habitation
test_34462,clear partly_cloudy primary
test_34463,clear primary
test_34464,partly_cloudy primary
test_34465,clear primary agriculture cultivation habitation
test_34466,clear primary agriculture water road
test_34467,clear primary
test_34468,clear primary
test_34469,clear primary agriculture cultivation
test_34470,clear primary
test_34471,partly_cloudy primary
test_34472,clear primary
test_34473,clear primary water habitation
test_34474,clear primary
test_34475,clear primary agriculture cultivation habitation road
test_34476,clear primary
test_34477,clear primary
test_34478,clear primary agriculture road
test_34479,clear primary agriculture road
test_34480,clear primary
test_34481,clear primary
test_34482,clear primary
test_34483,clear primary agriculture cultivation habitation
test_34484,clear primary agriculture water habitation road
test_34485,clear haze primary water road
test_34486,clear primary agriculture cultivation
test_34487,partly_cloudy primary
test_34488,clear primary
test_34489,clear primary agriculture water
test_34490,clear primary
test_34491,clear primary agriculture habitation road bare_ground
test_34492,clear primary agriculture water habitation
test_34493,haze primary
test_34494,clear primary agriculture habitation road
test_34495,clear primary
test_34496,clear primary agriculture cultivation road
test_34497,clear primary
test_34498,clear haze primary agriculture water
test_34499,clear primary
test_34500,haze cloudy
test_34501,clear primary
test_34502,clear primary
test_34503,clear primary agriculture habitation road
test_34504,partly_cloudy primary
test_34505,clear haze primary
test_34506,clear primary agriculture water road
test_34507,cloudy
test_34508,cloudy
test_34509,clear primary water
test_34510,clear partly_cloudy primary water
test_34511,partly_cloudy primary agriculture road
test_34512,clear primary agriculture cultivation habitation
test_34513,clear primary
test_34514,clear primary
test_34515,clear primary
test_34516,clear primary agriculture water cultivation habitation
test_34517,clear primary
test_34518,clear primary
test_34519,partly_cloudy primary
test_34520,clear primary agriculture cultivation habitation road
test_34521,clear primary agriculture habitation road
test_34522,clear primary agriculture
test_34523,clear primary
test_34524,clear primary agriculture road
test_34525,clear primary agriculture cultivation
test_34526,clear primary agriculture water cultivation habitation road
test_34527,clear primary agriculture cultivation
test_34528,clear primary water habitation
test_34529,clear cloudy water
test_34530,clear primary agriculture
test_34531,clear primary
test_34532,cloudy
test_34533,clear primary agriculture cultivation habitation
test_34534,clear primary agriculture cultivation
test_34535,clear primary
test_34536,clear primary agriculture cultivation
test_34537,clear primary agriculture habitation road bare_ground
test_34538,clear primary
test_34539,clear primary
test_34540,clear primary agriculture habitation road
test_34541,clear haze primary agriculture water
test_34542,clear partly_cloudy primary
test_34543,clear primary water
test_34544,clear primary
test_34545,clear primary
test_34546,cloudy
test_34547,partly_cloudy primary
test_34548,clear primary
test_34549,cloudy
test_34550,clear primary agriculture cultivation habitation road
test_34551,clear primary agriculture road
test_34552,clear primary agriculture habitation road
test_34553,clear primary
test_34554,clear primary agriculture cultivation
test_34555,partly_cloudy primary
test_34556,partly_cloudy cloudy primary water
test_34557,clear primary
test_34558,clear primary
test_34559,clear primary agriculture cultivation
test_34560,clear primary water road
test_34561,partly_cloudy primary
test_34562,clear primary blooming
test_34563,haze cloudy primary
test_34564,clear primary agriculture water
test_34565,clear primary water
test_34566,clear primary
test_34567,partly_cloudy primary
test_34568,partly_cloudy primary
test_34569,clear primary agriculture road
test_34570,clear primary water
test_34571,clear primary agriculture cultivation road
test_34572,partly_cloudy primary
test_34573,clear primary
test_34574,haze primary
test_34575,clear primary
test_34576,haze cloudy primary
test_34577,clear primary
test_34578,clear primary
test_34579,haze primary
test_34580,clear primary agriculture water road
test_34581,haze cloudy primary
test_34582,partly_cloudy primary agriculture water
test_34583,partly_cloudy primary agriculture water cultivation road
test_34584,clear partly_cloudy primary water
test_34585,clear primary
test_34586,clear primary habitation road
test_34587,clear cloudy primary water
test_34588,haze primary
test_34589,partly_cloudy primary agriculture cultivation habitation
test_34590,clear primary agriculture cultivation
test_34591,partly_cloudy cloudy primary
test_34592,clear primary habitation road
test_34593,clear primary agriculture road
test_34594,partly_cloudy primary agriculture road
test_34595,clear primary
test_34596,clear primary agriculture cultivation
test_34597,clear primary agriculture road
test_34598,clear primary water
test_34599,clear primary
test_34600,partly_cloudy primary
test_34601,partly_cloudy primary
test_34602,clear primary agriculture water road
test_34603,clear primary water road
test_34604,clear partly_cloudy primary agriculture cultivation road
test_34605,clear primary water
test_34606,clear primary
test_34607,clear primary agriculture water road
test_34608,clear primary
test_34609,clear primary
test_34610,partly_cloudy primary
test_34611,partly_cloudy cloudy primary
test_34612,clear primary agriculture habitation road
test_34613,clear partly_cloudy primary agriculture water road
test_34614,partly_cloudy primary
test_34615,partly_cloudy primary
test_34616,clear primary agriculture water cultivation road
test_34617,clear primary agriculture water
test_34618,clear primary
test_34619,clear primary
test_34620,clear primary
test_34621,clear primary
test_34622,clear primary habitation road
test_34623,partly_cloudy primary agriculture cultivation
test_34624,clear primary
test_34625,partly_cloudy cloudy primary
test_34626,clear primary
test_34627,clear primary agriculture bare_ground
test_34628,clear primary
test_34629,clear primary agriculture water road
test_34630,clear primary agriculture water
test_34631,clear primary agriculture cultivation road
test_34632,clear cloudy water
test_34633,clear primary
test_34634,clear primary
test_34635,clear primary agriculture cultivation road
test_34636,clear primary
test_34637,haze primary
test_34638,clear partly_cloudy primary agriculture road
test_34639,clear primary
test_34640,clear primary
test_34641,haze primary agriculture
test_34642,clear primary
test_34643,haze partly_cloudy primary agriculture
test_34644,clear primary agriculture cultivation
test_34645,clear primary agriculture cultivation road
test_34646,clear primary agriculture cultivation road
test_34647,haze cloudy primary
test_34648,clear primary
test_34649,clear primary water
test_34650,clear cloudy water
test_34651,clear primary agriculture water cultivation
test_34652,clear primary
test_34653,clear primary agriculture water road selective_logging
test_34654,clear primary
test_34655,clear primary agriculture road
test_34656,clear primary agriculture cultivation
test_34657,clear primary agriculture water cultivation
test_34658,clear primary agriculture cultivation habitation road
test_34659,clear primary agriculture cultivation
test_34660,clear primary agriculture cultivation habitation
test_34661,clear primary
test_34662,clear primary
test_34663,clear primary
test_34664,clear primary
test_34665,clear primary agriculture habitation road
test_34666,clear primary
test_34667,clear primary
test_34668,clear primary agriculture road
test_34669,clear primary
test_34670,haze cloudy primary water
test_34671,clear primary agriculture
test_34672,clear primary
test_34673,clear partly_cloudy primary
test_34674,haze partly_cloudy primary agriculture
test_34675,clear primary
test_34676,clear primary
test_34677,partly_cloudy cloudy primary water
test_34678,partly_cloudy primary water road
test_34679,clear primary
test_34680,clear primary agriculture cultivation habitation road
test_34681,clear primary cultivation
test_34682,partly_cloudy primary
test_34683,clear primary
test_34684,clear primary agriculture water road
test_34685,clear primary
test_34686,clear primary water habitation
test_34687,clear primary
test_34688,partly_cloudy primary agriculture cultivation road
test_34689,clear primary water
test_34690,cloudy
test_34691,clear primary
test_34692,clear haze primary agriculture cultivation road
test_34693,clear primary water
test_34694,partly_cloudy primary agriculture road
test_34695,clear primary
test_34696,clear primary agriculture water road
test_34697,haze primary
test_34698,clear primary
test_34699,clear primary
test_34700,clear primary
test_34701,clear primary agriculture water cultivation
test_34702,clear primary agriculture water cultivation
test_34703,clear primary
test_34704,clear primary agriculture water road
test_34705,partly_cloudy primary
test_34706,clear primary agriculture habitation road
test_34707,partly_cloudy primary agriculture cultivation
test_34708,clear primary
test_34709,clear primary
test_34710,partly_cloudy primary
test_34711,clear primary
test_34712,partly_cloudy primary
test_34713,haze primary agriculture
test_34714,clear primary
test_34715,clear primary
test_34716,clear cloudy water
test_34717,clear primary water
test_34718,haze primary
test_34719,clear primary
test_34720,partly_cloudy primary
test_34721,partly_cloudy primary
test_34722,clear primary
test_34723,cloudy
test_34724,clear primary agriculture road
test_34725,clear haze primary agriculture road
test_34726,partly_cloudy primary
test_34727,clear partly_cloudy primary
test_34728,clear primary
test_34729,clear primary
test_34730,clear partly_cloudy primary
test_34731,clear primary agriculture cultivation habitation
test_34732,clear haze primary
test_34733,clear primary
test_34734,clear primary
test_34735,clear primary agriculture habitation road
test_34736,partly_cloudy primary road
test_34737,clear primary
test_34738,clear primary agriculture bare_ground
test_34739,clear primary
test_34740,clear primary
test_34741,clear primary
test_34742,partly_cloudy primary agriculture water road
test_34743,clear primary agriculture habitation road bare_ground
test_34744,haze primary
test_34745,clear primary agriculture cultivation habitation road
test_34746,clear primary
test_34747,partly_cloudy cloudy primary
test_34748,clear primary
test_34749,clear primary
test_34750,partly_cloudy primary
test_34751,clear primary
test_34752,clear primary agriculture habitation road conventional_mine bare_ground
test_34753,clear primary
test_34754,clear primary
test_34755,clear primary agriculture habitation road
test_34756,clear primary
test_34757,clear primary agriculture cultivation
test_34758,haze cloudy primary
test_34759,clear primary agriculture
test_34760,clear primary
test_34761,clear primary agriculture habitation road
test_34762,clear primary agriculture road
test_34763,clear primary agriculture cultivation habitation road
test_34764,partly_cloudy primary
test_34765,clear primary agriculture habitation road
test_34766,clear primary agriculture habitation road
test_34767,clear haze primary
test_34768,clear primary agriculture road
test_34769,clear primary
test_34770,clear primary agriculture cultivation habitation road
test_34771,partly_cloudy primary
test_34772,clear primary
test_34773,partly_cloudy primary agriculture road
test_34774,partly_cloudy primary agriculture
test_34775,clear primary
test_34776,partly_cloudy primary agriculture road
test_34777,clear primary water habitation road bare_ground artisinal_mine
test_34778,clear primary
test_34779,clear primary
test_34780,clear primary
test_34781,clear primary water
test_34782,partly_cloudy primary water road
test_34783,clear primary
test_34784,clear primary
test_34785,clear primary
test_34786,clear primary
test_34787,clear primary
test_34788,partly_cloudy primary agriculture
test_34789,clear cloudy water
test_34790,clear primary
test_34791,clear primary
test_34792,clear primary
test_34793,clear primary
test_34794,clear primary water
test_34795,clear primary agriculture water cultivation road
test_34796,clear primary habitation road
test_34797,haze primary agriculture water
test_34798,clear primary agriculture water cultivation road
test_34799,clear primary
test_34800,partly_cloudy primary agriculture cultivation habitation road
test_34801,clear primary
test_34802,partly_cloudy primary agriculture habitation road
test_34803,clear primary water
test_34804,clear primary agriculture habitation road
test_34805,haze primary
test_34806,haze primary
test_34807,partly_cloudy primary agriculture water road
test_34808,clear partly_cloudy primary agriculture road
test_34809,clear primary
test_34810,partly_cloudy cloudy primary
test_34811,clear primary agriculture cultivation
test_34812,clear primary agriculture water cultivation road
test_34813,clear haze primary
test_34814,partly_cloudy primary
test_34815,partly_cloudy primary agriculture water
test_34816,clear primary agriculture cultivation
test_34817,clear primary water
test_34818,clear primary water artisinal_mine
test_34819,clear primary agriculture water cultivation habitation road
test_34820,clear primary
test_34821,clear primary agriculture road
test_34822,clear partly_cloudy primary agriculture road
test_34823,clear primary agriculture water cultivation habitation road
test_34824,clear primary agriculture water cultivation habitation
test_34825,clear primary
test_34826,clear primary agriculture cultivation road
test_34827,clear primary
test_34828,clear primary agriculture cultivation
test_34829,clear primary agriculture habitation road
test_34830,partly_cloudy cloudy primary
test_34831,partly_cloudy primary
test_34832,partly_cloudy primary
test_34833,clear primary
test_34834,clear haze primary agriculture cultivation
test_34835,clear primary agriculture road
test_34836,clear primary
test_34837,clear primary
test_34838,clear primary agriculture cultivation
test_34839,clear primary
test_34840,partly_cloudy primary
test_34841,clear primary
test_34842,clear primary agriculture cultivation road
test_34843,clear primary agriculture cultivation
test_34844,partly_cloudy primary
test_34845,clear primary
test_34846,clear primary agriculture habitation road
test_34847,clear primary
test_34848,clear primary agriculture water cultivation
test_34849,clear primary agriculture cultivation habitation
test_34850,clear primary agriculture
test_34851,clear haze primary
test_34852,clear primary habitation road
test_34853,clear primary agriculture cultivation habitation road
test_34854,clear primary agriculture cultivation
test_34855,clear primary
test_34856,clear primary
test_34857,partly_cloudy primary
test_34858,clear primary
test_34859,clear primary agriculture cultivation
test_34860,clear primary agriculture road
test_34861,clear primary agriculture cultivation
test_34862,clear primary agriculture road
test_34863,partly_cloudy primary agriculture road
test_34864,clear primary agriculture water road
test_34865,clear primary
test_34866,clear primary agriculture water habitation road
test_34867,clear primary
test_34868,clear partly_cloudy primary
test_34869,clear partly_cloudy primary
test_34870,clear primary agriculture habitation road
test_34871,clear primary
test_34872,clear primary
test_34873,clear primary water
test_34874,clear primary
test_34875,clear primary
test_34876,clear haze primary
test_34877,clear partly_cloudy primary
test_34878,clear primary agriculture water cultivation
test_34879,clear primary
test_34880,clear primary
test_34881,partly_cloudy primary
test_34882,clear primary agriculture cultivation habitation road
test_34883,clear cloudy primary water
test_34884,clear primary
test_34885,clear primary
test_34886,clear primary water
test_34887,clear primary water artisinal_mine selective_logging
test_34888,clear primary water
test_34889,partly_cloudy primary agriculture water
test_34890,partly_cloudy primary
test_34891,clear primary agriculture water road
test_34892,partly_cloudy primary
test_34893,clear haze primary
test_34894,cloudy
test_34895,partly_cloudy primary
test_34896,clear primary
test_34897,clear primary agriculture habitation road
test_34898,clear primary
test_34899,partly_cloudy primary
test_34900,partly_cloudy primary
test_34901,clear primary agriculture water road bare_ground
test_34902,clear primary
test_34903,clear primary agriculture cultivation
test_34904,haze cloudy primary water
test_34905,clear primary
test_34906,partly_cloudy primary agriculture road
test_34907,partly_cloudy primary agriculture road
test_34908,clear primary
test_34909,clear primary agriculture water cultivation
test_34910,partly_cloudy primary water
test_34911,clear primary
test_34912,partly_cloudy primary
test_34913,partly_cloudy primary
test_34914,partly_cloudy primary agriculture road
test_34915,clear primary
test_34916,clear primary agriculture water habitation road
test_34917,clear primary
test_34918,partly_cloudy primary agriculture cultivation habitation road
test_34919,partly_cloudy primary agriculture
test_34920,clear primary
test_34921,partly_cloudy primary
test_34922,clear primary agriculture cultivation habitation
test_34923,clear primary agriculture cultivation
test_34924,clear primary
test_34925,clear primary
test_34926,clear primary agriculture cultivation habitation road
test_34927,clear primary agriculture cultivation
test_34928,partly_cloudy primary agriculture water road
test_34929,partly_cloudy cloudy primary
test_34930,clear primary
test_34931,clear primary
test_34932,clear primary agriculture habitation road
test_34933,clear primary
test_34934,clear primary agriculture bare_ground
test_34935,clear primary agriculture habitation road
test_34936,clear primary water
test_34937,clear primary agriculture water habitation road bare_ground artisinal_mine
test_34938,clear primary
test_34939,partly_cloudy primary
test_34940,haze cloudy
test_34941,partly_cloudy primary agriculture road
test_34942,partly_cloudy primary agriculture cultivation habitation road
test_34943,clear primary
test_34944,clear primary
test_34945,clear primary agriculture cultivation
test_34946,clear primary water road
test_34947,clear primary agriculture habitation road bare_ground
test_34948,clear primary agriculture water habitation road
test_34949,clear primary agriculture cultivation habitation
test_34950,clear primary agriculture water
test_34951,clear primary
test_34952,clear primary agriculture road
test_34953,clear primary agriculture
test_34954,clear primary agriculture water cultivation road
test_34955,clear haze primary
test_34956,haze cloudy
test_34957,partly_cloudy primary
test_34958,clear primary
test_34959,clear primary
test_34960,clear primary
test_34961,clear primary
test_34962,clear haze primary
test_34963,clear primary
test_34964,clear primary
test_34965,clear primary agriculture cultivation
test_34966,clear primary
test_34967,partly_cloudy primary
test_34968,clear primary
test_34969,clear primary water
test_34970,clear primary agriculture cultivation
test_34971,clear primary
test_34972,clear primary water bare_ground artisinal_mine
test_34973,clear primary agriculture water cultivation
test_34974,clear primary
test_34975,clear primary
test_34976,partly_cloudy primary
test_34977,partly_cloudy primary
test_34978,clear primary
test_34979,clear partly_cloudy primary agriculture cultivation
test_34980,clear primary
test_34981,clear primary
test_34982,clear primary agriculture cultivation
test_34983,clear primary
test_34984,clear primary agriculture road
test_34985,clear primary
test_34986,clear primary
test_34987,clear primary water
test_34988,clear cloudy agriculture water
test_34989,clear primary
test_34990,clear primary
test_34991,clear primary agriculture road bare_ground
test_34992,clear primary
test_34993,clear primary water
test_34994,clear primary
test_34995,clear haze primary agriculture road
test_34996,cloudy
test_34997,clear primary
test_34998,clear primary
test_34999,clear primary agriculture cultivation habitation road
test_35000,partly_cloudy primary
test_35001,clear primary
test_35002,clear partly_cloudy primary water road
test_35003,clear primary
test_35004,clear primary
test_35005,partly_cloudy primary agriculture
test_35006,haze partly_cloudy primary
test_35007,haze primary
test_35008,clear primary
test_35009,clear primary agriculture cultivation
test_35010,clear haze primary water
test_35011,clear primary
test_35012,clear primary agriculture cultivation habitation road
test_35013,clear primary
test_35014,clear primary
test_35015,clear primary water road selective_logging
test_35016,clear primary
test_35017,partly_cloudy primary
test_35018,clear primary
test_35019,clear primary
test_35020,clear primary
test_35021,clear primary agriculture cultivation
test_35022,haze primary
test_35023,clear primary
test_35024,clear primary water
test_35025,clear primary agriculture cultivation road
test_35026,partly_cloudy primary
test_35027,clear primary
test_35028,clear primary
test_35029,clear primary water
test_35030,partly_cloudy cloudy primary
test_35031,clear haze primary agriculture water cultivation road
test_35032,clear primary habitation road
test_35033,clear primary agriculture road
test_35034,clear primary
test_35035,clear primary
test_35036,cloudy
test_35037,clear primary
test_35038,clear primary
test_35039,cloudy
test_35040,clear primary agriculture cultivation
test_35041,clear primary
test_35042,clear primary agriculture road
test_35043,clear primary habitation road
test_35044,clear primary
test_35045,clear primary water road
test_35046,haze primary
test_35047,clear primary
test_35048,clear primary agriculture road
test_35049,partly_cloudy primary agriculture cultivation
test_35050,clear primary agriculture cultivation habitation road
test_35051,haze cloudy primary
test_35052,haze partly_cloudy primary agriculture cultivation
test_35053,clear primary agriculture road
test_35054,partly_cloudy primary agriculture road
test_35055,clear primary
test_35056,clear primary
test_35057,cloudy
test_35058,clear primary agriculture habitation road
test_35059,clear primary
test_35060,clear primary blooming
test_35061,clear haze primary agriculture road
test_35062,clear primary
test_35063,clear primary water
test_35064,clear primary
test_35065,partly_cloudy primary
test_35066,cloudy
test_35067,clear primary
test_35068,clear primary agriculture cultivation road
test_35069,clear primary
test_35070,clear primary
test_35071,clear primary
test_35072,clear primary agriculture cultivation habitation
test_35073,partly_cloudy primary agriculture water
test_35074,clear primary
test_35075,clear primary agriculture cultivation habitation road
test_35076,partly_cloudy primary agriculture road
test_35077,partly_cloudy primary
test_35078,clear primary
test_35079,clear primary
test_35080,clear primary agriculture habitation road
test_35081,clear primary
test_35082,clear primary
test_35083,clear primary agriculture road
test_35084,cloudy water
test_35085,clear primary
test_35086,clear primary agriculture cultivation
test_35087,clear primary
test_35088,clear primary
test_35089,partly_cloudy primary
test_35090,clear primary agriculture bare_ground
test_35091,cloudy
test_35092,clear primary
test_35093,clear primary
test_35094,partly_cloudy primary agriculture cultivation
test_35095,clear primary agriculture water cultivation
test_35096,clear primary
test_35097,clear primary
test_35098,haze primary
test_35099,clear primary agriculture habitation road
test_35100,clear primary
test_35101,clear primary agriculture cultivation
test_35102,clear primary agriculture
test_35103,clear partly_cloudy primary agriculture road
test_35104,cloudy
test_35105,clear primary
test_35106,clear primary agriculture road
test_35107,clear primary agriculture water cultivation
test_35108,clear primary
test_35109,clear primary agriculture habitation road
test_35110,partly_cloudy primary
test_35111,cloudy
test_35112,clear primary
test_35113,clear primary
test_35114,clear primary
test_35115,clear primary water
test_35116,clear primary
test_35117,clear primary agriculture cultivation
test_35118,clear primary
test_35119,clear primary agriculture water road
test_35120,clear primary agriculture cultivation
test_35121,clear primary
test_35122,clear primary agriculture cultivation
test_35123,clear partly_cloudy primary
test_35124,clear primary agriculture road
test_35125,partly_cloudy primary agriculture
test_35126,clear primary
test_35127,clear primary
test_35128,clear primary agriculture cultivation
test_35129,clear primary agriculture habitation road
test_35130,partly_cloudy primary agriculture road
test_35131,clear haze primary agriculture water cultivation habitation road
test_35132,clear primary
test_35133,clear haze primary agriculture cultivation
test_35134,clear primary
test_35135,cloudy
test_35136,clear primary
test_35137,clear primary agriculture water cultivation habitation road
test_35138,clear primary agriculture habitation road
test_35139,partly_cloudy primary
test_35140,clear primary agriculture water road
test_35141,clear primary agriculture cultivation road
test_35142,clear primary water
test_35143,clear primary
test_35144,clear primary agriculture
test_35145,clear primary agriculture cultivation road
test_35146,clear primary agriculture habitation road
test_35147,clear primary
test_35148,clear primary agriculture
test_35149,clear haze primary agriculture road
test_35150,clear primary agriculture
test_35151,clear primary
test_35152,clear primary
test_35153,partly_cloudy primary
test_35154,clear primary
test_35155,partly_cloudy primary
test_35156,haze primary
test_35157,clear primary
test_35158,clear primary
test_35159,partly_cloudy primary water
test_35160,clear primary water
test_35161,clear primary agriculture road
test_35162,clear primary agriculture cultivation habitation road
test_35163,partly_cloudy primary agriculture cultivation habitation road
test_35164,partly_cloudy primary
test_35165,clear partly_cloudy primary agriculture road
test_35166,clear primary agriculture water cultivation
test_35167,clear primary agriculture water habitation
test_35168,partly_cloudy primary
test_35169,partly_cloudy primary agriculture road
test_35170,clear primary water
test_35171,clear primary agriculture cultivation habitation road
test_35172,clear primary
test_35173,partly_cloudy primary water road
test_35174,clear primary water
test_35175,clear primary blooming
test_35176,partly_cloudy primary
test_35177,clear primary
test_35178,clear partly_cloudy primary agriculture cultivation habitation road
test_35179,clear primary
test_35180,clear primary
test_35181,haze cloudy
test_35182,partly_cloudy primary
test_35183,partly_cloudy primary
test_35184,partly_cloudy primary
test_35185,partly_cloudy primary agriculture
test_35186,partly_cloudy primary
test_35187,partly_cloudy primary
test_35188,clear primary agriculture cultivation
test_35189,clear primary
test_35190,haze primary water
test_35191,clear primary
test_35192,clear primary water conventional_mine bare_ground artisinal_mine
test_35193,clear haze primary agriculture
test_35194,clear primary
test_35195,clear primary
test_35196,clear primary agriculture water cultivation
test_35197,haze cloudy primary
test_35198,clear primary
test_35199,clear haze primary
test_35200,haze primary agriculture water
test_35201,partly_cloudy primary agriculture
test_35202,partly_cloudy primary
test_35203,partly_cloudy primary
test_35204,haze primary
test_35205,clear primary
test_35206,clear primary water
test_35207,clear primary
test_35208,clear primary
test_35209,clear partly_cloudy primary
test_35210,clear primary agriculture cultivation
test_35211,clear primary
test_35212,clear primary
test_35213,partly_cloudy primary agriculture habitation road
test_35214,clear primary agriculture cultivation
test_35215,clear primary agriculture cultivation
test_35216,clear primary agriculture water
test_35217,partly_cloudy primary
test_35218,clear primary agriculture road
test_35219,clear primary
test_35220,partly_cloudy primary
test_35221,clear cloudy water
test_35222,clear haze primary
test_35223,clear primary
test_35224,clear primary
test_35225,partly_cloudy primary
test_35226,clear primary
test_35227,clear primary agriculture water cultivation
test_35228,clear primary
test_35229,clear primary agriculture cultivation habitation road
test_35230,partly_cloudy primary
test_35231,clear primary agriculture cultivation habitation
test_35232,clear primary
test_35233,clear primary
test_35234,cloudy
test_35235,clear primary agriculture
test_35236,clear haze primary
test_35237,clear primary
test_35238,clear primary
test_35239,partly_cloudy primary agriculture water road
test_35240,clear primary agriculture cultivation
test_35241,clear primary
test_35242,clear primary water
test_35243,haze primary
test_35244,clear primary agriculture road
test_35245,haze primary water
test_35246,clear primary
test_35247,clear primary
test_35248,clear primary road selective_logging
test_35249,clear primary
test_35250,partly_cloudy primary
test_35251,partly_cloudy primary
test_35252,clear primary
test_35253,clear partly_cloudy primary agriculture road
test_35254,partly_cloudy primary
test_35255,clear primary
test_35256,clear primary
test_35257,clear primary
test_35258,clear primary agriculture road
test_35259,clear primary
test_35260,clear primary
test_35261,clear primary
test_35262,clear primary agriculture water bare_ground
test_35263,clear primary
test_35264,clear cloudy primary water
test_35265,haze cloudy primary
test_35266,clear primary agriculture water
test_35267,clear primary
test_35268,clear primary
test_35269,clear primary agriculture road
test_35270,clear primary agriculture cultivation
test_35271,clear primary water bare_ground artisinal_mine
test_35272,haze primary water road
test_35273,clear primary
test_35274,clear primary agriculture water habitation road
test_35275,clear primary agriculture habitation road
test_35276,clear primary agriculture water bare_ground
test_35277,partly_cloudy primary agriculture cultivation
test_35278,clear primary
test_35279,clear partly_cloudy primary
test_35280,partly_cloudy primary
test_35281,haze primary water
test_35282,clear primary water
test_35283,partly_cloudy cloudy primary agriculture road
test_35284,clear primary agriculture road
test_35285,clear partly_cloudy primary
test_35286,clear primary agriculture road
test_35287,partly_cloudy primary agriculture road
test_35288,clear primary agriculture water habitation road bare_ground artisinal_mine
test_35289,partly_cloudy primary
test_35290,haze primary water
test_35291,clear primary
test_35292,clear primary
test_35293,clear primary
test_35294,partly_cloudy primary agriculture cultivation road
test_35295,clear partly_cloudy primary agriculture habitation road
test_35296,clear primary
test_35297,clear primary agriculture habitation road
test_35298,clear primary agriculture
test_35299,partly_cloudy primary agriculture road
test_35300,clear partly_cloudy primary agriculture cultivation
test_35301,clear primary agriculture cultivation
test_35302,clear primary
test_35303,clear primary agriculture road
test_35304,clear primary agriculture habitation road
test_35305,clear primary agriculture habitation road
test_35306,clear primary
test_35307,clear primary
test_35308,clear primary agriculture cultivation
test_35309,clear haze primary
test_35310,clear primary
test_35311,clear primary
test_35312,clear primary agriculture water habitation road
test_35313,clear primary
test_35314,cloudy
test_35315,clear primary agriculture habitation road
test_35316,clear primary
test_35317,clear primary agriculture cultivation habitation road
test_35318,clear primary agriculture cultivation habitation road
test_35319,haze cloudy primary
test_35320,clear primary
test_35321,clear primary agriculture cultivation road
test_35322,clear primary
test_35323,clear primary
test_35324,partly_cloudy primary agriculture road
test_35325,clear primary agriculture road
test_35326,clear primary
test_35327,partly_cloudy primary
test_35328,partly_cloudy primary
test_35329,clear haze primary water
test_35330,clear primary
test_35331,clear partly_cloudy primary
test_35332,clear primary water
test_35333,cloudy
test_35334,clear primary
test_35335,partly_cloudy primary
test_35336,clear primary
test_35337,partly_cloudy primary
test_35338,clear partly_cloudy primary
test_35339,clear primary
test_35340,partly_cloudy primary agriculture cultivation
test_35341,clear primary agriculture water cultivation habitation
test_35342,partly_cloudy primary agriculture water
test_35343,clear primary water
test_35344,partly_cloudy primary
test_35345,clear primary
test_35346,clear primary agriculture road
test_35347,clear primary agriculture water habitation road
test_35348,clear primary agriculture water cultivation
test_35349,clear primary water
test_35350,clear primary
test_35351,clear primary
test_35352,partly_cloudy primary
test_35353,clear primary agriculture cultivation
test_35354,haze primary water
test_35355,clear primary
test_35356,clear primary
test_35357,clear primary
test_35358,clear primary
test_35359,partly_cloudy primary
test_35360,clear primary agriculture road
test_35361,clear partly_cloudy primary
test_35362,clear primary water
test_35363,clear primary agriculture cultivation
test_35364,clear partly_cloudy primary
test_35365,clear partly_cloudy primary agriculture water
test_35366,clear primary
test_35367,clear primary water
test_35368,clear primary
test_35369,partly_cloudy primary
test_35370,partly_cloudy primary agriculture habitation road
test_35371,clear primary agriculture habitation road
test_35372,clear primary
test_35373,clear primary
test_35374,clear primary agriculture habitation road
test_35375,partly_cloudy primary
test_35376,clear primary agriculture bare_ground
test_35377,clear primary
test_35378,clear cloudy water
test_35379,clear primary water
test_35380,clear primary agriculture cultivation
test_35381,clear primary agriculture cultivation
test_35382,clear primary agriculture water road bare_ground
test_35383,clear primary
test_35384,clear primary agriculture
test_35385,clear primary agriculture habitation road
test_35386,partly_cloudy primary agriculture
test_35387,clear primary water road
test_35388,partly_cloudy primary
test_35389,clear primary
test_35390,clear primary agriculture cultivation
test_35391,clear primary
test_35392,partly_cloudy primary agriculture
test_35393,clear primary agriculture road
test_35394,clear primary
test_35395,clear primary agriculture water cultivation
test_35396,partly_cloudy primary
test_35397,clear primary agriculture road
test_35398,clear primary
test_35399,clear primary agriculture cultivation habitation road
test_35400,clear primary
test_35401,haze cloudy
test_35402,clear partly_cloudy primary
test_35403,clear primary
test_35404,clear primary
test_35405,partly_cloudy primary water
test_35406,clear primary agriculture water
test_35407,clear primary water
test_35408,clear primary habitation road
test_35409,clear cloudy water
test_35410,clear primary
test_35411,haze primary
test_35412,clear primary agriculture habitation road
test_35413,clear primary
test_35414,partly_cloudy primary agriculture cultivation
test_35415,partly_cloudy primary agriculture road
test_35416,clear primary
test_35417,clear primary agriculture water
test_35418,clear primary agriculture road
test_35419,clear primary agriculture road
test_35420,clear primary
test_35421,partly_cloudy primary
test_35422,clear primary
test_35423,clear primary
test_35424,clear primary
test_35425,clear primary
test_35426,clear primary
test_35427,clear haze primary
test_35428,clear primary agriculture cultivation
test_35429,clear primary
test_35430,clear primary
test_35431,partly_cloudy primary water
test_35432,clear primary agriculture water habitation road bare_ground artisinal_mine
test_35433,clear partly_cloudy primary agriculture cultivation
test_35434,clear primary
test_35435,partly_cloudy primary agriculture water road
test_35436,clear primary
test_35437,haze cloudy primary
test_35438,clear primary agriculture water cultivation habitation road
test_35439,clear primary agriculture water
test_35440,clear primary cultivation
test_35441,clear primary agriculture water cultivation habitation
test_35442,clear primary agriculture water
test_35443,clear primary agriculture water
test_35444,clear primary
test_35445,partly_cloudy primary agriculture road
test_35446,clear partly_cloudy primary agriculture road
test_35447,partly_cloudy primary agriculture water
test_35448,clear primary habitation road
test_35449,clear primary agriculture habitation road
test_35450,clear primary
test_35451,clear haze primary agriculture cultivation
test_35452,partly_cloudy primary water
test_35453,clear cloudy water
test_35454,clear primary
test_35455,clear primary
test_35456,clear primary
test_35457,partly_cloudy primary
test_35458,partly_cloudy primary
test_35459,clear primary water road
test_35460,clear primary agriculture water
test_35461,clear primary agriculture habitation road
test_35462,clear primary
test_35463,clear primary agriculture cultivation road
test_35464,clear primary
test_35465,clear primary agriculture cultivation road
test_35466,clear primary
test_35467,clear primary
test_35468,clear primary agriculture water
test_35469,clear primary
test_35470,clear primary water
test_35471,cloudy
test_35472,partly_cloudy primary
test_35473,partly_cloudy primary
test_35474,clear primary
test_35475,clear primary
test_35476,partly_cloudy primary agriculture cultivation
test_35477,clear primary agriculture cultivation road
test_35478,clear primary
test_35479,clear primary
test_35480,clear primary agriculture water bare_ground
test_35481,clear primary agriculture water cultivation road
test_35482,haze primary
test_35483,clear haze primary
test_35484,partly_cloudy cloudy primary agriculture water
test_35485,clear primary agriculture water road
test_35486,clear primary
test_35487,clear primary
test_35488,partly_cloudy primary agriculture road
test_35489,clear primary
test_35490,clear primary
test_35491,clear primary agriculture cultivation habitation road
test_35492,clear primary agriculture habitation road
test_35493,clear primary
test_35494,clear primary
test_35495,cloudy
test_35496,clear primary agriculture habitation road
test_35497,clear primary agriculture water habitation road
test_35498,clear primary water
test_35499,partly_cloudy primary agriculture water
test_35500,clear primary
test_35501,clear primary agriculture cultivation
test_35502,clear primary agriculture cultivation
test_35503,clear partly_cloudy primary
test_35504,clear primary water
test_35505,partly_cloudy primary
test_35506,partly_cloudy primary agriculture cultivation
test_35507,partly_cloudy primary
test_35508,clear primary water
test_35509,clear primary water road artisinal_mine
test_35510,clear primary agriculture cultivation
test_35511,clear primary agriculture habitation road
test_35512,clear primary water road
test_35513,clear primary
test_35514,partly_cloudy primary agriculture road
test_35515,clear primary
test_35516,clear primary agriculture habitation road
test_35517,clear primary
test_35518,clear primary
test_35519,clear primary water
test_35520,partly_cloudy primary water
test_35521,partly_cloudy primary water road
test_35522,clear primary water
test_35523,clear partly_cloudy primary agriculture cultivation habitation
test_35524,clear primary agriculture habitation road
test_35525,clear primary agriculture cultivation
test_35526,partly_cloudy primary agriculture cultivation
test_35527,clear primary
test_35528,clear haze primary agriculture
test_35529,clear primary
test_35530,clear primary water road
test_35531,clear primary
test_35532,clear primary agriculture cultivation road
test_35533,clear primary
test_35534,clear primary
test_35535,clear primary agriculture road
test_35536,clear primary
test_35537,clear primary agriculture road
test_35538,clear primary agriculture water cultivation habitation road
test_35539,clear primary agriculture water road
test_35540,clear haze primary
test_35541,clear primary agriculture water cultivation
test_35542,clear primary
test_35543,clear primary
test_35544,clear primary agriculture cultivation
test_35545,clear primary road
test_35546,clear primary
test_35547,clear primary
test_35548,clear primary
test_35549,clear primary
test_35550,clear primary
test_35551,clear primary water
test_35552,clear primary
test_35553,clear primary water
test_35554,cloudy
test_35555,clear primary
test_35556,clear primary agriculture water cultivation
test_35557,clear primary agriculture cultivation road
test_35558,clear primary
test_35559,clear primary habitation road
test_35560,clear primary
test_35561,clear primary
test_35562,partly_cloudy primary agriculture water
test_35563,clear partly_cloudy primary
test_35564,haze cloudy primary
test_35565,partly_cloudy primary
test_35566,clear primary
test_35567,clear primary agriculture cultivation
test_35568,clear primary agriculture water cultivation road
test_35569,clear primary agriculture habitation road bare_ground
test_35570,haze cloudy primary
test_35571,haze primary agriculture cultivation
test_35572,cloudy
test_35573,clear primary
test_35574,partly_cloudy cloudy primary
test_35575,haze cloudy primary water
test_35576,clear primary agriculture water road
test_35577,clear primary water
test_35578,cloudy
test_35579,clear primary agriculture road
test_35580,clear haze primary agriculture habitation road
test_35581,partly_cloudy primary
test_35582,clear primary agriculture habitation road
test_35583,clear primary
test_35584,clear primary
test_35585,clear primary
test_35586,clear primary
test_35587,clear primary
test_35588,partly_cloudy primary
test_35589,partly_cloudy cloudy primary
test_35590,clear primary
test_35591,clear primary
test_35592,clear primary water
test_35593,clear primary
test_35594,clear primary agriculture road
test_35595,haze primary
test_35596,clear primary
test_35597,partly_cloudy primary
test_35598,clear primary agriculture water
test_35599,clear primary agriculture road
test_35600,clear primary
test_35601,clear primary
test_35602,clear primary agriculture cultivation
test_35603,clear primary agriculture cultivation
test_35604,clear primary
test_35605,cloudy
test_35606,clear primary agriculture road
test_35607,clear primary agriculture cultivation habitation road
test_35608,partly_cloudy primary agriculture
test_35609,clear primary
test_35610,clear primary
test_35611,clear primary agriculture road
test_35612,clear primary water
test_35613,clear primary agriculture cultivation
test_35614,haze cloudy
test_35615,clear primary agriculture cultivation
test_35616,clear primary agriculture cultivation
test_35617,clear primary agriculture water habitation road bare_ground artisinal_mine
test_35618,clear primary water
test_35619,clear primary
test_35620,partly_cloudy cloudy primary
test_35621,partly_cloudy primary
test_35622,clear primary agriculture habitation road
test_35623,cloudy
test_35624,clear primary
test_35625,clear primary
test_35626,partly_cloudy primary agriculture water road
test_35627,clear primary agriculture cultivation
test_35628,partly_cloudy primary agriculture habitation road
test_35629,partly_cloudy primary water
test_35630,clear primary agriculture cultivation
test_35631,partly_cloudy primary agriculture cultivation
test_35632,clear primary agriculture water cultivation habitation road
test_35633,clear primary agriculture
test_35634,clear primary
test_35635,clear primary
test_35636,clear primary agriculture road
test_35637,clear primary agriculture road
test_35638,clear primary
test_35639,clear primary agriculture water cultivation habitation road
test_35640,clear primary water
test_35641,partly_cloudy primary
test_35642,clear primary agriculture cultivation
test_35643,partly_cloudy primary agriculture cultivation
test_35644,clear primary water
test_35645,clear primary agriculture bare_ground
test_35646,clear primary agriculture road
test_35647,clear primary
test_35648,clear primary water
test_35649,clear partly_cloudy primary water
test_35650,partly_cloudy primary agriculture
test_35651,clear primary
test_35652,clear primary
test_35653,clear primary agriculture habitation road
test_35654,partly_cloudy primary agriculture cultivation habitation
test_35655,partly_cloudy primary
test_35656,clear primary water
test_35657,partly_cloudy primary
test_35658,clear primary
test_35659,cloudy
test_35660,partly_cloudy primary agriculture cultivation habitation road
test_35661,haze primary
test_35662,clear primary
test_35663,partly_cloudy primary agriculture road
test_35664,haze primary
test_35665,clear primary
test_35666,clear primary
test_35667,clear primary water road selective_logging
test_35668,clear primary
test_35669,clear primary
test_35670,clear primary agriculture road
test_35671,partly_cloudy primary
test_35672,partly_cloudy cloudy
test_35673,clear partly_cloudy primary water
test_35674,clear partly_cloudy primary agriculture road
test_35675,clear primary
test_35676,clear primary
test_35677,clear primary
test_35678,clear primary
test_35679,clear primary
test_35680,clear primary water
test_35681,haze primary water
test_35682,partly_cloudy primary
test_35683,partly_cloudy primary
test_35684,clear haze primary agriculture water cultivation
test_35685,clear partly_cloudy primary
test_35686,partly_cloudy primary agriculture habitation road
test_35687,clear primary
test_35688,clear primary agriculture water cultivation habitation
test_35689,clear primary agriculture cultivation
test_35690,clear primary
test_35691,partly_cloudy primary agriculture water habitation
test_35692,clear primary agriculture habitation road
test_35693,clear primary
test_35694,partly_cloudy primary agriculture water
test_35695,clear primary water road selective_logging
test_35696,partly_cloudy primary
test_35697,clear primary
test_35698,clear primary agriculture cultivation road
test_35699,clear primary agriculture road
test_35700,clear primary agriculture water
test_35701,clear primary agriculture water road
test_35702,partly_cloudy primary
test_35703,clear primary
test_35704,clear primary
test_35705,clear partly_cloudy primary
test_35706,haze primary
test_35707,partly_cloudy primary agriculture cultivation
test_35708,clear primary agriculture habitation road
test_35709,partly_cloudy primary
test_35710,haze primary
test_35711,clear primary agriculture
test_35712,cloudy
test_35713,clear primary agriculture cultivation habitation road
test_35714,partly_cloudy primary
test_35715,clear primary
test_35716,haze primary water
test_35717,clear primary agriculture water cultivation
test_35718,clear primary
test_35719,clear primary
test_35720,clear primary agriculture water
test_35721,clear primary agriculture cultivation habitation road
test_35722,partly_cloudy primary agriculture cultivation
test_35723,clear primary
test_35724,haze primary
test_35725,clear primary
test_35726,clear primary agriculture habitation road
test_35727,clear primary
test_35728,partly_cloudy primary agriculture water
test_35729,haze partly_cloudy primary water
test_35730,clear primary water
test_35731,clear primary agriculture water cultivation habitation
test_35732,clear primary water
test_35733,clear primary
test_35734,partly_cloudy cloudy primary water
test_35735,cloudy primary
test_35736,clear primary
test_35737,clear primary
test_35738,clear primary
test_35739,clear primary agriculture cultivation
test_35740,partly_cloudy primary
test_35741,clear primary agriculture cultivation
test_35742,partly_cloudy primary
test_35743,cloudy
test_35744,clear primary agriculture cultivation
test_35745,clear primary agriculture
test_35746,partly_cloudy primary
test_35747,partly_cloudy primary agriculture road
test_35748,clear primary
test_35749,clear primary agriculture cultivation
test_35750,clear primary
test_35751,cloudy
test_35752,clear primary
test_35753,clear primary
test_35754,clear primary
test_35755,clear primary blooming
test_35756,cloudy
test_35757,haze partly_cloudy primary
test_35758,partly_cloudy primary
test_35759,clear primary
test_35760,clear primary agriculture cultivation
test_35761,clear primary
test_35762,clear primary agriculture water road
test_35763,clear primary agriculture road
test_35764,clear primary agriculture cultivation
test_35765,clear primary water road
test_35766,clear primary agriculture cultivation
test_35767,clear primary
test_35768,haze primary
test_35769,clear primary
test_35770,clear primary agriculture water cultivation habitation road
test_35771,clear primary water
test_35772,partly_cloudy primary
test_35773,partly_cloudy primary water
test_35774,clear primary
test_35775,partly_cloudy primary
test_35776,clear cloudy water
test_35777,clear primary agriculture water cultivation habitation road
test_35778,clear primary agriculture road
test_35779,partly_cloudy primary agriculture water cultivation road
test_35780,partly_cloudy primary
test_35781,clear primary
test_35782,partly_cloudy primary water
test_35783,clear primary agriculture water
test_35784,partly_cloudy primary
test_35785,clear primary
test_35786,clear primary agriculture water cultivation
test_35787,clear primary agriculture road
test_35788,clear primary water
test_35789,clear primary agriculture cultivation habitation road
test_35790,clear haze primary agriculture water cultivation habitation road
test_35791,clear primary agriculture water cultivation road
test_35792,clear primary
test_35793,clear primary
test_35794,clear primary
test_35795,clear haze primary
test_35796,clear partly_cloudy primary
test_35797,partly_cloudy primary
test_35798,clear primary
test_35799,partly_cloudy primary agriculture water road
test_35800,clear primary
test_35801,clear primary
test_35802,clear primary agriculture water road
test_35803,clear primary
test_35804,partly_cloudy primary water road
test_35805,clear primary
test_35806,partly_cloudy primary
test_35807,haze primary
test_35808,clear haze primary water
test_35809,clear primary agriculture cultivation
test_35810,clear primary
test_35811,clear primary
test_35812,clear primary
test_35813,clear primary agriculture cultivation
test_35814,clear primary agriculture cultivation
test_35815,clear primary agriculture cultivation
test_35816,clear cloudy primary agriculture water road conventional_mine bare_ground
test_35817,partly_cloudy primary
test_35818,clear primary water
test_35819,clear primary agriculture water
test_35820,clear primary agriculture cultivation
test_35821,clear primary
test_35822,partly_cloudy primary agriculture road
test_35823,clear primary agriculture cultivation habitation road
test_35824,clear primary agriculture water cultivation habitation road bare_ground artisinal_mine
test_35825,partly_cloudy primary agriculture
test_35826,clear primary
test_35827,partly_cloudy primary water
test_35828,clear primary
test_35829,clear primary water
test_35830,clear primary agriculture road bare_ground
test_35831,cloudy
test_35832,clear primary agriculture habitation road
test_35833,clear primary agriculture cultivation habitation road
test_35834,cloudy
test_35835,partly_cloudy primary agriculture road
test_35836,partly_cloudy primary
test_35837,clear primary agriculture habitation
test_35838,clear primary
test_35839,partly_cloudy primary agriculture road
test_35840,clear primary
test_35841,clear primary agriculture water
test_35842,clear partly_cloudy primary
test_35843,clear primary
test_35844,cloudy
test_35845,haze cloudy primary
test_35846,partly_cloudy primary
test_35847,clear haze primary
test_35848,clear primary agriculture bare_ground
test_35849,clear primary
test_35850,clear primary
test_35851,clear primary agriculture water road
test_35852,partly_cloudy primary agriculture water habitation road
test_35853,clear primary
test_35854,clear primary
test_35855,clear primary
test_35856,clear primary agriculture cultivation habitation road
test_35857,clear primary
test_35858,haze cloudy primary water
test_35859,clear primary
test_35860,clear primary agriculture
test_35861,clear primary agriculture cultivation
test_35862,clear primary agriculture cultivation
test_35863,haze primary water
test_35864,clear primary
test_35865,clear primary
test_35866,clear primary agriculture road
test_35867,clear primary agriculture habitation road
test_35868,haze primary
test_35869,haze primary
test_35870,clear primary
test_35871,clear primary
test_35872,clear primary
test_35873,clear primary
test_35874,partly_cloudy primary agriculture cultivation
test_35875,clear primary water
test_35876,haze cloudy water
test_35877,clear primary
test_35878,clear primary agriculture cultivation
test_35879,clear primary
test_35880,clear primary agriculture cultivation
test_35881,clear primary agriculture road
test_35882,partly_cloudy primary agriculture water
test_35883,partly_cloudy cloudy
test_35884,clear primary
test_35885,clear primary
test_35886,partly_cloudy primary
test_35887,partly_cloudy primary agriculture road
test_35888,clear primary
test_35889,clear primary
test_35890,clear primary
test_35891,clear primary
test_35892,clear primary
test_35893,clear primary
test_35894,clear primary water
test_35895,clear primary water
test_35896,cloudy
test_35897,partly_cloudy primary agriculture water
test_35898,clear primary agriculture water road
test_35899,clear primary
test_35900,clear primary agriculture cultivation road
test_35901,clear primary agriculture cultivation habitation road
test_35902,clear primary
test_35903,clear primary
test_35904,partly_cloudy primary agriculture road
test_35905,clear primary
test_35906,clear partly_cloudy primary agriculture habitation road
test_35907,clear primary
test_35908,clear primary agriculture road
test_35909,clear primary
test_35910,clear primary agriculture habitation road bare_ground
test_35911,clear haze primary water
test_35912,clear partly_cloudy primary
test_35913,clear primary agriculture water cultivation
test_35914,partly_cloudy primary agriculture water
test_35915,clear primary agriculture water cultivation habitation
test_35916,partly_cloudy primary water
test_35917,partly_cloudy cloudy primary
test_35918,clear primary
test_35919,clear primary agriculture
test_35920,clear primary agriculture water cultivation road
test_35921,partly_cloudy primary
test_35922,haze primary
test_35923,clear primary agriculture cultivation habitation road
test_35924,clear primary
test_35925,clear primary agriculture cultivation road
test_35926,clear partly_cloudy primary agriculture habitation road
test_35927,cloudy
test_35928,clear primary
test_35929,clear primary agriculture road
test_35930,clear primary agriculture water cultivation habitation road
test_35931,partly_cloudy primary
test_35932,clear primary agriculture cultivation road
test_35933,clear primary agriculture road
test_35934,clear primary agriculture water cultivation
test_35935,clear primary
test_35936,clear primary
test_35937,clear primary agriculture water
test_35938,clear primary
test_35939,partly_cloudy primary
test_35940,partly_cloudy primary
test_35941,clear primary agriculture cultivation
test_35942,clear primary agriculture habitation road
test_35943,clear primary agriculture cultivation habitation road
test_35944,clear primary agriculture cultivation habitation road
test_35945,clear primary
test_35946,partly_cloudy primary agriculture water
test_35947,clear primary agriculture water cultivation road
test_35948,haze cloudy
test_35949,clear primary agriculture habitation road
test_35950,clear primary agriculture cultivation road
test_35951,clear primary agriculture water road
test_35952,clear primary
test_35953,clear primary agriculture cultivation habitation road
test_35954,cloudy
test_35955,clear primary agriculture cultivation
test_35956,clear primary
test_35957,partly_cloudy primary
test_35958,clear primary agriculture road
test_35959,clear primary water
test_35960,clear primary
test_35961,clear primary
test_35962,haze cloudy primary
test_35963,clear primary
test_35964,clear primary
test_35965,haze primary
test_35966,partly_cloudy primary water
test_35967,partly_cloudy primary agriculture water road
test_35968,haze cloudy primary
test_35969,clear primary
test_35970,clear partly_cloudy primary
test_35971,clear primary agriculture cultivation habitation
test_35972,clear primary water
test_35973,clear primary
test_35974,clear primary agriculture habitation road
test_35975,clear primary
test_35976,clear primary
test_35977,partly_cloudy primary
test_35978,clear primary
test_35979,clear primary
test_35980,clear primary water
test_35981,clear primary agriculture cultivation habitation
test_35982,clear primary
test_35983,clear haze primary agriculture water
test_35984,partly_cloudy primary water
test_35985,clear primary
test_35986,clear primary
test_35987,clear primary
test_35988,clear primary agriculture habitation road
test_35989,partly_cloudy primary agriculture road
test_35990,clear primary
test_35991,clear primary
test_35992,partly_cloudy primary agriculture cultivation habitation road
test_35993,clear primary
test_35994,clear primary
test_35995,partly_cloudy primary
test_35996,clear primary agriculture cultivation
test_35997,clear primary
test_35998,clear haze primary
test_35999,haze primary
test_36000,clear primary
test_36001,clear primary
test_36002,partly_cloudy primary agriculture water
test_36003,clear primary agriculture road
test_36004,clear primary agriculture water road
test_36005,clear agriculture bare_ground
test_36006,clear primary water road bare_ground artisinal_mine
test_36007,clear primary
test_36008,clear primary agriculture cultivation
test_36009,partly_cloudy primary
test_36010,clear primary
test_36011,clear partly_cloudy primary
test_36012,clear primary
test_36013,partly_cloudy primary
test_36014,clear primary water
test_36015,clear primary water
test_36016,clear primary water
test_36017,clear primary agriculture cultivation habitation road
test_36018,cloudy
test_36019,cloudy
test_36020,clear primary agriculture road
test_36021,clear primary
test_36022,clear partly_cloudy primary agriculture water
test_36023,clear primary
test_36024,clear primary agriculture habitation road
test_36025,clear primary
test_36026,cloudy
test_36027,partly_cloudy primary
test_36028,haze primary agriculture water road
test_36029,partly_cloudy primary
test_36030,clear partly_cloudy primary agriculture cultivation
test_36031,clear primary water bare_ground artisinal_mine
test_36032,clear primary water road
test_36033,partly_cloudy primary agriculture water cultivation road
test_36034,clear primary
test_36035,clear primary
test_36036,clear primary
test_36037,clear primary water
test_36038,clear primary
test_36039,clear primary agriculture habitation road
test_36040,clear primary
test_36041,clear primary
test_36042,clear primary
test_36043,partly_cloudy primary agriculture water
test_36044,clear primary agriculture cultivation habitation
test_36045,clear haze primary agriculture
test_36046,clear primary
test_36047,clear primary water
test_36048,clear primary
test_36049,clear primary agriculture water cultivation
test_36050,clear primary agriculture habitation road
test_36051,clear primary
test_36052,haze primary
test_36053,clear primary agriculture water bare_ground
test_36054,clear cloudy water
test_36055,clear primary agriculture cultivation
test_36056,partly_cloudy primary agriculture cultivation
test_36057,haze cloudy primary
test_36058,partly_cloudy primary agriculture cultivation habitation
test_36059,clear primary agriculture cultivation habitation
test_36060,cloudy
test_36061,clear primary agriculture cultivation habitation
test_36062,haze primary
test_36063,haze primary water
test_36064,clear primary
test_36065,clear primary agriculture water
test_36066,clear primary
test_36067,clear primary
test_36068,clear primary agriculture water cultivation road
test_36069,clear primary
test_36070,clear primary agriculture road
test_36071,clear primary agriculture road
test_36072,clear primary
test_36073,clear primary
test_36074,clear primary agriculture cultivation habitation road
test_36075,partly_cloudy primary
test_36076,clear haze partly_cloudy primary agriculture water habitation
test_36077,haze primary agriculture water road
test_36078,clear primary agriculture habitation road
test_36079,clear primary agriculture road
test_36080,clear primary agriculture road
test_36081,clear primary
test_36082,clear primary
test_36083,clear primary agriculture cultivation
test_36084,partly_cloudy primary
test_36085,clear primary agriculture cultivation
test_36086,clear primary agriculture cultivation habitation
test_36087,clear primary water road
test_36088,clear primary
test_36089,clear primary
test_36090,clear primary water habitation road conventional_mine bare_ground artisinal_mine
test_36091,clear primary agriculture cultivation
test_36092,clear primary
test_36093,partly_cloudy primary agriculture cultivation road
test_36094,clear primary agriculture water habitation road
test_36095,partly_cloudy primary
test_36096,clear primary agriculture cultivation
test_36097,clear primary
test_36098,clear primary
test_36099,clear primary agriculture cultivation habitation road
test_36100,partly_cloudy primary
test_36101,clear primary agriculture cultivation
test_36102,clear primary
test_36103,clear primary agriculture road
test_36104,clear primary water
test_36105,haze primary
test_36106,clear primary agriculture cultivation road
test_36107,clear primary agriculture water
test_36108,partly_cloudy primary agriculture cultivation habitation road
test_36109,partly_cloudy primary agriculture cultivation habitation road
test_36110,clear primary
test_36111,clear primary
test_36112,partly_cloudy primary agriculture cultivation
test_36113,clear primary
test_36114,clear primary
test_36115,clear primary
test_36116,clear primary habitation road
test_36117,clear primary agriculture cultivation
test_36118,clear primary agriculture water road
test_36119,clear primary
test_36120,clear primary agriculture cultivation habitation road
test_36121,clear primary
test_36122,clear primary
test_36123,clear primary agriculture cultivation habitation road
test_36124,clear primary
test_36125,haze primary
test_36126,clear primary agriculture
test_36127,clear primary
test_36128,clear primary agriculture cultivation
test_36129,clear primary agriculture water habitation road
test_36130,clear primary
test_36131,clear primary
test_36132,clear primary agriculture cultivation habitation road
test_36133,clear haze primary
test_36134,clear primary
test_36135,haze primary agriculture water
test_36136,clear primary
test_36137,clear partly_cloudy primary agriculture road
test_36138,partly_cloudy primary
test_36139,clear primary
test_36140,clear primary
test_36141,clear primary water road
test_36142,clear partly_cloudy primary agriculture water road
test_36143,clear primary agriculture road
test_36144,clear primary agriculture road bare_ground
test_36145,clear primary
test_36146,cloudy
test_36147,clear primary
test_36148,clear primary agriculture
test_36149,clear primary
test_36150,clear partly_cloudy primary agriculture cultivation
test_36151,clear primary agriculture habitation road
test_36152,clear primary agriculture habitation road
test_36153,clear primary
test_36154,clear cloudy agriculture bare_ground
test_36155,clear primary
test_36156,partly_cloudy primary
test_36157,clear primary agriculture water
test_36158,clear primary
test_36159,clear primary
test_36160,clear haze primary agriculture cultivation
test_36161,clear primary agriculture cultivation
test_36162,clear cloudy water
test_36163,clear primary agriculture cultivation
test_36164,clear primary agriculture cultivation
test_36165,clear primary
test_36166,partly_cloudy primary agriculture
test_36167,partly_cloudy primary
test_36168,clear primary
test_36169,clear primary
test_36170,partly_cloudy primary agriculture water
test_36171,partly_cloudy primary
test_36172,clear haze primary
test_36173,clear primary agriculture water
test_36174,clear primary agriculture road
test_36175,clear primary agriculture cultivation road
test_36176,clear primary
test_36177,clear primary agriculture water road
test_36178,clear primary
test_36179,clear primary
test_36180,clear primary agriculture water road
test_36181,clear primary
test_36182,clear primary
test_36183,clear primary agriculture water cultivation road
test_36184,clear primary
test_36185,clear primary
test_36186,clear primary blooming
test_36187,partly_cloudy cloudy primary
test_36188,clear primary agriculture cultivation
test_36189,partly_cloudy primary
test_36190,clear primary
test_36191,clear cloudy agriculture bare_ground
test_36192,clear primary water
test_36193,clear primary
test_36194,clear primary
test_36195,clear primary water
test_36196,clear primary
test_36197,clear primary agriculture road
test_36198,partly_cloudy primary
test_36199,clear primary
test_36200,clear primary
test_36201,partly_cloudy cloudy primary water
test_36202,clear primary agriculture road
test_36203,haze primary
test_36204,clear primary agriculture cultivation
test_36205,clear primary
test_36206,clear primary agriculture road
test_36207,clear primary
test_36208,clear primary
test_36209,clear primary agriculture road
test_36210,clear primary agriculture road
test_36211,clear primary
test_36212,clear primary
test_36213,clear primary
test_36214,clear primary water road
test_36215,clear primary water
test_36216,clear partly_cloudy primary
test_36217,clear primary
test_36218,clear primary agriculture habitation road
test_36219,clear primary
test_36220,clear haze primary agriculture cultivation
test_36221,haze primary agriculture road
test_36222,clear primary agriculture water cultivation
test_36223,clear primary agriculture cultivation
test_36224,partly_cloudy primary agriculture cultivation
test_36225,clear partly_cloudy primary agriculture habitation road
test_36226,clear haze primary
test_36227,clear primary agriculture habitation road bare_ground
test_36228,clear primary agriculture water cultivation habitation road
test_36229,clear primary
test_36230,clear primary agriculture road
test_36231,partly_cloudy primary agriculture water cultivation
test_36232,clear primary
test_36233,clear primary
test_36234,clear primary agriculture road
test_36235,partly_cloudy primary
test_36236,clear primary
test_36237,clear primary agriculture water road
test_36238,clear primary agriculture cultivation habitation
test_36239,clear primary agriculture habitation road
test_36240,clear primary agriculture water
test_36241,clear primary agriculture habitation road
test_36242,haze primary
test_36243,clear primary agriculture cultivation
test_36244,partly_cloudy primary agriculture road
test_36245,clear primary water habitation road bare_ground artisinal_mine
test_36246,clear primary
test_36247,partly_cloudy primary agriculture water road
test_36248,clear primary agriculture water
test_36249,clear primary agriculture road
test_36250,clear primary agriculture road
test_36251,clear primary agriculture water habitation road
test_36252,clear primary
test_36253,clear primary agriculture road
test_36254,clear primary
test_36255,clear partly_cloudy primary agriculture water road
test_36256,clear partly_cloudy primary
test_36257,clear primary
test_36258,clear primary
test_36259,partly_cloudy primary agriculture cultivation road
test_36260,clear primary agriculture habitation road
test_36261,clear primary agriculture habitation road
test_36262,clear primary agriculture cultivation
test_36263,clear primary
test_36264,clear primary
test_36265,clear primary agriculture cultivation
test_36266,clear primary agriculture bare_ground
test_36267,clear primary water
test_36268,clear primary
test_36269,partly_cloudy primary water road
test_36270,clear partly_cloudy primary agriculture cultivation habitation
test_36271,clear primary agriculture cultivation
test_36272,clear primary
test_36273,clear primary agriculture road
test_36274,clear primary water road
test_36275,clear primary water habitation road conventional_mine bare_ground artisinal_mine
test_36276,clear primary agriculture habitation road
test_36277,clear primary water road
test_36278,cloudy
test_36279,clear cloudy primary water
test_36280,clear primary
test_36281,partly_cloudy primary
test_36282,clear primary
test_36283,haze cloudy primary
test_36284,clear primary agriculture road
test_36285,partly_cloudy primary
test_36286,clear primary agriculture cultivation
test_36287,clear primary
test_36288,clear primary
test_36289,clear primary
test_36290,clear primary agriculture cultivation
test_36291,clear partly_cloudy primary agriculture cultivation
test_36292,clear primary agriculture cultivation
test_36293,clear primary agriculture cultivation road
test_36294,clear primary
test_36295,clear primary water
test_36296,cloudy
test_36297,partly_cloudy primary
test_36298,partly_cloudy primary water
test_36299,clear primary agriculture habitation road
test_36300,clear primary agriculture water
test_36301,partly_cloudy primary
test_36302,partly_cloudy primary agriculture water
test_36303,partly_cloudy primary agriculture
test_36304,clear haze primary agriculture cultivation
test_36305,clear primary
test_36306,clear primary agriculture cultivation habitation road
test_36307,clear primary
test_36308,cloudy
test_36309,clear primary
test_36310,clear primary
test_36311,clear primary
test_36312,clear primary agriculture cultivation habitation
test_36313,clear primary
test_36314,clear primary agriculture cultivation bare_ground
test_36315,clear primary
test_36316,clear primary
test_36317,clear primary
test_36318,clear primary agriculture cultivation
test_36319,partly_cloudy primary
test_36320,clear primary agriculture cultivation
test_36321,clear primary agriculture cultivation
test_36322,clear primary
test_36323,clear primary
test_36324,clear primary agriculture habitation road bare_ground
test_36325,clear primary water
test_36326,clear primary
test_36327,clear primary
test_36328,partly_cloudy primary agriculture water cultivation road
test_36329,clear primary water
test_36330,clear primary
test_36331,clear primary
test_36332,clear primary water
test_36333,clear haze primary agriculture
test_36334,clear primary
test_36335,clear cloudy water
test_36336,partly_cloudy primary
test_36337,clear primary
test_36338,clear primary
test_36339,haze cloudy primary
test_36340,partly_cloudy primary agriculture water
test_36341,partly_cloudy primary agriculture road
test_36342,clear primary agriculture water cultivation habitation
test_36343,haze cloudy
test_36344,partly_cloudy primary agriculture cultivation
test_36345,clear cloudy water
test_36346,clear primary agriculture water cultivation road
test_36347,clear primary
test_36348,clear primary water road selective_logging
test_36349,clear haze primary water
test_36350,clear primary agriculture water habitation road
test_36351,clear primary
test_36352,cloudy
test_36353,partly_cloudy primary
test_36354,clear primary
test_36355,clear primary agriculture cultivation
test_36356,clear primary agriculture water cultivation
test_36357,clear primary water road
test_36358,clear primary agriculture habitation road
test_36359,clear primary
test_36360,clear primary water road bare_ground artisinal_mine
test_36361,clear primary water
test_36362,clear primary water
test_36363,partly_cloudy primary
test_36364,clear primary
test_36365,clear primary
test_36366,partly_cloudy primary agriculture water
test_36367,clear primary agriculture habitation road
test_36368,clear primary agriculture water cultivation
test_36369,clear primary
test_36370,clear primary
test_36371,clear primary agriculture water cultivation
test_36372,clear primary
test_36373,clear primary agriculture cultivation
test_36374,clear primary
test_36375,clear primary road selective_logging
test_36376,clear primary habitation road
test_36377,clear primary
test_36378,clear haze primary agriculture water
test_36379,clear primary water
test_36380,clear primary agriculture cultivation
test_36381,clear primary
test_36382,clear primary
test_36383,partly_cloudy primary agriculture water habitation road
test_36384,clear primary agriculture water cultivation habitation road
test_36385,clear primary
test_36386,clear primary agriculture cultivation habitation road
test_36387,clear primary
test_36388,clear primary agriculture cultivation habitation road
test_36389,clear primary
test_36390,partly_cloudy cloudy water
test_36391,clear primary water
test_36392,clear primary
test_36393,cloudy
test_36394,clear primary
test_36395,clear primary agriculture
test_36396,clear primary
test_36397,clear primary agriculture water road bare_ground
test_36398,partly_cloudy primary
test_36399,clear partly_cloudy primary
test_36400,partly_cloudy primary
test_36401,cloudy
test_36402,clear primary water
test_36403,clear primary
test_36404,clear primary water
test_36405,cloudy
test_36406,clear primary agriculture habitation road
test_36407,cloudy
test_36408,clear primary agriculture water
test_36409,clear primary agriculture water habitation road
test_36410,clear primary agriculture habitation road
test_36411,clear primary
test_36412,cloudy
test_36413,clear primary
test_36414,cloudy
test_36415,clear primary
test_36416,clear primary agriculture water cultivation habitation road
test_36417,clear primary agriculture road
test_36418,cloudy
test_36419,clear primary
test_36420,clear primary
test_36421,clear primary
test_36422,clear primary agriculture road
test_36423,partly_cloudy primary
test_36424,clear primary
test_36425,clear primary
test_36426,partly_cloudy primary agriculture cultivation
test_36427,clear primary
test_36428,clear primary water
test_36429,clear primary agriculture cultivation
test_36430,clear primary
test_36431,clear primary
test_36432,clear primary agriculture habitation road
test_36433,partly_cloudy primary
test_36434,clear primary agriculture water cultivation
test_36435,clear primary agriculture cultivation habitation road
test_36436,clear primary cultivation
test_36437,clear primary
test_36438,clear primary agriculture water habitation road bare_ground
test_36439,cloudy
test_36440,partly_cloudy primary agriculture road
test_36441,clear primary
test_36442,partly_cloudy primary agriculture cultivation habitation
test_36443,partly_cloudy primary
test_36444,partly_cloudy primary agriculture road
test_36445,clear primary agriculture water road
test_36446,clear primary agriculture habitation road
test_36447,clear primary
test_36448,clear primary
test_36449,clear primary
test_36450,clear primary water
test_36451,clear haze primary agriculture water
test_36452,clear primary agriculture cultivation
test_36453,haze primary
test_36454,clear primary agriculture cultivation habitation road
test_36455,clear primary water
test_36456,partly_cloudy primary
test_36457,clear primary
test_36458,clear primary agriculture cultivation bare_ground
test_36459,clear primary
test_36460,clear primary water bare_ground artisinal_mine
test_36461,clear primary agriculture cultivation
test_36462,clear primary
test_36463,cloudy
test_36464,partly_cloudy primary
test_36465,clear primary agriculture habitation road
test_36466,partly_cloudy primary
test_36467,clear primary agriculture
test_36468,partly_cloudy primary agriculture
test_36469,clear primary
test_36470,partly_cloudy primary water road
test_36471,cloudy
test_36472,partly_cloudy cloudy primary
test_36473,clear primary
test_36474,haze primary
test_36475,clear haze primary water
test_36476,clear haze primary
test_36477,clear primary
test_36478,clear primary agriculture habitation road
test_36479,clear primary
test_36480,clear primary
test_36481,clear primary
test_36482,clear primary
test_36483,clear primary
test_36484,clear primary agriculture cultivation road
test_36485,partly_cloudy primary
test_36486,clear primary agriculture cultivation
test_36487,clear primary
test_36488,clear primary
test_36489,haze cloudy primary
test_36490,clear primary
test_36491,clear primary agriculture cultivation road
test_36492,haze primary water
test_36493,clear primary water
test_36494,clear primary
test_36495,clear primary
test_36496,clear primary
test_36497,clear primary
test_36498,clear cloudy water
test_36499,clear primary
test_36500,clear primary agriculture water habitation road
test_36501,clear primary agriculture water bare_ground
test_36502,clear primary
test_36503,clear primary
test_36504,clear primary agriculture water
test_36505,clear primary
test_36506,cloudy
test_36507,clear primary agriculture water cultivation
test_36508,clear cloudy water
test_36509,clear primary habitation road
test_36510,clear primary agriculture road
test_36511,partly_cloudy primary water
test_36512,partly_cloudy primary agriculture
test_36513,clear primary water bare_ground artisinal_mine
test_36514,clear primary water road
test_36515,partly_cloudy primary agriculture cultivation
test_36516,clear primary agriculture cultivation
test_36517,cloudy
test_36518,partly_cloudy primary
test_36519,clear primary
test_36520,clear primary
test_36521,clear primary blooming
test_36522,clear primary
test_36523,partly_cloudy primary
test_36524,clear primary
test_36525,partly_cloudy primary
test_36526,clear primary
test_36527,clear primary agriculture habitation road
test_36528,clear primary
test_36529,clear primary
test_36530,haze primary
test_36531,clear primary agriculture habitation road
test_36532,clear primary cultivation
test_36533,clear primary
test_36534,cloudy
test_36535,clear primary
test_36536,partly_cloudy primary agriculture road
test_36537,clear primary
test_36538,clear haze primary
test_36539,clear partly_cloudy primary
test_36540,clear primary water road
test_36541,clear primary water
test_36542,clear primary
test_36543,partly_cloudy primary water
test_36544,cloudy
test_36545,clear primary agriculture cultivation habitation
test_36546,clear primary agriculture water road
test_36547,partly_cloudy primary
test_36548,clear primary
test_36549,clear primary
test_36550,clear primary
test_36551,partly_cloudy primary
test_36552,clear haze primary
test_36553,clear primary agriculture road
test_36554,clear primary agriculture water road
test_36555,partly_cloudy primary
test_36556,clear primary
test_36557,clear primary
test_36558,clear primary
test_36559,clear primary
test_36560,clear primary agriculture bare_ground
test_36561,clear primary water
test_36562,clear primary
test_36563,clear haze primary agriculture water road
test_36564,clear haze primary
test_36565,clear partly_cloudy primary
test_36566,clear haze primary water
test_36567,clear primary agriculture water cultivation habitation road
test_36568,clear cloudy water
test_36569,clear primary
test_36570,clear primary
test_36571,clear primary
test_36572,clear primary agriculture cultivation
test_36573,clear primary agriculture water
test_36574,clear primary water road
test_36575,clear primary agriculture cultivation habitation road
test_36576,clear primary agriculture water cultivation
test_36577,clear primary
test_36578,haze cloudy primary
test_36579,haze primary water
test_36580,clear partly_cloudy primary agriculture road
test_36581,partly_cloudy primary
test_36582,partly_cloudy primary
test_36583,clear haze primary agriculture water
test_36584,clear primary
test_36585,clear primary
test_36586,clear primary water
test_36587,clear primary
test_36588,clear primary agriculture water cultivation habitation road
test_36589,clear primary
test_36590,haze partly_cloudy primary agriculture water road
test_36591,clear primary
test_36592,haze cloudy primary
test_36593,cloudy water
test_36594,clear primary agriculture cultivation habitation road
test_36595,partly_cloudy primary
test_36596,clear haze primary
test_36597,clear primary agriculture cultivation
test_36598,haze cloudy primary
test_36599,clear primary agriculture road
test_36600,clear primary agriculture cultivation habitation road
test_36601,clear primary
test_36602,clear primary
test_36603,clear primary agriculture road
test_36604,clear primary
test_36605,clear primary
test_36606,cloudy
test_36607,partly_cloudy primary
test_36608,clear primary blooming
test_36609,clear primary
test_36610,clear primary
test_36611,clear primary
test_36612,clear primary agriculture cultivation
test_36613,clear primary agriculture cultivation
test_36614,clear primary
test_36615,clear primary
test_36616,clear haze primary agriculture cultivation
test_36617,clear primary
test_36618,clear primary agriculture cultivation
test_36619,clear primary
test_36620,clear primary
test_36621,partly_cloudy primary water
test_36622,partly_cloudy primary agriculture water cultivation
test_36623,clear primary agriculture cultivation habitation road
test_36624,clear primary
test_36625,clear primary water
test_36626,clear primary agriculture water road
test_36627,clear primary agriculture cultivation
test_36628,clear primary agriculture cultivation road
test_36629,clear primary
test_36630,clear partly_cloudy primary agriculture water cultivation habitation road
test_36631,clear primary agriculture road
test_36632,haze partly_cloudy primary
test_36633,clear primary
test_36634,clear primary agriculture habitation road
test_36635,clear partly_cloudy primary
test_36636,clear partly_cloudy primary agriculture cultivation
test_36637,clear primary
test_36638,clear primary
test_36639,clear primary agriculture water cultivation habitation road
test_36640,clear primary water
test_36641,partly_cloudy primary
test_36642,clear primary
test_36643,clear primary
test_36644,clear haze primary
test_36645,clear partly_cloudy primary agriculture road
test_36646,clear primary water
test_36647,clear primary
test_36648,clear primary agriculture cultivation habitation
test_36649,clear primary agriculture water cultivation
test_36650,clear primary
test_36651,clear primary water road selective_logging
test_36652,clear primary agriculture water cultivation habitation road
test_36653,clear haze primary water
test_36654,partly_cloudy primary agriculture cultivation habitation road
test_36655,clear primary agriculture cultivation
test_36656,clear primary
test_36657,clear primary
test_36658,clear primary agriculture cultivation
test_36659,clear primary agriculture water habitation road
test_36660,clear primary agriculture water cultivation road
test_36661,clear primary
test_36662,clear primary water road
test_36663,clear primary agriculture
test_36664,clear primary
test_36665,clear primary agriculture cultivation
test_36666,clear primary agriculture habitation road
test_36667,partly_cloudy primary
test_36668,clear primary
test_36669,clear primary
test_36670,clear primary agriculture cultivation habitation road
test_36671,clear primary
test_36672,clear primary water
test_36673,clear primary
test_36674,clear haze primary agriculture cultivation
test_36675,partly_cloudy primary agriculture road
test_36676,clear primary
test_36677,haze cloudy
test_36678,cloudy
test_36679,clear primary water
test_36680,clear primary
test_36681,clear primary
test_36682,partly_cloudy primary
test_36683,clear primary
test_36684,clear primary
test_36685,clear primary water
test_36686,clear primary
test_36687,clear primary agriculture cultivation habitation road
test_36688,clear primary agriculture cultivation
test_36689,partly_cloudy primary
test_36690,clear primary agriculture water road
test_36691,haze cloudy primary
test_36692,partly_cloudy primary
test_36693,clear primary agriculture cultivation habitation
test_36694,clear primary road selective_logging
test_36695,haze primary
test_36696,clear primary agriculture habitation road
test_36697,clear primary
test_36698,clear primary
test_36699,clear primary
test_36700,partly_cloudy primary
test_36701,clear primary
test_36702,clear primary agriculture cultivation
test_36703,clear primary
test_36704,cloudy
test_36705,clear primary agriculture cultivation
test_36706,haze partly_cloudy primary water
test_36707,partly_cloudy primary
test_36708,haze primary
test_36709,partly_cloudy primary
test_36710,clear primary
test_36711,clear primary agriculture water
test_36712,partly_cloudy primary agriculture cultivation
test_36713,clear primary water road
test_36714,clear partly_cloudy primary agriculture
test_36715,cloudy
test_36716,clear primary agriculture water road
test_36717,clear primary
test_36718,clear primary
test_36719,clear primary
test_36720,partly_cloudy primary agriculture water
test_36721,haze cloudy primary
test_36722,clear primary
test_36723,clear primary agriculture road
test_36724,clear primary agriculture road
test_36725,partly_cloudy primary
test_36726,clear primary agriculture cultivation
test_36727,partly_cloudy primary agriculture habitation road
test_36728,clear primary
test_36729,clear primary
test_36730,partly_cloudy primary agriculture cultivation
test_36731,clear primary
test_36732,clear primary
test_36733,clear primary habitation road
test_36734,clear haze primary agriculture cultivation
test_36735,clear primary water road
test_36736,clear primary
test_36737,clear primary
test_36738,clear primary agriculture cultivation
test_36739,clear haze primary water
test_36740,haze cloudy primary
test_36741,clear primary
test_36742,haze cloudy primary
test_36743,clear primary agriculture water cultivation habitation road
test_36744,partly_cloudy primary
test_36745,clear partly_cloudy primary
test_36746,clear primary
test_36747,clear primary
test_36748,clear primary
test_36749,clear haze primary
test_36750,clear primary agriculture habitation road
test_36751,clear primary water road artisinal_mine selective_logging
test_36752,partly_cloudy primary
test_36753,clear primary water
test_36754,cloudy
test_36755,clear haze primary agriculture habitation road
test_36756,clear primary agriculture cultivation
test_36757,clear primary agriculture cultivation road
test_36758,clear primary agriculture cultivation habitation road
test_36759,clear primary
test_36760,clear primary
test_36761,clear primary agriculture road
test_36762,haze cloudy primary
test_36763,clear primary water
test_36764,clear primary
test_36765,partly_cloudy primary
test_36766,clear primary water road
test_36767,clear primary water
test_36768,clear primary
test_36769,clear primary agriculture cultivation habitation road
test_36770,clear primary agriculture cultivation habitation road
test_36771,cloudy
test_36772,clear primary agriculture cultivation
test_36773,clear primary
test_36774,partly_cloudy primary agriculture road
test_36775,clear primary agriculture habitation road
test_36776,clear primary
test_36777,clear primary agriculture water
test_36778,clear primary agriculture cultivation
test_36779,clear haze partly_cloudy primary agriculture cultivation
test_36780,clear primary agriculture cultivation road
test_36781,clear primary agriculture habitation road
test_36782,clear primary
test_36783,clear primary agriculture water cultivation habitation road bare_ground
test_36784,clear primary agriculture cultivation
test_36785,clear primary
test_36786,haze primary agriculture water road
test_36787,clear primary
test_36788,clear primary
test_36789,clear primary
test_36790,clear primary
test_36791,clear primary
test_36792,clear primary agriculture habitation road
test_36793,clear primary agriculture cultivation habitation road
test_36794,clear primary
test_36795,clear primary
test_36796,partly_cloudy primary agriculture road
test_36797,clear primary agriculture cultivation habitation
test_36798,clear primary agriculture water road
test_36799,clear primary
test_36800,clear primary agriculture water cultivation road
test_36801,partly_cloudy primary
test_36802,clear primary
test_36803,partly_cloudy primary agriculture road
test_36804,partly_cloudy primary
test_36805,clear primary agriculture road
test_36806,clear primary
test_36807,clear haze primary water
test_36808,clear primary
test_36809,clear primary
test_36810,clear primary
test_36811,clear primary agriculture cultivation road
test_36812,haze partly_cloudy primary
test_36813,clear partly_cloudy primary agriculture water cultivation habitation road
test_36814,clear primary agriculture cultivation habitation road
test_36815,clear primary agriculture water
test_36816,clear primary cultivation
test_36817,clear primary
test_36818,clear primary
test_36819,clear primary
test_36820,clear primary
test_36821,clear primary
test_36822,clear primary water
test_36823,clear primary
test_36824,partly_cloudy primary
test_36825,clear primary
test_36826,clear primary
test_36827,clear primary
test_36828,partly_cloudy primary
test_36829,clear primary agriculture road
test_36830,clear primary agriculture water road
test_36831,clear primary
test_36832,haze cloudy primary water
test_36833,clear primary
test_36834,clear primary water
test_36835,partly_cloudy primary agriculture habitation road
test_36836,partly_cloudy primary agriculture cultivation
test_36837,clear primary
test_36838,clear primary
test_36839,clear primary agriculture habitation road
test_36840,clear primary
test_36841,clear primary agriculture water cultivation habitation
test_36842,clear partly_cloudy primary
test_36843,clear primary
test_36844,clear primary
test_36845,clear primary
test_36846,clear primary water road selective_logging
test_36847,clear primary agriculture water
test_36848,partly_cloudy primary
test_36849,clear primary agriculture cultivation
test_36850,clear primary agriculture cultivation road
test_36851,clear primary water
test_36852,cloudy
test_36853,clear primary water
test_36854,cloudy
test_36855,clear primary
test_36856,clear primary agriculture water
test_36857,partly_cloudy primary agriculture
test_36858,clear primary agriculture
test_36859,clear primary agriculture cultivation
test_36860,clear partly_cloudy primary
test_36861,clear primary water
test_36862,clear primary
test_36863,clear primary
test_36864,clear primary agriculture water habitation road selective_logging
test_36865,clear primary
test_36866,clear primary agriculture water habitation road
test_36867,clear haze primary
test_36868,clear primary
test_36869,clear primary blooming selective_logging
test_36870,clear primary
test_36871,partly_cloudy primary
test_36872,partly_cloudy primary
test_36873,clear primary agriculture road
test_36874,clear primary
test_36875,clear primary
test_36876,clear primary
test_36877,clear primary agriculture cultivation
test_36878,clear primary water road
test_36879,haze cloudy
test_36880,clear primary
test_36881,clear primary blooming
test_36882,clear primary agriculture water bare_ground
test_36883,clear primary water artisinal_mine selective_logging
test_36884,clear primary agriculture cultivation road
test_36885,clear primary agriculture cultivation
test_36886,clear primary water road
test_36887,partly_cloudy primary agriculture road
test_36888,haze cloudy primary
test_36889,clear primary agriculture habitation road
test_36890,partly_cloudy primary
test_36891,partly_cloudy primary agriculture water habitation road
test_36892,clear primary agriculture water habitation
test_36893,clear primary agriculture water cultivation
test_36894,clear primary
test_36895,clear primary agriculture cultivation
test_36896,clear partly_cloudy primary agriculture cultivation
test_36897,clear primary
test_36898,cloudy
test_36899,clear primary water
test_36900,clear primary agriculture road
test_36901,partly_cloudy cloudy primary
test_36902,clear primary
test_36903,clear primary
test_36904,partly_cloudy cloudy
test_36905,clear primary
test_36906,clear primary agriculture cultivation
test_36907,clear primary water road
test_36908,clear primary
test_36909,haze primary agriculture
test_36910,clear primary agriculture road
test_36911,clear primary agriculture water habitation road
test_36912,clear primary agriculture cultivation habitation road
test_36913,clear primary agriculture cultivation road
test_36914,partly_cloudy primary agriculture road
test_36915,clear primary agriculture road bare_ground
test_36916,clear haze primary water
test_36917,clear primary
test_36918,clear primary agriculture road
test_36919,clear partly_cloudy primary agriculture cultivation
test_36920,partly_cloudy primary
test_36921,clear primary
test_36922,clear primary
test_36923,clear partly_cloudy primary agriculture road
test_36924,clear primary agriculture cultivation
test_36925,clear primary agriculture water bare_ground
test_36926,clear primary agriculture habitation road
test_36927,clear primary agriculture water cultivation
test_36928,clear primary water
test_36929,clear primary agriculture water
test_36930,clear primary agriculture habitation road
test_36931,clear primary
test_36932,haze primary agriculture water road
test_36933,clear primary
test_36934,clear primary agriculture cultivation habitation road
test_36935,partly_cloudy primary agriculture
test_36936,clear primary water
test_36937,partly_cloudy primary
test_36938,clear haze primary agriculture water cultivation
test_36939,haze partly_cloudy primary agriculture water road
test_36940,clear primary
test_36941,clear primary agriculture water habitation road
test_36942,clear primary agriculture water road
test_36943,clear primary
test_36944,clear primary
test_36945,clear primary water habitation road bare_ground artisinal_mine
test_36946,clear primary
test_36947,clear primary
test_36948,haze primary
test_36949,clear primary water road
test_36950,clear primary
test_36951,clear partly_cloudy primary water
test_36952,partly_cloudy primary agriculture water road
test_36953,clear primary agriculture cultivation
test_36954,partly_cloudy primary agriculture cultivation
test_36955,clear primary
test_36956,clear primary agriculture
test_36957,clear primary
test_36958,clear primary
test_36959,clear primary
test_36960,haze primary
test_36961,clear primary water
test_36962,clear primary water
test_36963,partly_cloudy primary
test_36964,clear primary agriculture water cultivation habitation road
test_36965,clear primary
test_36966,clear partly_cloudy primary
test_36967,clear primary
test_36968,clear primary
test_36969,haze cloudy primary
test_36970,clear primary agriculture cultivation
test_36971,clear primary water
test_36972,partly_cloudy primary agriculture
test_36973,clear primary agriculture road
test_36974,clear primary
test_36975,clear primary agriculture water cultivation
test_36976,partly_cloudy primary
test_36977,partly_cloudy primary
test_36978,partly_cloudy primary agriculture water
test_36979,partly_cloudy primary water road
test_36980,clear primary
test_36981,partly_cloudy primary agriculture water road
test_36982,clear primary
test_36983,clear primary agriculture cultivation
test_36984,clear primary
test_36985,clear primary
test_36986,clear primary
test_36987,clear partly_cloudy primary agriculture water cultivation habitation
test_36988,clear primary agriculture habitation road
test_36989,partly_cloudy primary water
test_36990,partly_cloudy primary agriculture water habitation road artisinal_mine
test_36991,clear partly_cloudy primary agriculture road
test_36992,partly_cloudy primary agriculture road
test_36993,clear primary
test_36994,haze primary
test_36995,clear haze primary water
test_36996,clear primary
test_36997,clear primary
test_36998,clear primary agriculture water cultivation road
test_36999,clear primary
test_37000,clear primary
test_37001,clear primary agriculture habitation road
test_37002,clear primary
test_37003,clear primary
test_37004,clear primary agriculture water bare_ground
test_37005,clear primary agriculture road
test_37006,clear primary agriculture cultivation road
test_37007,clear primary
test_37008,partly_cloudy primary
test_37009,clear primary
test_37010,clear primary agriculture habitation road
test_37011,partly_cloudy primary agriculture cultivation
test_37012,clear primary
test_37013,clear primary agriculture cultivation habitation road
test_37014,partly_cloudy primary agriculture
test_37015,haze cloudy primary
test_37016,clear primary
test_37017,clear primary agriculture
test_37018,clear primary
test_37019,clear primary agriculture cultivation habitation
test_37020,clear primary
test_37021,haze primary
test_37022,cloudy
test_37023,clear primary agriculture water road
test_37024,clear primary
test_37025,clear primary agriculture
test_37026,clear primary
test_37027,partly_cloudy primary agriculture
test_37028,clear primary
test_37029,clear primary
test_37030,clear primary
test_37031,clear primary
test_37032,partly_cloudy primary
test_37033,partly_cloudy primary
test_37034,clear haze primary water
test_37035,clear primary agriculture road
test_37036,clear primary water road artisinal_mine
test_37037,clear primary
test_37038,clear primary
test_37039,clear primary
test_37040,clear primary agriculture
test_37041,haze primary agriculture water road
test_37042,clear haze primary
test_37043,clear partly_cloudy primary agriculture habitation road
test_37044,clear primary agriculture cultivation habitation road
test_37045,clear primary
test_37046,clear primary blooming
test_37047,clear primary agriculture water cultivation habitation road
test_37048,clear primary agriculture road
test_37049,haze cloudy
test_37050,clear primary
test_37051,clear primary
test_37052,clear primary agriculture cultivation
test_37053,clear primary
test_37054,clear haze primary agriculture habitation road
test_37055,clear primary agriculture water road
test_37056,partly_cloudy primary
test_37057,clear primary agriculture cultivation
test_37058,partly_cloudy primary agriculture cultivation
test_37059,clear primary
test_37060,partly_cloudy primary agriculture cultivation
test_37061,clear primary
test_37062,clear primary water
test_37063,partly_cloudy primary agriculture
test_37064,clear primary
test_37065,clear primary agriculture habitation road
test_37066,clear primary water road
test_37067,clear primary agriculture cultivation habitation
test_37068,haze cloudy primary
test_37069,clear primary water road selective_logging
test_37070,clear primary water
test_37071,clear primary agriculture road
test_37072,clear primary
test_37073,clear primary
test_37074,clear primary agriculture habitation road
test_37075,partly_cloudy primary agriculture road
test_37076,clear primary agriculture cultivation habitation road
test_37077,clear primary
test_37078,partly_cloudy primary agriculture road
test_37079,partly_cloudy primary agriculture road
test_37080,clear cloudy
test_37081,clear primary
test_37082,clear primary agriculture cultivation habitation road
test_37083,haze primary
test_37084,partly_cloudy primary agriculture cultivation
test_37085,clear primary agriculture road
test_37086,clear primary
test_37087,clear haze cloudy primary water
test_37088,clear primary agriculture road
test_37089,clear primary
test_37090,partly_cloudy primary agriculture habitation road
test_37091,clear primary
test_37092,partly_cloudy primary agriculture water road
test_37093,cloudy
test_37094,partly_cloudy cloudy primary
test_37095,clear primary agriculture
test_37096,haze cloudy primary
test_37097,clear primary
test_37098,haze primary
test_37099,clear primary
test_37100,clear primary agriculture water cultivation
test_37101,clear primary
test_37102,clear primary
test_37103,clear primary
test_37104,clear primary
test_37105,partly_cloudy primary
test_37106,clear primary
test_37107,clear primary
test_37108,cloudy
test_37109,clear primary
test_37110,clear primary agriculture cultivation
test_37111,clear primary agriculture cultivation
test_37112,clear primary agriculture habitation road
test_37113,clear primary
test_37114,clear primary
test_37115,partly_cloudy primary
test_37116,partly_cloudy cloudy primary agriculture water road
test_37117,clear primary
test_37118,partly_cloudy cloudy primary
test_37119,clear primary
test_37120,clear primary
test_37121,clear primary water road
test_37122,clear primary
test_37123,cloudy
test_37124,clear haze primary agriculture water cultivation
test_37125,clear primary water road
test_37126,clear primary agriculture cultivation
test_37127,clear primary
test_37128,haze primary
test_37129,clear primary
test_37130,haze cloudy primary
test_37131,clear primary
test_37132,haze primary water road
test_37133,partly_cloudy primary agriculture cultivation habitation
test_37134,clear primary agriculture habitation road
test_37135,partly_cloudy primary water
test_37136,clear primary
test_37137,clear primary
test_37138,clear primary
test_37139,clear primary
test_37140,partly_cloudy primary agriculture
test_37141,clear primary agriculture road
test_37142,clear primary
test_37143,clear primary
test_37144,clear haze primary agriculture cultivation
test_37145,clear partly_cloudy primary
test_37146,clear primary agriculture water cultivation
test_37147,partly_cloudy primary agriculture water
test_37148,clear primary
test_37149,clear primary
test_37150,clear primary agriculture cultivation
test_37151,clear primary
test_37152,haze cloudy primary water
test_37153,clear primary agriculture
test_37154,clear haze primary water
test_37155,clear primary
test_37156,clear primary agriculture cultivation road
test_37157,clear primary
test_37158,clear primary agriculture road
test_37159,clear primary agriculture water cultivation
test_37160,clear primary
test_37161,clear primary agriculture cultivation
test_37162,clear primary
test_37163,partly_cloudy primary
test_37164,clear primary
test_37165,clear primary water
test_37166,clear primary agriculture habitation road
test_37167,clear primary
test_37168,haze primary
test_37169,clear primary
test_37170,clear primary agriculture road
test_37171,clear haze primary agriculture cultivation habitation road
test_37172,clear primary water road artisinal_mine
test_37173,clear primary water
test_37174,clear primary
test_37175,clear haze primary agriculture cultivation
test_37176,clear primary
test_37177,clear primary
test_37178,partly_cloudy primary
test_37179,clear primary agriculture water cultivation road
test_37180,partly_cloudy primary
test_37181,clear partly_cloudy primary
test_37182,clear primary
test_37183,haze cloudy
test_37184,clear primary agriculture habitation road
test_37185,haze cloudy primary
test_37186,clear primary water road
test_37187,clear primary agriculture water bare_ground artisinal_mine
test_37188,clear primary agriculture road
test_37189,clear primary
test_37190,partly_cloudy primary agriculture water road
test_37191,clear haze primary agriculture road
test_37192,clear primary agriculture habitation road
test_37193,clear primary agriculture cultivation
test_37194,clear primary
test_37195,haze primary
test_37196,clear primary
test_37197,clear primary
test_37198,partly_cloudy primary agriculture road
test_37199,clear primary agriculture water
test_37200,clear primary
test_37201,clear primary road selective_logging
test_37202,clear primary
test_37203,clear primary agriculture water road
test_37204,clear primary agriculture cultivation
test_37205,cloudy
test_37206,clear primary
test_37207,clear primary agriculture cultivation
test_37208,clear primary agriculture road
test_37209,partly_cloudy primary agriculture cultivation road
test_37210,clear primary
test_37211,clear primary
test_37212,clear primary water
test_37213,partly_cloudy primary water road
test_37214,clear primary water
test_37215,clear primary agriculture habitation road
test_37216,clear haze primary agriculture cultivation
test_37217,clear primary agriculture cultivation
test_37218,clear primary
test_37219,partly_cloudy primary
test_37220,clear primary agriculture cultivation
test_37221,clear primary agriculture
test_37222,clear primary
test_37223,clear primary
test_37224,clear primary agriculture water bare_ground
test_37225,clear primary water road conventional_mine bare_ground artisinal_mine
test_37226,haze primary water
test_37227,clear primary agriculture
test_37228,clear primary
test_37229,clear primary agriculture
test_37230,clear primary agriculture cultivation habitation
test_37231,clear primary
test_37232,clear primary water
test_37233,clear primary water
test_37234,clear primary agriculture cultivation road
test_37235,clear primary
test_37236,clear primary water bare_ground artisinal_mine
test_37237,clear primary agriculture water habitation road
test_37238,partly_cloudy primary
test_37239,clear primary agriculture habitation road
test_37240,clear primary agriculture water cultivation
test_37241,clear primary
test_37242,clear cloudy primary water
test_37243,haze cloudy primary
test_37244,clear primary
test_37245,partly_cloudy primary
test_37246,clear primary
test_37247,clear primary agriculture cultivation habitation road
test_37248,clear primary agriculture habitation road
test_37249,clear primary
test_37250,clear primary
test_37251,clear primary
test_37252,clear primary
test_37253,partly_cloudy primary
test_37254,clear primary
test_37255,haze primary
test_37256,clear primary
test_37257,clear primary blooming
test_37258,partly_cloudy primary agriculture
test_37259,clear primary agriculture cultivation
test_37260,clear primary
test_37261,clear primary
test_37262,clear haze primary agriculture cultivation habitation
test_37263,clear primary agriculture water
test_37264,clear primary agriculture water cultivation
test_37265,clear primary
test_37266,clear primary
test_37267,clear primary
test_37268,clear primary
test_37269,clear primary agriculture water habitation road
test_37270,clear primary agriculture cultivation
test_37271,partly_cloudy primary agriculture cultivation
test_37272,clear primary
test_37273,clear primary agriculture habitation road
test_37274,clear primary
test_37275,clear haze primary
test_37276,clear primary agriculture bare_ground
test_37277,clear haze primary water
test_37278,clear primary agriculture water cultivation habitation road
test_37279,clear primary
test_37280,clear primary
test_37281,partly_cloudy primary agriculture water habitation road
test_37282,clear haze primary
test_37283,clear primary
test_37284,clear primary
test_37285,clear primary agriculture water road
test_37286,partly_cloudy primary
test_37287,clear primary
test_37288,clear primary water
test_37289,clear primary
test_37290,clear primary
test_37291,clear primary water
test_37292,clear primary
test_37293,clear primary agriculture water road
test_37294,partly_cloudy primary agriculture water road
test_37295,haze cloudy
test_37296,clear primary agriculture road
test_37297,clear primary agriculture water road
test_37298,haze primary
test_37299,clear primary water road
test_37300,clear primary
test_37301,clear primary agriculture cultivation
test_37302,clear primary agriculture cultivation
test_37303,clear primary
test_37304,clear primary agriculture habitation road
test_37305,clear primary agriculture habitation road
test_37306,clear primary agriculture water
test_37307,clear primary
test_37308,clear primary
test_37309,clear primary agriculture water
test_37310,clear primary
test_37311,clear primary water
test_37312,clear primary agriculture cultivation
test_37313,clear partly_cloudy primary agriculture habitation road
test_37314,clear primary
test_37315,partly_cloudy primary agriculture
test_37316,clear primary
test_37317,clear primary
test_37318,clear primary agriculture road
test_37319,clear primary
test_37320,partly_cloudy primary agriculture
test_37321,clear primary
test_37322,partly_cloudy primary
test_37323,clear primary
test_37324,clear cloudy water
test_37325,partly_cloudy primary water road
test_37326,cloudy water
test_37327,partly_cloudy primary water road
test_37328,clear primary water road
test_37329,haze primary
test_37330,partly_cloudy primary
test_37331,clear primary cultivation
test_37332,clear primary agriculture cultivation habitation road
test_37333,clear primary agriculture water habitation road
test_37334,clear primary
test_37335,partly_cloudy primary
test_37336,clear primary
test_37337,clear primary
test_37338,clear primary agriculture habitation road
test_37339,partly_cloudy primary
test_37340,clear haze primary agriculture road
test_37341,clear primary agriculture cultivation habitation
test_37342,clear primary
test_37343,clear primary agriculture habitation road
test_37344,clear primary water road
test_37345,haze primary water
test_37346,clear primary
test_37347,clear primary
test_37348,clear haze primary agriculture cultivation
test_37349,clear primary agriculture water road
test_37350,clear agriculture road bare_ground
test_37351,partly_cloudy primary water
test_37352,clear primary
test_37353,partly_cloudy primary
test_37354,partly_cloudy primary
test_37355,partly_cloudy primary
test_37356,partly_cloudy primary agriculture cultivation
test_37357,clear primary agriculture road
test_37358,cloudy
test_37359,haze cloudy primary
test_37360,clear primary agriculture road
test_37361,clear primary water
test_37362,clear primary agriculture water road
test_37363,partly_cloudy primary
test_37364,clear primary agriculture water cultivation
test_37365,clear primary agriculture cultivation
test_37366,clear haze primary water
test_37367,clear primary agriculture habitation road
test_37368,clear partly_cloudy primary
test_37369,clear primary agriculture water road bare_ground
test_37370,clear primary water road selective_logging
test_37371,clear primary
test_37372,clear primary agriculture
test_37373,partly_cloudy primary water
test_37374,clear partly_cloudy primary
test_37375,partly_cloudy primary agriculture habitation road
test_37376,partly_cloudy primary agriculture water cultivation
test_37377,haze cloudy primary
test_37378,clear primary
test_37379,clear primary agriculture cultivation
test_37380,partly_cloudy primary agriculture
test_37381,clear primary
test_37382,haze primary
test_37383,clear haze primary agriculture
test_37384,clear primary agriculture water
test_37385,clear primary
test_37386,clear primary
test_37387,clear primary
test_37388,partly_cloudy primary agriculture cultivation
test_37389,clear primary agriculture water
test_37390,clear primary agriculture cultivation
test_37391,clear primary
test_37392,clear cloudy water
test_37393,clear primary agriculture water cultivation habitation artisinal_mine
test_37394,clear primary
test_37395,clear primary blooming
test_37396,clear primary blooming
test_37397,clear primary agriculture cultivation
test_37398,cloudy
test_37399,clear haze primary
test_37400,clear primary agriculture cultivation
test_37401,clear primary water
test_37402,clear primary
test_37403,partly_cloudy primary
test_37404,clear primary agriculture water road
test_37405,clear haze primary agriculture water road
test_37406,partly_cloudy primary
test_37407,clear primary water road
test_37408,clear primary agriculture cultivation habitation road
test_37409,clear primary
test_37410,clear primary agriculture cultivation
test_37411,clear primary
test_37412,partly_cloudy primary
test_37413,clear primary
test_37414,haze primary agriculture water
test_37415,haze cloudy primary
test_37416,clear primary
test_37417,clear primary water
test_37418,clear primary agriculture road
test_37419,clear primary water
test_37420,partly_cloudy primary agriculture cultivation road
test_37421,clear primary agriculture habitation road
test_37422,clear primary
test_37423,clear primary
test_37424,partly_cloudy primary
test_37425,clear primary agriculture water cultivation
test_37426,clear primary
test_37427,clear primary agriculture bare_ground
test_37428,clear primary agriculture
test_37429,partly_cloudy primary
test_37430,clear primary
test_37431,clear cloudy primary water
test_37432,haze partly_cloudy primary agriculture
test_37433,clear primary
test_37434,clear primary agriculture water cultivation
test_37435,clear primary
test_37436,clear primary water
test_37437,clear primary
test_37438,partly_cloudy primary
test_37439,clear primary agriculture
test_37440,clear primary habitation road
test_37441,partly_cloudy primary
test_37442,partly_cloudy primary agriculture water
test_37443,partly_cloudy primary
test_37444,clear primary agriculture road
test_37445,clear primary
test_37446,clear primary
test_37447,clear primary
test_37448,clear primary
test_37449,partly_cloudy primary agriculture water
test_37450,partly_cloudy primary agriculture
test_37451,clear partly_cloudy primary
test_37452,clear primary agriculture water habitation road
test_37453,clear primary
test_37454,clear primary agriculture road
test_37455,clear primary water
test_37456,clear primary
test_37457,clear primary agriculture habitation road
test_37458,clear primary
test_37459,clear primary agriculture road
test_37460,clear primary
test_37461,clear primary
test_37462,clear partly_cloudy primary
test_37463,partly_cloudy primary agriculture water
test_37464,clear primary agriculture water cultivation
test_37465,partly_cloudy primary
test_37466,clear primary
test_37467,clear primary agriculture water road
test_37468,clear primary
test_37469,clear primary agriculture cultivation
test_37470,clear primary
test_37471,clear primary
test_37472,clear primary agriculture water habitation road
test_37473,clear primary water road
test_37474,clear primary
test_37475,partly_cloudy primary agriculture water
test_37476,clear primary agriculture
test_37477,partly_cloudy primary water
test_37478,partly_cloudy primary
test_37479,haze primary water road
test_37480,clear primary
test_37481,clear primary
test_37482,clear primary
test_37483,partly_cloudy cloudy primary
test_37484,clear primary blooming
test_37485,clear primary
test_37486,clear primary agriculture cultivation
test_37487,clear primary
test_37488,clear primary water
test_37489,clear primary agriculture water cultivation habitation road
test_37490,clear partly_cloudy primary water
test_37491,cloudy
test_37492,clear primary
test_37493,clear primary
test_37494,partly_cloudy primary
test_37495,clear primary
test_37496,clear primary water artisinal_mine
test_37497,clear primary agriculture bare_ground
test_37498,clear partly_cloudy primary agriculture water road
test_37499,clear primary
test_37500,haze cloudy primary
test_37501,clear primary water road
test_37502,clear primary water road
test_37503,clear primary agriculture road
test_37504,partly_cloudy primary agriculture water cultivation habitation road
test_37505,clear primary agriculture cultivation habitation
test_37506,clear primary
test_37507,clear primary
test_37508,clear primary
test_37509,clear primary
test_37510,cloudy
test_37511,clear primary agriculture cultivation road
test_37512,clear primary agriculture cultivation
test_37513,clear primary
test_37514,clear primary
test_37515,clear primary water artisinal_mine
test_37516,clear primary agriculture road bare_ground
test_37517,clear primary agriculture cultivation
test_37518,clear primary water
test_37519,clear primary water
test_37520,partly_cloudy primary
test_37521,partly_cloudy primary
test_37522,clear primary
test_37523,partly_cloudy primary
test_37524,clear primary
test_37525,clear primary agriculture cultivation habitation road
test_37526,clear partly_cloudy primary agriculture
test_37527,clear primary water
test_37528,clear primary
test_37529,clear primary agriculture cultivation
test_37530,clear primary
test_37531,clear primary
test_37532,clear primary
test_37533,partly_cloudy cloudy
test_37534,clear primary
test_37535,clear primary
test_37536,clear primary agriculture cultivation
test_37537,clear primary agriculture habitation road
test_37538,partly_cloudy primary
test_37539,clear primary agriculture cultivation
test_37540,partly_cloudy primary
test_37541,haze cloudy primary
test_37542,clear primary
test_37543,clear primary
test_37544,clear partly_cloudy primary
test_37545,clear primary
test_37546,clear primary
test_37547,clear primary agriculture water
test_37548,clear primary
test_37549,clear primary
test_37550,partly_cloudy primary
test_37551,clear primary
test_37552,clear primary
test_37553,clear primary agriculture road
test_37554,clear primary
test_37555,clear primary
test_37556,clear partly_cloudy primary agriculture cultivation
test_37557,haze primary agriculture water
test_37558,partly_cloudy primary agriculture cultivation
test_37559,clear primary
test_37560,clear partly_cloudy primary agriculture road
test_37561,partly_cloudy primary agriculture water
test_37562,haze primary
test_37563,clear primary water road
test_37564,clear haze primary agriculture water road
test_37565,clear primary agriculture habitation road
test_37566,clear primary
test_37567,clear primary
test_37568,clear primary agriculture cultivation
test_37569,clear primary
test_37570,clear primary
test_37571,clear partly_cloudy primary
test_37572,partly_cloudy primary agriculture road
test_37573,partly_cloudy primary agriculture cultivation
test_37574,partly_cloudy primary
test_37575,partly_cloudy primary agriculture road
test_37576,haze partly_cloudy primary agriculture water road
test_37577,haze partly_cloudy primary agriculture water
test_37578,clear haze primary
test_37579,haze primary agriculture water
test_37580,clear primary agriculture habitation road
test_37581,partly_cloudy primary agriculture cultivation
test_37582,haze primary
test_37583,haze cloudy primary
test_37584,clear primary
test_37585,clear primary agriculture cultivation
test_37586,haze primary
test_37587,clear primary agriculture cultivation habitation road
test_37588,clear primary agriculture cultivation habitation
test_37589,clear primary agriculture cultivation habitation
test_37590,partly_cloudy primary agriculture
test_37591,clear haze primary agriculture road
test_37592,clear partly_cloudy primary
test_37593,haze primary
test_37594,partly_cloudy primary
test_37595,clear primary
test_37596,clear haze primary
test_37597,clear partly_cloudy primary agriculture habitation road
test_37598,partly_cloudy primary
test_37599,clear primary
test_37600,clear primary
test_37601,clear primary
test_37602,clear primary
test_37603,clear primary water bare_ground artisinal_mine
test_37604,partly_cloudy primary agriculture road
test_37605,partly_cloudy primary agriculture habitation road
test_37606,clear primary
test_37607,clear primary
test_37608,clear primary agriculture road
test_37609,clear primary agriculture cultivation
test_37610,clear haze primary agriculture cultivation road
test_37611,clear primary
test_37612,clear primary
test_37613,clear primary agriculture cultivation
test_37614,partly_cloudy cloudy primary water
test_37615,clear primary
test_37616,clear primary agriculture road
test_37617,clear primary
test_37618,clear primary
test_37619,partly_cloudy primary
test_37620,partly_cloudy primary water road
test_37621,partly_cloudy primary
test_37622,clear primary
test_37623,partly_cloudy primary agriculture cultivation habitation road
test_37624,clear primary
test_37625,clear partly_cloudy primary
test_37626,haze primary agriculture water
test_37627,clear primary agriculture cultivation
test_37628,clear primary
test_37629,clear primary agriculture water
test_37630,partly_cloudy primary
test_37631,clear primary water road artisinal_mine
test_37632,clear primary
test_37633,clear primary
test_37634,clear primary agriculture water cultivation habitation road
test_37635,clear primary
test_37636,clear primary agriculture water habitation road
test_37637,clear primary agriculture road
test_37638,partly_cloudy primary water
test_37639,clear primary agriculture water cultivation
test_37640,haze primary
test_37641,clear primary habitation road
test_37642,clear primary agriculture habitation road
test_37643,clear primary water artisinal_mine
test_37644,clear haze primary water
test_37645,cloudy
test_37646,clear primary agriculture water cultivation habitation road
test_37647,clear primary selective_logging
test_37648,clear primary agriculture road
test_37649,clear primary agriculture cultivation
test_37650,partly_cloudy primary
test_37651,clear primary
test_37652,clear cloudy water
test_37653,clear primary water
test_37654,clear primary
test_37655,clear primary
test_37656,clear primary
test_37657,clear partly_cloudy primary agriculture habitation road
test_37658,clear primary agriculture cultivation
test_37659,clear primary
test_37660,clear primary
test_37661,clear primary agriculture cultivation road
test_37662,clear primary agriculture water cultivation road
test_37663,clear primary
test_37664,clear primary
test_37665,clear primary
test_37666,cloudy
test_37667,clear primary agriculture cultivation habitation road
test_37668,clear primary
test_37669,clear primary
test_37670,clear primary
test_37671,partly_cloudy primary
test_37672,clear primary
test_37673,partly_cloudy cloudy primary
test_37674,clear primary habitation road
test_37675,clear primary agriculture habitation road
test_37676,clear primary agriculture water habitation road
test_37677,clear primary
test_37678,cloudy
test_37679,clear primary
test_37680,haze cloudy primary
test_37681,clear primary agriculture cultivation
test_37682,clear primary water road selective_logging
test_37683,clear primary
test_37684,clear primary
test_37685,clear primary agriculture road bare_ground
test_37686,clear primary
test_37687,partly_cloudy primary
test_37688,clear primary agriculture cultivation
test_37689,clear primary
test_37690,clear primary
test_37691,partly_cloudy primary agriculture water habitation road
test_37692,clear primary agriculture habitation road
test_37693,clear primary agriculture road
test_37694,clear primary
test_37695,clear primary agriculture habitation road
test_37696,partly_cloudy primary agriculture cultivation
test_37697,clear primary
test_37698,clear primary
test_37699,clear primary agriculture cultivation habitation road
test_37700,clear cloudy water
test_37701,clear primary road selective_logging
test_37702,clear primary
test_37703,clear primary agriculture water habitation road
test_37704,clear primary agriculture cultivation habitation road
test_37705,cloudy
test_37706,haze cloudy primary
test_37707,clear primary
test_37708,clear primary
test_37709,clear primary agriculture road
test_37710,clear primary
test_37711,clear primary
test_37712,clear partly_cloudy primary water
test_37713,clear primary
test_37714,clear primary
test_37715,clear primary agriculture bare_ground
test_37716,clear primary
test_37717,clear primary water
test_37718,clear primary water
test_37719,clear primary
test_37720,clear primary agriculture water cultivation
test_37721,clear primary agriculture water cultivation
test_37722,clear primary agriculture water road
test_37723,clear primary agriculture water cultivation
test_37724,partly_cloudy primary
test_37725,clear primary water road
test_37726,clear primary agriculture cultivation
test_37727,haze cloudy primary
test_37728,clear primary agriculture road
test_37729,clear partly_cloudy primary
test_37730,clear primary
test_37731,clear primary
test_37732,partly_cloudy cloudy primary
test_37733,partly_cloudy primary
test_37734,clear primary agriculture habitation road
test_37735,clear primary
test_37736,clear primary agriculture cultivation
test_37737,clear primary
test_37738,clear primary agriculture
test_37739,clear primary agriculture cultivation
test_37740,clear primary agriculture water
test_37741,clear primary agriculture habitation road
test_37742,clear primary
test_37743,clear primary water road
test_37744,clear primary
test_37745,clear primary water
test_37746,clear primary agriculture
test_37747,clear primary
test_37748,clear primary agriculture cultivation road
test_37749,clear partly_cloudy primary agriculture water
test_37750,clear partly_cloudy primary
test_37751,clear primary agriculture habitation road
test_37752,clear primary
test_37753,partly_cloudy primary agriculture water cultivation
test_37754,clear primary
test_37755,clear primary
test_37756,cloudy
test_37757,partly_cloudy primary
test_37758,clear primary water
test_37759,clear primary
test_37760,clear primary
test_37761,clear partly_cloudy primary
test_37762,clear primary
test_37763,clear primary
test_37764,clear primary
test_37765,cloudy water
test_37766,clear primary
test_37767,clear cloudy water
test_37768,clear primary
test_37769,partly_cloudy primary
test_37770,clear primary
test_37771,partly_cloudy primary
test_37772,clear primary agriculture cultivation habitation road
test_37773,clear partly_cloudy primary
test_37774,clear primary agriculture habitation road
test_37775,clear primary
test_37776,clear primary
test_37777,clear primary
test_37778,cloudy
test_37779,haze cloudy primary
test_37780,partly_cloudy primary
test_37781,clear primary agriculture road bare_ground
test_37782,clear primary agriculture road
test_37783,clear primary
test_37784,clear primary water
test_37785,haze cloudy primary
test_37786,clear primary
test_37787,clear primary
test_37788,clear primary
test_37789,partly_cloudy primary agriculture water road
test_37790,clear primary agriculture habitation road
test_37791,partly_cloudy primary agriculture water cultivation
test_37792,clear primary
test_37793,clear primary agriculture road
test_37794,partly_cloudy primary
test_37795,clear primary
test_37796,clear primary agriculture road
test_37797,haze cloudy primary
test_37798,clear primary
test_37799,clear primary
test_37800,clear primary agriculture cultivation
test_37801,clear primary habitation road
test_37802,clear primary agriculture road
test_37803,clear partly_cloudy primary agriculture cultivation
test_37804,clear primary
test_37805,partly_cloudy primary agriculture habitation
test_37806,clear cloudy water
test_37807,partly_cloudy primary water road
test_37808,clear primary
test_37809,clear primary
test_37810,clear primary agriculture cultivation
test_37811,clear primary
test_37812,clear primary
test_37813,clear primary agriculture cultivation habitation road
test_37814,clear primary
test_37815,clear primary agriculture cultivation
test_37816,partly_cloudy primary
test_37817,clear primary agriculture cultivation habitation road
test_37818,clear primary
test_37819,clear primary
test_37820,clear primary
test_37821,haze cloudy
test_37822,clear primary water
test_37823,clear primary
test_37824,clear primary agriculture habitation road
test_37825,partly_cloudy primary agriculture water
test_37826,clear primary
test_37827,partly_cloudy primary agriculture road
test_37828,partly_cloudy primary
test_37829,clear primary water road
test_37830,clear primary agriculture cultivation habitation road
test_37831,clear primary water road
test_37832,clear primary water habitation road conventional_mine bare_ground artisinal_mine
test_37833,clear primary agriculture cultivation
test_37834,clear primary
test_37835,partly_cloudy primary
test_37836,clear primary
test_37837,clear primary
test_37838,clear primary agriculture habitation road
test_37839,partly_cloudy primary
test_37840,clear primary water road
test_37841,clear primary
test_37842,partly_cloudy primary
test_37843,clear primary water
test_37844,clear primary
test_37845,clear primary
test_37846,clear primary agriculture cultivation habitation
test_37847,partly_cloudy cloudy primary agriculture
test_37848,partly_cloudy primary
test_37849,clear primary blooming selective_logging
test_37850,clear primary water
test_37851,clear primary agriculture
test_37852,clear partly_cloudy primary
test_37853,partly_cloudy primary
test_37854,clear primary agriculture habitation road bare_ground
test_37855,clear primary
test_37856,clear primary
test_37857,clear primary agriculture cultivation
test_37858,clear primary water
test_37859,haze primary agriculture water
test_37860,clear primary agriculture cultivation habitation road
test_37861,clear primary
test_37862,clear primary
test_37863,clear primary agriculture water cultivation habitation road bare_ground
test_37864,clear primary
test_37865,clear primary
test_37866,clear primary water habitation road bare_ground artisinal_mine
test_37867,clear primary
test_37868,clear primary
test_37869,clear primary agriculture
test_37870,clear primary agriculture cultivation
test_37871,clear primary
test_37872,clear primary
test_37873,partly_cloudy primary
test_37874,clear primary
test_37875,partly_cloudy primary
test_37876,clear primary
test_37877,clear primary agriculture water cultivation
test_37878,clear primary agriculture
test_37879,clear primary agriculture road
test_37880,clear primary agriculture cultivation habitation road
test_37881,partly_cloudy cloudy water
test_37882,partly_cloudy primary
test_37883,clear primary
test_37884,clear primary
test_37885,clear primary
test_37886,clear primary road
test_37887,haze primary
test_37888,clear primary water
test_37889,clear primary water
test_37890,clear partly_cloudy primary water
test_37891,clear primary agriculture cultivation habitation
test_37892,clear primary
test_37893,partly_cloudy primary
test_37894,cloudy
test_37895,clear primary
test_37896,clear primary
test_37897,clear primary agriculture water bare_ground
test_37898,haze partly_cloudy primary water
test_37899,clear primary
test_37900,clear primary
test_37901,clear primary
test_37902,clear primary
test_37903,clear primary agriculture cultivation habitation
test_37904,clear partly_cloudy primary water road
test_37905,clear primary
test_37906,clear cloudy
test_37907,clear primary
test_37908,clear primary agriculture cultivation
test_37909,clear primary agriculture cultivation
test_37910,clear cloudy water
test_37911,clear primary agriculture cultivation
test_37912,clear partly_cloudy primary agriculture water habitation road
test_37913,partly_cloudy primary
test_37914,partly_cloudy cloudy primary agriculture water
test_37915,clear primary agriculture water bare_ground
test_37916,clear primary agriculture
test_37917,clear primary blooming selective_logging
test_37918,clear partly_cloudy primary
test_37919,cloudy
test_37920,partly_cloudy primary
test_37921,partly_cloudy primary agriculture road
test_37922,clear primary agriculture habitation road
test_37923,cloudy
test_37924,clear primary water
test_37925,clear haze primary agriculture road
test_37926,clear primary agriculture cultivation
test_37927,clear primary
test_37928,partly_cloudy primary
test_37929,clear primary agriculture habitation road bare_ground
test_37930,partly_cloudy primary agriculture cultivation
test_37931,clear primary agriculture water cultivation habitation road
test_37932,clear primary
test_37933,partly_cloudy primary agriculture water cultivation habitation road
test_37934,partly_cloudy cloudy primary
test_37935,clear primary agriculture cultivation
test_37936,clear primary
test_37937,clear primary agriculture habitation road
test_37938,clear primary
test_37939,clear primary water
test_37940,partly_cloudy primary
test_37941,clear primary
test_37942,clear primary
test_37943,clear primary
test_37944,clear primary water habitation road
test_37945,clear primary agriculture water road
test_37946,clear primary agriculture habitation road
test_37947,haze primary
test_37948,partly_cloudy primary
test_37949,partly_cloudy primary agriculture road
test_37950,clear primary
test_37951,partly_cloudy primary
test_37952,clear primary
test_37953,clear primary water
test_37954,clear primary agriculture habitation road
test_37955,clear primary water
test_37956,clear primary agriculture water cultivation habitation road
test_37957,cloudy
test_37958,clear primary
test_37959,clear primary agriculture cultivation
test_37960,partly_cloudy primary agriculture road
test_37961,clear primary agriculture cultivation
test_37962,clear primary agriculture water cultivation road
test_37963,partly_cloudy primary agriculture water
test_37964,clear primary
test_37965,haze primary agriculture cultivation road
test_37966,clear primary agriculture cultivation habitation road
test_37967,clear primary agriculture cultivation habitation road
test_37968,clear primary
test_37969,partly_cloudy primary
test_37970,haze primary
test_37971,clear primary
test_37972,partly_cloudy primary
test_37973,clear primary
test_37974,partly_cloudy primary
test_37975,clear primary
test_37976,clear primary agriculture water habitation road bare_ground
test_37977,clear primary
test_37978,clear primary
test_37979,partly_cloudy cloudy primary agriculture water
test_37980,clear primary
test_37981,clear primary
test_37982,clear primary
test_37983,clear partly_cloudy primary agriculture
test_37984,clear partly_cloudy primary agriculture water road
test_37985,clear primary water
test_37986,partly_cloudy primary water
test_37987,haze primary
test_37988,partly_cloudy primary
test_37989,clear primary agriculture water road
test_37990,clear primary agriculture water bare_ground
test_37991,clear primary
test_37992,clear primary
test_37993,clear primary blooming
test_37994,clear primary water road
test_37995,clear primary
test_37996,clear haze primary agriculture water cultivation
test_37997,clear primary
test_37998,clear primary water
test_37999,clear primary agriculture cultivation
test_38000,clear primary
test_38001,clear primary agriculture habitation road
test_38002,clear primary
test_38003,clear primary
test_38004,partly_cloudy primary agriculture cultivation
test_38005,clear primary agriculture water road
test_38006,clear primary agriculture cultivation
test_38007,partly_cloudy primary agriculture water
test_38008,partly_cloudy primary agriculture
test_38009,clear primary
test_38010,clear primary water road
test_38011,clear primary agriculture cultivation habitation
test_38012,partly_cloudy primary
test_38013,clear primary agriculture cultivation road
test_38014,haze partly_cloudy cloudy primary
test_38015,clear primary water
test_38016,clear haze primary
test_38017,clear primary
test_38018,partly_cloudy primary
test_38019,clear primary water
test_38020,clear primary agriculture cultivation
test_38021,clear primary
test_38022,cloudy
test_38023,clear primary
test_38024,clear primary agriculture water habitation road
test_38025,clear primary agriculture water habitation road
test_38026,clear primary
test_38027,clear primary
test_38028,clear primary agriculture habitation road
test_38029,clear primary
test_38030,partly_cloudy primary
test_38031,clear primary
test_38032,partly_cloudy primary agriculture cultivation
test_38033,clear primary agriculture cultivation
test_38034,partly_cloudy primary agriculture
test_38035,clear primary agriculture
test_38036,clear haze cloudy primary water
test_38037,clear primary agriculture water road
test_38038,clear primary
test_38039,clear primary
test_38040,haze cloudy primary
test_38041,haze primary water
test_38042,haze primary agriculture water
test_38043,clear primary
test_38044,partly_cloudy primary
test_38045,clear primary
test_38046,clear primary
test_38047,partly_cloudy primary
test_38048,clear primary
test_38049,clear primary
test_38050,clear primary agriculture habitation road
test_38051,clear primary
test_38052,clear primary water
test_38053,clear primary
test_38054,clear primary agriculture water cultivation
test_38055,clear primary
test_38056,clear primary
test_38057,clear primary
test_38058,clear primary habitation road
test_38059,clear primary
test_38060,clear partly_cloudy primary
test_38061,clear primary
test_38062,clear primary agriculture habitation road bare_ground
test_38063,cloudy
test_38064,partly_cloudy primary
test_38065,partly_cloudy primary agriculture cultivation
test_38066,clear primary
test_38067,clear primary agriculture water cultivation
test_38068,clear primary
test_38069,haze primary
test_38070,clear primary agriculture
test_38071,clear primary agriculture water cultivation
test_38072,clear primary
test_38073,clear primary agriculture water cultivation
test_38074,clear primary
test_38075,clear primary water
test_38076,clear primary
test_38077,partly_cloudy primary agriculture cultivation
test_38078,clear primary
test_38079,clear primary agriculture habitation road
test_38080,partly_cloudy cloudy primary
test_38081,clear primary agriculture road
test_38082,clear primary agriculture cultivation habitation road
test_38083,partly_cloudy primary
test_38084,clear primary water road conventional_mine bare_ground artisinal_mine blooming selective_logging
test_38085,clear primary agriculture water road conventional_mine bare_ground artisinal_mine
test_38086,cloudy
test_38087,clear primary agriculture
test_38088,clear primary
test_38089,clear partly_cloudy primary agriculture cultivation
test_38090,clear primary
test_38091,clear primary
test_38092,haze cloudy
test_38093,partly_cloudy primary
test_38094,partly_cloudy primary agriculture cultivation habitation
test_38095,partly_cloudy primary
test_38096,cloudy
test_38097,clear cloudy primary agriculture bare_ground
test_38098,clear primary agriculture cultivation
test_38099,clear primary
test_38100,clear primary
test_38101,clear primary
test_38102,clear primary
test_38103,partly_cloudy primary agriculture cultivation habitation road
test_38104,haze cloudy primary
test_38105,clear haze primary
test_38106,haze primary water
test_38107,partly_cloudy primary agriculture road
test_38108,clear primary
test_38109,clear primary water
test_38110,partly_cloudy primary water
test_38111,clear primary agriculture road
test_38112,clear primary water
test_38113,clear primary
test_38114,clear haze primary agriculture water cultivation
test_38115,clear cloudy water
test_38116,partly_cloudy primary agriculture road conventional_mine
test_38117,clear primary water road
test_38118,clear primary
test_38119,clear primary
test_38120,clear primary water
test_38121,clear primary agriculture water cultivation habitation road
test_38122,partly_cloudy primary agriculture road
test_38123,clear partly_cloudy primary agriculture cultivation
test_38124,clear partly_cloudy primary
test_38125,clear partly_cloudy primary
test_38126,clear primary agriculture water
test_38127,clear primary
test_38128,partly_cloudy primary
test_38129,clear primary agriculture habitation road
test_38130,haze primary
test_38131,clear partly_cloudy primary agriculture road
test_38132,clear primary
test_38133,clear primary
test_38134,clear primary agriculture water road
test_38135,clear haze primary
test_38136,clear primary agriculture habitation road
test_38137,clear primary agriculture cultivation habitation road
test_38138,clear primary
test_38139,clear primary agriculture cultivation
test_38140,partly_cloudy primary agriculture cultivation habitation road
test_38141,clear primary cultivation
test_38142,partly_cloudy primary
test_38143,cloudy
test_38144,clear primary
test_38145,clear cloudy primary water
test_38146,clear primary water road
test_38147,clear primary
test_38148,clear partly_cloudy primary water
test_38149,clear primary
test_38150,clear haze primary
test_38151,clear primary
test_38152,clear primary
test_38153,clear primary
test_38154,clear cloudy water
test_38155,clear primary
test_38156,clear primary agriculture road
test_38157,clear primary agriculture cultivation habitation road
test_38158,clear primary
test_38159,clear primary
test_38160,clear primary
test_38161,partly_cloudy cloudy primary water
test_38162,clear primary agriculture cultivation road
test_38163,clear primary
test_38164,haze primary agriculture water road
test_38165,clear partly_cloudy primary agriculture habitation road
test_38166,clear primary water road selective_logging
test_38167,clear primary agriculture road
test_38168,partly_cloudy primary agriculture road
test_38169,partly_cloudy primary agriculture road
test_38170,clear primary
test_38171,clear primary agriculture habitation road
test_38172,partly_cloudy primary
test_38173,partly_cloudy primary agriculture
test_38174,clear haze primary agriculture water
test_38175,partly_cloudy primary agriculture cultivation
test_38176,clear primary
test_38177,clear primary water
test_38178,clear primary
test_38179,clear primary water
test_38180,clear primary water conventional_mine bare_ground artisinal_mine
test_38181,clear primary agriculture water cultivation
test_38182,haze cloudy primary agriculture road
test_38183,clear primary
test_38184,clear primary agriculture water cultivation habitation
test_38185,clear primary agriculture cultivation
test_38186,partly_cloudy primary
test_38187,partly_cloudy primary
test_38188,clear partly_cloudy primary agriculture water habitation road
test_38189,clear primary agriculture water cultivation habitation road
test_38190,partly_cloudy primary
test_38191,clear primary
test_38192,clear primary agriculture cultivation
test_38193,haze primary
test_38194,clear primary
test_38195,clear primary agriculture road
test_38196,clear primary
test_38197,clear primary
test_38198,clear primary agriculture water cultivation habitation road
test_38199,clear partly_cloudy primary
test_38200,clear primary agriculture road
test_38201,clear primary agriculture cultivation
test_38202,clear partly_cloudy primary agriculture cultivation habitation
test_38203,clear primary
test_38204,partly_cloudy primary
test_38205,clear primary agriculture road
test_38206,clear primary
test_38207,clear primary
test_38208,clear primary agriculture road
test_38209,clear primary
test_38210,clear primary
test_38211,clear haze primary agriculture cultivation
test_38212,clear primary
test_38213,partly_cloudy primary
test_38214,partly_cloudy primary
test_38215,clear primary
test_38216,clear primary water
test_38217,haze primary agriculture water
test_38218,clear primary agriculture water cultivation
test_38219,clear primary
test_38220,clear primary
test_38221,partly_cloudy primary agriculture water
test_38222,clear primary agriculture water habitation road
test_38223,clear primary water road bare_ground artisinal_mine
test_38224,clear primary cultivation
test_38225,clear primary agriculture cultivation
test_38226,clear primary
test_38227,clear primary
test_38228,clear primary
test_38229,clear primary agriculture cultivation
test_38230,clear primary
test_38231,clear partly_cloudy primary
test_38232,clear primary
test_38233,clear primary water
test_38234,partly_cloudy primary
test_38235,partly_cloudy primary
test_38236,clear primary agriculture cultivation
test_38237,clear primary
test_38238,clear primary agriculture road
test_38239,partly_cloudy primary agriculture road
test_38240,partly_cloudy primary agriculture water road
test_38241,clear primary
test_38242,partly_cloudy primary
test_38243,cloudy
test_38244,clear primary agriculture bare_ground
test_38245,clear primary water road
test_38246,clear primary water road bare_ground artisinal_mine
test_38247,clear haze primary agriculture
test_38248,clear primary agriculture
test_38249,partly_cloudy primary
test_38250,clear primary agriculture cultivation
test_38251,clear primary agriculture habitation road
test_38252,clear primary
test_38253,clear primary
test_38254,clear primary
test_38255,clear primary
test_38256,partly_cloudy primary water
test_38257,clear partly_cloudy primary agriculture cultivation
test_38258,clear primary agriculture road
test_38259,clear primary water
test_38260,clear primary
test_38261,partly_cloudy primary agriculture
test_38262,clear primary water
test_38263,clear primary
test_38264,clear primary
test_38265,partly_cloudy primary
test_38266,clear primary agriculture cultivation
test_38267,clear primary agriculture cultivation
test_38268,clear primary agriculture cultivation
test_38269,clear partly_cloudy primary agriculture cultivation
test_38270,clear partly_cloudy primary
test_38271,clear primary
test_38272,clear primary agriculture road
test_38273,clear primary
test_38274,clear partly_cloudy primary agriculture cultivation
test_38275,clear primary water road
test_38276,clear primary
test_38277,partly_cloudy primary
test_38278,clear primary agriculture road
test_38279,clear primary
test_38280,clear primary agriculture cultivation habitation road
test_38281,clear primary
test_38282,clear primary
test_38283,clear primary
test_38284,clear primary
test_38285,clear partly_cloudy primary agriculture cultivation
test_38286,clear primary
test_38287,clear haze primary
test_38288,partly_cloudy cloudy primary agriculture road
test_38289,clear primary
test_38290,clear primary
test_38291,haze primary agriculture cultivation
test_38292,clear primary agriculture
test_38293,clear primary agriculture water habitation road bare_ground artisinal_mine
test_38294,clear primary
test_38295,clear primary agriculture water
test_38296,clear haze primary
test_38297,clear primary agriculture bare_ground
test_38298,clear primary water
test_38299,clear primary
test_38300,clear primary
test_38301,clear primary
test_38302,partly_cloudy primary agriculture water cultivation
test_38303,clear primary
test_38304,clear primary agriculture habitation road
test_38305,clear primary agriculture water cultivation habitation
test_38306,clear primary agriculture cultivation road
test_38307,clear haze primary
test_38308,clear primary
test_38309,clear primary agriculture road
test_38310,clear primary agriculture habitation road bare_ground
test_38311,clear partly_cloudy primary agriculture cultivation habitation road
test_38312,clear partly_cloudy primary water road
test_38313,partly_cloudy primary agriculture water road
test_38314,partly_cloudy primary agriculture cultivation
test_38315,partly_cloudy primary
test_38316,partly_cloudy primary
test_38317,partly_cloudy primary
test_38318,clear primary
test_38319,haze primary
test_38320,partly_cloudy primary
test_38321,clear primary agriculture water cultivation road
test_38322,haze partly_cloudy primary
test_38323,clear primary agriculture habitation road
test_38324,clear primary agriculture cultivation
test_38325,partly_cloudy primary agriculture water road
test_38326,clear primary
test_38327,clear primary
test_38328,clear primary agriculture habitation road bare_ground
test_38329,clear primary water habitation
test_38330,clear primary
test_38331,cloudy
test_38332,partly_cloudy cloudy primary water
test_38333,partly_cloudy primary
test_38334,clear primary agriculture cultivation
test_38335,clear primary water
test_38336,clear primary agriculture habitation road
test_38337,clear primary blooming
test_38338,clear primary
test_38339,clear primary agriculture habitation road
test_38340,haze cloudy primary
test_38341,clear primary agriculture cultivation
test_38342,clear primary agriculture water cultivation habitation road
test_38343,clear cloudy primary water
test_38344,clear primary agriculture road
test_38345,clear primary
test_38346,clear primary agriculture cultivation habitation road
test_38347,clear primary agriculture water cultivation
test_38348,partly_cloudy primary agriculture
test_38349,clear primary
test_38350,clear primary agriculture road
test_38351,partly_cloudy primary water
test_38352,clear primary agriculture cultivation
test_38353,clear primary agriculture bare_ground
test_38354,clear primary agriculture cultivation habitation
test_38355,clear primary water road selective_logging
test_38356,clear primary
test_38357,clear primary
test_38358,clear primary
test_38359,clear primary agriculture water habitation road
test_38360,partly_cloudy primary
test_38361,clear partly_cloudy primary
test_38362,clear primary agriculture road
test_38363,clear primary
test_38364,clear primary agriculture road bare_ground
test_38365,clear cloudy primary water
test_38366,clear primary agriculture habitation road bare_ground
test_38367,clear cloudy primary water
test_38368,clear primary
test_38369,clear primary water
test_38370,partly_cloudy primary agriculture cultivation
test_38371,clear primary
test_38372,clear primary
test_38373,haze primary
test_38374,clear primary
test_38375,clear primary
test_38376,haze cloudy primary
test_38377,clear primary water
test_38378,clear primary
test_38379,partly_cloudy primary
test_38380,clear primary water
test_38381,clear primary agriculture cultivation
test_38382,clear primary
test_38383,haze cloudy primary
test_38384,clear primary agriculture bare_ground
test_38385,clear primary
test_38386,partly_cloudy cloudy primary agriculture
test_38387,haze partly_cloudy primary
test_38388,partly_cloudy primary water
test_38389,clear primary
test_38390,clear primary agriculture cultivation
test_38391,clear primary
test_38392,clear primary agriculture habitation road
test_38393,clear primary agriculture cultivation habitation road
test_38394,clear primary agriculture cultivation
test_38395,clear primary agriculture road
test_38396,clear primary agriculture cultivation road
test_38397,clear primary
test_38398,clear primary agriculture cultivation
test_38399,clear primary
test_38400,clear primary agriculture cultivation
test_38401,haze primary
test_38402,clear primary agriculture water habitation road bare_ground
test_38403,clear primary
test_38404,partly_cloudy primary
test_38405,haze cloudy primary water
test_38406,clear primary
test_38407,partly_cloudy primary agriculture
test_38408,clear primary
test_38409,clear primary water road bare_ground artisinal_mine
test_38410,clear cloudy water
test_38411,clear primary habitation road
test_38412,partly_cloudy primary
test_38413,cloudy
test_38414,clear primary agriculture
test_38415,clear primary
test_38416,clear primary
test_38417,clear primary agriculture water road
test_38418,clear primary agriculture water cultivation
test_38419,clear primary
test_38420,clear primary
test_38421,haze partly_cloudy primary agriculture water habitation road
test_38422,clear primary agriculture cultivation habitation
test_38423,clear partly_cloudy primary
test_38424,partly_cloudy primary
test_38425,cloudy
test_38426,clear primary agriculture water habitation road
test_38427,partly_cloudy primary agriculture
test_38428,clear haze primary
test_38429,clear primary agriculture cultivation
test_38430,clear primary agriculture water habitation road
test_38431,clear primary agriculture
test_38432,partly_cloudy primary agriculture water
test_38433,clear primary
test_38434,clear primary agriculture water road bare_ground
test_38435,partly_cloudy primary agriculture water
test_38436,clear primary
test_38437,clear primary agriculture water
test_38438,clear primary agriculture habitation road bare_ground
test_38439,haze cloudy
test_38440,partly_cloudy primary
test_38441,clear primary
test_38442,clear primary
test_38443,partly_cloudy primary agriculture road
test_38444,clear primary agriculture road
test_38445,clear primary agriculture water
test_38446,clear primary blooming
test_38447,partly_cloudy primary water road
test_38448,clear partly_cloudy primary agriculture cultivation
test_38449,partly_cloudy primary agriculture road
test_38450,clear partly_cloudy primary
test_38451,clear partly_cloudy primary
test_38452,haze primary water
test_38453,clear primary
test_38454,clear primary
test_38455,partly_cloudy primary agriculture habitation road
test_38456,clear primary water road selective_logging
test_38457,clear primary
test_38458,clear primary
test_38459,partly_cloudy primary
test_38460,clear primary
test_38461,clear primary
test_38462,clear primary agriculture water cultivation habitation road
test_38463,clear primary
test_38464,haze cloudy primary
test_38465,clear primary agriculture road
test_38466,clear primary
test_38467,partly_cloudy primary
test_38468,clear primary
test_38469,partly_cloudy primary agriculture water
test_38470,partly_cloudy primary
test_38471,clear primary agriculture habitation road
test_38472,clear primary
test_38473,partly_cloudy primary agriculture cultivation
test_38474,clear primary agriculture water
test_38475,clear primary water road
test_38476,clear primary
test_38477,clear primary agriculture road
test_38478,clear primary water
test_38479,clear primary agriculture cultivation habitation
test_38480,clear primary agriculture habitation road bare_ground
test_38481,clear primary
test_38482,clear primary agriculture cultivation
test_38483,clear primary agriculture water cultivation
test_38484,partly_cloudy primary agriculture road
test_38485,clear primary
test_38486,clear primary agriculture habitation road
test_38487,clear haze primary
test_38488,clear primary
test_38489,partly_cloudy primary agriculture water road
test_38490,clear haze primary water
test_38491,partly_cloudy primary
test_38492,haze primary
test_38493,partly_cloudy primary agriculture cultivation
test_38494,clear primary
test_38495,clear partly_cloudy primary agriculture road
test_38496,clear primary
test_38497,cloudy
test_38498,clear haze primary
test_38499,clear primary agriculture cultivation
test_38500,clear primary
test_38501,haze partly_cloudy cloudy primary
test_38502,clear primary
test_38503,clear primary
test_38504,clear primary water
test_38505,clear primary agriculture water cultivation
test_38506,clear primary agriculture road
test_38507,clear partly_cloudy primary agriculture water
test_38508,clear primary
test_38509,clear primary agriculture habitation road
test_38510,clear primary
test_38511,clear primary
test_38512,clear primary agriculture cultivation
test_38513,clear primary agriculture cultivation
test_38514,clear primary water
test_38515,clear primary
test_38516,haze cloudy primary
test_38517,clear primary agriculture water cultivation habitation
test_38518,partly_cloudy primary water
test_38519,clear primary
test_38520,partly_cloudy primary
test_38521,partly_cloudy primary
test_38522,clear primary
test_38523,clear primary agriculture water road conventional_mine bare_ground artisinal_mine
test_38524,clear primary agriculture road
test_38525,clear primary
test_38526,clear primary
test_38527,clear primary agriculture cultivation
test_38528,clear primary
test_38529,cloudy
test_38530,clear primary water
test_38531,clear primary water road
test_38532,haze cloudy primary agriculture water
test_38533,clear haze primary water
test_38534,clear primary
test_38535,clear primary agriculture
test_38536,clear primary
test_38537,clear primary
test_38538,clear primary water road selective_logging
test_38539,partly_cloudy primary agriculture road
test_38540,clear primary agriculture road
test_38541,clear primary agriculture habitation road
test_38542,clear primary
test_38543,haze cloudy primary
test_38544,clear primary agriculture water
test_38545,clear primary agriculture water cultivation habitation road bare_ground
test_38546,clear primary
test_38547,clear primary agriculture cultivation
test_38548,clear primary agriculture road
test_38549,cloudy
test_38550,clear primary agriculture cultivation
test_38551,clear primary
test_38552,clear haze primary
test_38553,partly_cloudy primary
test_38554,clear primary
test_38555,clear primary agriculture habitation road
test_38556,clear primary
test_38557,clear primary
test_38558,partly_cloudy primary agriculture cultivation habitation road
test_38559,clear primary cultivation
test_38560,clear primary
test_38561,partly_cloudy primary agriculture
test_38562,haze cloudy primary
test_38563,partly_cloudy primary
test_38564,partly_cloudy cloudy
test_38565,cloudy
test_38566,partly_cloudy primary
test_38567,clear primary agriculture cultivation habitation
test_38568,clear primary water road
test_38569,clear partly_cloudy primary agriculture
test_38570,clear primary
test_38571,clear haze primary agriculture cultivation
test_38572,clear haze primary agriculture water road
test_38573,clear primary
test_38574,clear primary
test_38575,clear primary
test_38576,clear primary agriculture cultivation
test_38577,clear primary agriculture habitation road
test_38578,clear primary agriculture road
test_38579,clear primary
test_38580,clear primary
test_38581,clear primary agriculture cultivation road
test_38582,clear primary agriculture bare_ground
test_38583,clear primary agriculture water
test_38584,partly_cloudy primary
test_38585,clear primary agriculture cultivation
test_38586,clear primary
test_38587,clear primary
test_38588,clear primary
test_38589,clear primary
test_38590,clear cloudy primary water
test_38591,clear primary agriculture road
test_38592,clear primary agriculture cultivation
test_38593,cloudy
test_38594,haze primary
test_38595,clear primary agriculture habitation road
test_38596,clear cloudy primary water
test_38597,partly_cloudy cloudy
test_38598,partly_cloudy primary
test_38599,clear primary
test_38600,clear haze primary agriculture water road
test_38601,clear primary agriculture
test_38602,partly_cloudy primary
test_38603,clear primary agriculture
test_38604,clear primary agriculture cultivation
test_38605,clear primary agriculture cultivation
test_38606,partly_cloudy primary
test_38607,cloudy
test_38608,haze primary
test_38609,clear primary agriculture cultivation habitation
test_38610,clear primary
test_38611,clear primary
test_38612,partly_cloudy primary
test_38613,clear primary
test_38614,cloudy
test_38615,partly_cloudy primary agriculture cultivation
test_38616,clear primary agriculture road
test_38617,haze primary
test_38618,haze primary agriculture water road
test_38619,clear primary water road
test_38620,clear primary agriculture cultivation habitation road
test_38621,haze partly_cloudy primary agriculture cultivation
test_38622,partly_cloudy primary water
test_38623,clear primary
test_38624,clear primary
test_38625,partly_cloudy primary agriculture road
test_38626,clear primary
test_38627,clear primary agriculture cultivation road
test_38628,clear primary agriculture cultivation
test_38629,clear primary agriculture road bare_ground
test_38630,haze cloudy primary
test_38631,clear primary water habitation road bare_ground artisinal_mine
test_38632,clear primary
test_38633,clear primary water
test_38634,haze primary water
test_38635,haze cloudy
test_38636,partly_cloudy primary agriculture road
test_38637,clear primary
test_38638,clear primary
test_38639,clear primary water habitation road bare_ground artisinal_mine
test_38640,clear primary water
test_38641,clear primary
test_38642,clear primary
test_38643,clear primary agriculture habitation road
test_38644,clear primary
test_38645,clear primary water
test_38646,clear primary
test_38647,partly_cloudy primary agriculture habitation road
test_38648,clear primary agriculture cultivation
test_38649,clear primary
test_38650,clear primary agriculture habitation road
test_38651,clear primary habitation road
test_38652,clear primary
test_38653,clear primary
test_38654,clear primary
test_38655,partly_cloudy cloudy primary water
test_38656,clear primary
test_38657,haze cloudy primary
test_38658,clear primary
test_38659,haze primary water
test_38660,clear primary
test_38661,clear primary agriculture habitation road
test_38662,partly_cloudy primary
test_38663,clear primary
test_38664,clear primary agriculture cultivation
test_38665,clear primary habitation road
test_38666,clear primary agriculture
test_38667,clear primary
test_38668,clear primary
test_38669,clear primary agriculture water
test_38670,clear primary
test_38671,clear partly_cloudy primary agriculture road
test_38672,clear primary
test_38673,clear primary
test_38674,partly_cloudy primary
test_38675,partly_cloudy primary
test_38676,clear primary
test_38677,clear primary
test_38678,clear primary
test_38679,clear primary agriculture
test_38680,clear primary
test_38681,clear primary
test_38682,clear primary
test_38683,clear primary agriculture
test_38684,clear primary agriculture cultivation
test_38685,clear primary agriculture cultivation
test_38686,clear primary
test_38687,clear primary agriculture water habitation road
test_38688,clear primary agriculture water
test_38689,clear cloudy water
test_38690,clear primary
test_38691,clear primary
test_38692,clear haze primary
test_38693,clear primary agriculture road
test_38694,clear primary agriculture road
test_38695,clear primary agriculture cultivation
test_38696,clear primary agriculture cultivation road
test_38697,clear primary
test_38698,cloudy primary
test_38699,haze primary
test_38700,clear primary water
test_38701,partly_cloudy primary
test_38702,partly_cloudy primary
test_38703,clear primary agriculture road
test_38704,clear primary water bare_ground artisinal_mine
test_38705,clear primary
test_38706,clear primary
test_38707,clear primary agriculture water bare_ground
test_38708,clear primary agriculture cultivation
test_38709,clear primary water
test_38710,clear primary agriculture cultivation
test_38711,clear cloudy primary water
test_38712,clear primary
test_38713,clear primary agriculture cultivation
test_38714,partly_cloudy primary
test_38715,clear primary water
test_38716,clear primary agriculture habitation road
test_38717,clear primary agriculture cultivation habitation
test_38718,clear primary water road
test_38719,partly_cloudy primary
test_38720,cloudy
test_38721,clear primary agriculture habitation road
test_38722,partly_cloudy primary
test_38723,clear primary agriculture cultivation
test_38724,clear primary agriculture road
test_38725,clear haze primary agriculture road
test_38726,clear primary
test_38727,haze primary
test_38728,clear primary water
test_38729,clear primary agriculture cultivation
test_38730,clear primary agriculture cultivation
test_38731,clear primary agriculture habitation road
test_38732,partly_cloudy primary agriculture road
test_38733,clear primary blooming
test_38734,partly_cloudy primary
test_38735,clear primary agriculture water bare_ground
test_38736,partly_cloudy primary
test_38737,clear primary agriculture water habitation road
test_38738,clear primary
test_38739,clear primary
test_38740,partly_cloudy primary agriculture cultivation habitation
test_38741,clear partly_cloudy primary
test_38742,partly_cloudy primary agriculture road
test_38743,clear primary agriculture cultivation habitation road
test_38744,clear partly_cloudy primary agriculture water
test_38745,clear partly_cloudy primary agriculture road
test_38746,clear primary agriculture water cultivation habitation
test_38747,clear primary agriculture water
test_38748,clear primary
test_38749,clear primary agriculture
test_38750,partly_cloudy primary water road
test_38751,clear primary agriculture habitation road
test_38752,clear primary
test_38753,clear primary
test_38754,clear primary agriculture cultivation
test_38755,clear primary
test_38756,clear primary
test_38757,clear primary
test_38758,clear primary agriculture habitation road
test_38759,partly_cloudy primary
test_38760,clear primary agriculture water road
test_38761,partly_cloudy cloudy primary
test_38762,clear primary
test_38763,clear primary
test_38764,cloudy
test_38765,cloudy
test_38766,partly_cloudy primary agriculture
test_38767,clear primary agriculture cultivation
test_38768,clear primary agriculture habitation road
test_38769,clear primary
test_38770,clear primary
test_38771,clear primary
test_38772,clear primary agriculture cultivation
test_38773,clear primary agriculture water road bare_ground
test_38774,clear primary agriculture cultivation
test_38775,clear primary
test_38776,haze primary agriculture water road
test_38777,clear primary
test_38778,partly_cloudy primary agriculture road
test_38779,clear primary
test_38780,clear primary
test_38781,clear primary
test_38782,clear primary agriculture cultivation
test_38783,clear partly_cloudy primary agriculture water cultivation
test_38784,partly_cloudy primary
test_38785,partly_cloudy primary agriculture water road
test_38786,clear primary water
test_38787,clear primary
test_38788,clear primary
test_38789,partly_cloudy primary
test_38790,partly_cloudy primary
test_38791,partly_cloudy primary agriculture cultivation habitation road
test_38792,clear primary water road
test_38793,cloudy
test_38794,clear primary agriculture habitation road
test_38795,clear haze primary agriculture cultivation
test_38796,clear primary agriculture water
test_38797,clear partly_cloudy primary agriculture habitation road
test_38798,clear primary agriculture habitation road
test_38799,clear primary agriculture habitation road
test_38800,clear primary
test_38801,clear primary agriculture water
test_38802,haze primary agriculture water
test_38803,clear primary agriculture road
test_38804,clear primary agriculture cultivation habitation
test_38805,cloudy
test_38806,partly_cloudy primary agriculture water cultivation habitation road
test_38807,clear primary agriculture road
test_38808,clear primary
test_38809,clear primary
test_38810,clear primary agriculture cultivation habitation road
test_38811,partly_cloudy primary agriculture water
test_38812,clear primary agriculture cultivation
test_38813,clear primary
test_38814,partly_cloudy primary agriculture cultivation habitation road
test_38815,partly_cloudy primary
test_38816,clear primary water road
test_38817,clear primary
test_38818,partly_cloudy primary
test_38819,clear primary agriculture cultivation habitation road
test_38820,clear primary agriculture water cultivation
test_38821,partly_cloudy primary
test_38822,clear primary agriculture
test_38823,clear primary habitation road
test_38824,partly_cloudy primary agriculture road
test_38825,clear primary
test_38826,clear primary
test_38827,clear primary agriculture road
test_38828,partly_cloudy cloudy primary
test_38829,clear primary
test_38830,clear primary
test_38831,haze primary
test_38832,clear primary agriculture habitation road
test_38833,clear primary water road bare_ground artisinal_mine
test_38834,partly_cloudy primary
test_38835,cloudy
test_38836,clear primary
test_38837,clear primary agriculture bare_ground
test_38838,clear primary agriculture water road
test_38839,clear primary agriculture cultivation habitation road
test_38840,clear primary agriculture bare_ground
test_38841,clear primary agriculture water road
test_38842,haze partly_cloudy primary
test_38843,clear primary water
test_38844,partly_cloudy primary agriculture water habitation
test_38845,partly_cloudy primary
test_38846,clear primary agriculture habitation road
test_38847,partly_cloudy primary agriculture water
test_38848,clear primary agriculture cultivation
test_38849,partly_cloudy primary agriculture road
test_38850,clear primary agriculture road
test_38851,clear primary
test_38852,partly_cloudy primary agriculture cultivation
test_38853,clear primary
test_38854,clear primary
test_38855,clear primary water
test_38856,clear primary agriculture habitation road
test_38857,partly_cloudy cloudy primary
test_38858,clear primary
test_38859,partly_cloudy primary water
test_38860,partly_cloudy cloudy
test_38861,clear primary agriculture water cultivation
test_38862,partly_cloudy primary
test_38863,cloudy
test_38864,clear primary
test_38865,clear primary agriculture road
test_38866,clear primary
test_38867,clear primary agriculture road
test_38868,clear primary water
test_38869,clear primary agriculture water cultivation
test_38870,clear primary agriculture habitation road
test_38871,clear primary agriculture cultivation road
test_38872,clear primary
test_38873,clear primary agriculture habitation road
test_38874,clear primary agriculture cultivation
test_38875,clear primary
test_38876,clear primary
test_38877,clear primary agriculture water habitation road
test_38878,haze primary water
test_38879,clear primary agriculture cultivation
test_38880,clear primary
test_38881,clear primary water
test_38882,clear primary agriculture water habitation road
test_38883,clear primary
test_38884,clear primary
test_38885,clear primary
test_38886,clear primary agriculture water road
test_38887,clear partly_cloudy primary agriculture cultivation
test_38888,clear primary agriculture water road bare_ground artisinal_mine
test_38889,clear primary
test_38890,clear primary agriculture water road
test_38891,clear primary
test_38892,partly_cloudy primary
test_38893,clear primary
test_38894,clear primary
test_38895,clear primary
test_38896,haze cloudy
test_38897,clear primary
test_38898,clear primary agriculture cultivation
test_38899,clear primary
test_38900,partly_cloudy primary agriculture
test_38901,clear haze primary
test_38902,clear primary
test_38903,clear partly_cloudy primary
test_38904,clear primary agriculture water cultivation road artisinal_mine
test_38905,clear primary
test_38906,clear primary agriculture water road
test_38907,clear primary
test_38908,clear primary water artisinal_mine
test_38909,clear partly_cloudy primary
test_38910,clear primary
test_38911,clear primary agriculture cultivation
test_38912,cloudy
test_38913,clear primary
test_38914,clear primary
test_38915,clear primary agriculture habitation road bare_ground
test_38916,clear primary agriculture cultivation road
test_38917,partly_cloudy primary agriculture cultivation
test_38918,clear primary
test_38919,haze primary agriculture road
test_38920,clear primary agriculture water cultivation
test_38921,haze primary
test_38922,clear primary agriculture cultivation
test_38923,clear primary
test_38924,clear primary
test_38925,haze primary
test_38926,partly_cloudy primary
test_38927,clear primary agriculture cultivation
test_38928,clear haze primary agriculture cultivation
test_38929,haze primary
test_38930,clear primary agriculture cultivation
test_38931,clear primary agriculture habitation road
test_38932,clear primary agriculture cultivation
test_38933,clear primary
test_38934,clear primary water
test_38935,clear primary agriculture cultivation
test_38936,clear primary road
test_38937,clear primary
test_38938,clear primary agriculture road
test_38939,clear primary
test_38940,clear primary agriculture water road
test_38941,partly_cloudy primary agriculture cultivation habitation
test_38942,clear primary
test_38943,clear primary agriculture bare_ground
test_38944,clear primary
test_38945,clear primary agriculture cultivation
test_38946,clear primary
test_38947,clear partly_cloudy primary agriculture cultivation
test_38948,clear primary
test_38949,clear primary
test_38950,clear cloudy primary agriculture bare_ground
test_38951,clear haze cloudy primary water
test_38952,clear primary agriculture water cultivation habitation road
test_38953,clear haze primary agriculture water road
test_38954,partly_cloudy primary
test_38955,clear primary agriculture road
test_38956,clear primary agriculture water cultivation habitation
test_38957,clear primary agriculture water
test_38958,clear primary water
test_38959,clear primary agriculture water habitation road
test_38960,haze primary
test_38961,cloudy
test_38962,cloudy water
test_38963,partly_cloudy primary
test_38964,clear partly_cloudy primary agriculture cultivation
test_38965,clear primary agriculture cultivation
test_38966,clear primary
test_38967,clear primary
test_38968,clear primary agriculture road
test_38969,clear primary
test_38970,clear primary
test_38971,clear primary
test_38972,cloudy
test_38973,haze primary
test_38974,clear primary
test_38975,clear primary
test_38976,partly_cloudy primary
test_38977,partly_cloudy primary water road
test_38978,partly_cloudy primary water
test_38979,partly_cloudy primary
test_38980,clear primary
test_38981,clear primary
test_38982,clear primary water
test_38983,clear primary agriculture habitation road
test_38984,clear primary agriculture road
test_38985,cloudy
test_38986,cloudy
test_38987,clear primary
test_38988,clear primary water road
test_38989,haze cloudy primary water
test_38990,clear primary agriculture cultivation
test_38991,clear primary agriculture cultivation road
test_38992,partly_cloudy primary
test_38993,clear primary agriculture road
test_38994,haze cloudy primary
test_38995,clear primary agriculture cultivation
test_38996,clear primary
test_38997,clear primary agriculture cultivation
test_38998,clear primary
test_38999,haze partly_cloudy primary agriculture water road
test_39000,clear primary
test_39001,clear primary
test_39002,clear primary
test_39003,clear primary agriculture water habitation
test_39004,clear primary
test_39005,clear partly_cloudy primary agriculture water habitation road
test_39006,partly_cloudy primary agriculture cultivation
test_39007,clear primary
test_39008,clear primary agriculture
test_39009,partly_cloudy primary agriculture water
test_39010,clear primary
test_39011,cloudy
test_39012,clear primary
test_39013,clear primary water road
test_39014,partly_cloudy primary
test_39015,haze partly_cloudy cloudy primary agriculture water conventional_mine
test_39016,clear primary agriculture cultivation
test_39017,clear primary water
test_39018,clear primary
test_39019,clear primary
test_39020,partly_cloudy primary
test_39021,clear primary
test_39022,clear partly_cloudy primary
test_39023,partly_cloudy primary
test_39024,clear primary agriculture road bare_ground
test_39025,clear primary
test_39026,clear primary water habitation road
test_39027,clear primary water
test_39028,clear primary
test_39029,clear primary agriculture habitation road
test_39030,clear haze primary water
test_39031,partly_cloudy primary
test_39032,clear primary water habitation road conventional_mine bare_ground artisinal_mine
test_39033,clear primary agriculture cultivation habitation road
test_39034,clear primary
test_39035,clear haze primary
test_39036,clear primary
test_39037,cloudy
test_39038,partly_cloudy primary
test_39039,partly_cloudy primary
test_39040,clear primary
test_39041,clear primary
test_39042,clear partly_cloudy primary agriculture cultivation habitation
test_39043,clear primary
test_39044,clear primary
test_39045,clear primary agriculture cultivation
test_39046,clear primary
test_39047,clear cloudy primary water
test_39048,clear primary agriculture habitation road
test_39049,clear primary
test_39050,cloudy
test_39051,clear primary agriculture cultivation
test_39052,haze cloudy primary
test_39053,clear partly_cloudy primary water conventional_mine artisinal_mine
test_39054,clear primary agriculture road
test_39055,partly_cloudy primary
test_39056,clear primary
test_39057,clear primary water road conventional_mine bare_ground selective_logging
test_39058,partly_cloudy primary agriculture
test_39059,clear primary agriculture cultivation
test_39060,clear primary water bare_ground artisinal_mine
test_39061,clear haze primary water
test_39062,partly_cloudy primary
test_39063,clear primary blooming
test_39064,clear primary agriculture water road
test_39065,partly_cloudy primary
test_39066,clear primary
test_39067,clear primary
test_39068,clear primary agriculture cultivation habitation road
test_39069,clear primary
test_39070,clear primary
test_39071,partly_cloudy primary agriculture road
test_39072,clear primary agriculture cultivation road
test_39073,clear primary
test_39074,clear primary
test_39075,clear primary water
test_39076,clear primary agriculture habitation road
test_39077,clear primary agriculture water habitation road
test_39078,clear primary
test_39079,clear primary
test_39080,clear primary
test_39081,clear partly_cloudy primary agriculture cultivation
test_39082,clear primary
test_39083,haze partly_cloudy cloudy primary
test_39084,clear primary
test_39085,clear primary
test_39086,clear primary agriculture water cultivation
test_39087,partly_cloudy primary
test_39088,haze cloudy primary
test_39089,clear primary water road bare_ground artisinal_mine selective_logging
test_39090,clear primary agriculture
test_39091,clear primary agriculture habitation road
test_39092,clear primary
test_39093,partly_cloudy primary water road
test_39094,partly_cloudy primary agriculture road
test_39095,haze primary
test_39096,clear primary agriculture cultivation
test_39097,clear primary
test_39098,clear primary agriculture road
test_39099,clear primary agriculture cultivation habitation road
test_39100,partly_cloudy primary agriculture cultivation
test_39101,partly_cloudy primary agriculture cultivation habitation road
test_39102,partly_cloudy primary
test_39103,clear primary water
test_39104,clear partly_cloudy primary water artisinal_mine
test_39105,partly_cloudy primary agriculture cultivation
test_39106,clear primary agriculture water road
test_39107,clear primary
test_39108,clear primary
test_39109,haze primary
test_39110,clear primary
test_39111,clear primary
test_39112,clear primary water
test_39113,clear primary
test_39114,clear cloudy agriculture water bare_ground
test_39115,clear primary agriculture cultivation habitation
test_39116,clear primary agriculture road
test_39117,clear primary
test_39118,clear primary
test_39119,clear primary
test_39120,clear primary
test_39121,clear primary agriculture water habitation road
test_39122,clear primary agriculture water
test_39123,cloudy
test_39124,haze primary water
test_39125,clear primary
test_39126,cloudy
test_39127,clear primary
test_39128,partly_cloudy primary
test_39129,cloudy
test_39130,partly_cloudy primary agriculture water
test_39131,clear primary
test_39132,clear primary
test_39133,clear primary
test_39134,clear primary
test_39135,clear primary
test_39136,clear primary
test_39137,clear primary
test_39138,clear primary
test_39139,clear primary agriculture
test_39140,clear primary agriculture cultivation
test_39141,clear primary
test_39142,clear primary agriculture habitation road
test_39143,clear primary
test_39144,clear primary agriculture road bare_ground
test_39145,clear primary
test_39146,clear primary agriculture water road
test_39147,clear primary agriculture cultivation habitation
test_39148,cloudy
test_39149,clear primary water road
test_39150,clear primary
test_39151,haze primary
test_39152,partly_cloudy primary
test_39153,partly_cloudy primary agriculture
test_39154,partly_cloudy primary agriculture cultivation habitation road
test_39155,clear primary water
test_39156,clear primary
test_39157,clear primary
test_39158,clear primary water road
test_39159,clear primary agriculture water road
test_39160,partly_cloudy primary agriculture
test_39161,clear primary
test_39162,clear primary
test_39163,clear primary agriculture cultivation
test_39164,clear primary water
test_39165,cloudy
test_39166,clear primary agriculture cultivation road
test_39167,clear primary
test_39168,clear primary habitation road
test_39169,clear cloudy agriculture water bare_ground
test_39170,clear primary agriculture water
test_39171,clear primary
test_39172,clear partly_cloudy primary agriculture
test_39173,haze primary agriculture water road
test_39174,partly_cloudy primary
test_39175,clear partly_cloudy primary
test_39176,clear primary
test_39177,partly_cloudy primary agriculture cultivation
test_39178,partly_cloudy primary agriculture cultivation
test_39179,partly_cloudy primary agriculture cultivation habitation road
test_39180,partly_cloudy primary
test_39181,clear primary
test_39182,clear primary agriculture water cultivation
test_39183,clear primary water road
test_39184,clear primary
test_39185,clear primary water
test_39186,partly_cloudy primary agriculture habitation road
test_39187,clear primary water road
test_39188,clear primary
test_39189,clear primary agriculture cultivation
test_39190,haze partly_cloudy primary
test_39191,clear primary
test_39192,clear primary water
test_39193,clear primary
test_39194,clear primary
test_39195,partly_cloudy primary
test_39196,clear primary
test_39197,clear primary
test_39198,clear primary
test_39199,clear primary
test_39200,partly_cloudy cloudy
test_39201,clear primary
test_39202,clear primary
test_39203,clear cloudy primary water
test_39204,clear primary agriculture water cultivation road
test_39205,clear partly_cloudy primary
test_39206,clear primary agriculture road
test_39207,clear primary
test_39208,clear primary
test_39209,clear primary water
test_39210,partly_cloudy primary
test_39211,clear primary
test_39212,haze primary
test_39213,clear cloudy water
test_39214,clear primary agriculture water
test_39215,partly_cloudy primary agriculture water
test_39216,clear primary
test_39217,haze primary
test_39218,haze primary
test_39219,clear primary
test_39220,clear haze primary agriculture cultivation
test_39221,partly_cloudy primary
test_39222,clear primary
test_39223,clear primary water
test_39224,clear primary
test_39225,partly_cloudy primary agriculture cultivation habitation
test_39226,cloudy
test_39227,clear primary
test_39228,clear primary
test_39229,clear primary
test_39230,clear primary agriculture cultivation habitation
test_39231,clear haze primary agriculture water habitation road
test_39232,cloudy
test_39233,clear primary agriculture cultivation road
test_39234,haze primary
test_39235,clear primary
test_39236,clear primary water road
test_39237,clear primary road selective_logging
test_39238,clear primary
test_39239,clear primary
test_39240,partly_cloudy primary
test_39241,clear primary agriculture water
test_39242,clear primary agriculture road
test_39243,clear primary
test_39244,clear primary
test_39245,cloudy
test_39246,partly_cloudy primary
test_39247,clear primary agriculture cultivation
test_39248,clear primary agriculture water
test_39249,partly_cloudy cloudy primary agriculture
test_39250,clear primary agriculture cultivation
test_39251,clear primary
test_39252,clear primary
test_39253,clear primary
test_39254,cloudy
test_39255,clear primary agriculture cultivation
test_39256,clear primary
test_39257,clear primary agriculture water
test_39258,clear primary agriculture habitation road
test_39259,partly_cloudy primary
test_39260,clear primary
test_39261,clear haze primary
test_39262,cloudy
test_39263,clear partly_cloudy primary agriculture cultivation road
test_39264,clear primary
test_39265,clear primary
test_39266,clear primary
test_39267,partly_cloudy primary agriculture cultivation
test_39268,partly_cloudy primary agriculture cultivation road
test_39269,clear primary agriculture road
test_39270,partly_cloudy primary water
test_39271,clear primary agriculture water cultivation habitation road
test_39272,clear primary
test_39273,cloudy
test_39274,clear primary
test_39275,clear primary agriculture cultivation
test_39276,haze cloudy primary
test_39277,clear primary
test_39278,clear primary agriculture habitation road
test_39279,clear primary agriculture water habitation road
test_39280,clear primary
test_39281,clear primary agriculture water
test_39282,clear primary agriculture water cultivation
test_39283,partly_cloudy primary
test_39284,clear primary agriculture water cultivation habitation
test_39285,clear primary
test_39286,clear primary agriculture habitation road
test_39287,clear primary
test_39288,clear primary agriculture water
test_39289,clear primary agriculture
test_39290,clear primary
test_39291,cloudy
test_39292,clear primary agriculture cultivation
test_39293,clear cloudy water
test_39294,clear primary
test_39295,clear primary agriculture cultivation
test_39296,clear primary agriculture water cultivation road
test_39297,clear primary agriculture water cultivation road
test_39298,clear primary
test_39299,clear primary water
test_39300,clear primary
test_39301,clear primary agriculture cultivation road
test_39302,clear primary
test_39303,clear primary
test_39304,partly_cloudy primary agriculture cultivation
test_39305,clear primary
test_39306,clear primary agriculture water road
test_39307,clear primary agriculture cultivation
test_39308,clear primary
test_39309,clear primary water road
test_39310,clear primary agriculture water road
test_39311,clear primary
test_39312,clear primary agriculture cultivation
test_39313,clear primary water
test_39314,clear primary
test_39315,clear primary agriculture cultivation habitation
test_39316,clear primary water
test_39317,clear primary
test_39318,clear primary agriculture cultivation
test_39319,clear primary
test_39320,clear primary
test_39321,partly_cloudy primary agriculture road
test_39322,partly_cloudy primary
test_39323,partly_cloudy primary
test_39324,partly_cloudy primary agriculture cultivation
test_39325,clear primary
test_39326,clear primary
test_39327,clear primary agriculture habitation road
test_39328,clear primary
test_39329,clear primary agriculture road
test_39330,clear primary
test_39331,partly_cloudy primary
test_39332,partly_cloudy cloudy
test_39333,clear primary agriculture cultivation
test_39334,clear primary blooming
test_39335,clear primary agriculture water cultivation habitation
test_39336,clear partly_cloudy primary
test_39337,partly_cloudy cloudy primary water
test_39338,clear haze primary
test_39339,clear primary water
test_39340,clear primary
test_39341,clear primary
test_39342,clear primary
test_39343,partly_cloudy primary
test_39344,clear primary agriculture water cultivation habitation road
test_39345,clear primary
test_39346,clear primary agriculture road
test_39347,clear primary agriculture water
test_39348,clear primary agriculture cultivation
test_39349,clear primary
test_39350,clear primary agriculture water habitation road
test_39351,clear haze primary agriculture road
test_39352,partly_cloudy primary agriculture habitation road
test_39353,clear primary
test_39354,clear primary agriculture water
test_39355,partly_cloudy primary
test_39356,partly_cloudy primary
test_39357,cloudy
test_39358,clear primary
test_39359,cloudy
test_39360,partly_cloudy primary agriculture cultivation habitation road
test_39361,clear primary
test_39362,clear primary
test_39363,clear primary agriculture cultivation habitation road
test_39364,clear primary water
test_39365,clear partly_cloudy primary agriculture
test_39366,clear primary agriculture cultivation
test_39367,partly_cloudy primary water
test_39368,partly_cloudy primary
test_39369,partly_cloudy primary
test_39370,clear primary agriculture road
test_39371,clear primary road
test_39372,clear primary
test_39373,clear primary agriculture water cultivation road
test_39374,partly_cloudy primary water
test_39375,clear primary
test_39376,clear primary agriculture habitation road
test_39377,haze primary
test_39378,clear primary agriculture cultivation
test_39379,clear primary agriculture water habitation road
test_39380,clear haze primary
test_39381,clear primary
test_39382,clear primary
test_39383,clear primary water bare_ground artisinal_mine
test_39384,partly_cloudy primary
test_39385,clear primary agriculture cultivation
test_39386,clear primary water bare_ground artisinal_mine
test_39387,clear primary
test_39388,clear primary
test_39389,clear primary
test_39390,partly_cloudy primary
test_39391,clear primary agriculture road
test_39392,clear primary
test_39393,clear primary
test_39394,clear primary agriculture cultivation
test_39395,clear haze primary agriculture
test_39396,clear primary agriculture cultivation
test_39397,clear primary water artisinal_mine
test_39398,clear primary
test_39399,clear primary
test_39400,clear primary agriculture cultivation
test_39401,clear primary agriculture cultivation habitation road
test_39402,partly_cloudy primary water road
test_39403,partly_cloudy primary agriculture road
test_39404,clear primary
test_39405,haze cloudy primary
test_39406,clear primary agriculture cultivation habitation road
test_39407,clear primary agriculture road
test_39408,clear primary agriculture cultivation road
test_39409,clear primary water
test_39410,clear primary
test_39411,clear primary agriculture cultivation
test_39412,haze cloudy primary
test_39413,clear primary agriculture habitation road
test_39414,clear primary
test_39415,clear primary agriculture road
test_39416,partly_cloudy primary agriculture habitation road
test_39417,clear primary agriculture cultivation road
test_39418,clear primary agriculture cultivation
test_39419,partly_cloudy primary agriculture road
test_39420,clear primary
test_39421,clear primary agriculture cultivation
test_39422,clear primary agriculture cultivation habitation road
test_39423,clear primary
test_39424,clear partly_cloudy primary
test_39425,haze primary water road
test_39426,clear cloudy water
test_39427,haze cloudy primary
test_39428,clear cloudy water
test_39429,clear primary agriculture habitation road
test_39430,clear primary
test_39431,partly_cloudy primary
test_39432,haze primary water
test_39433,clear primary agriculture habitation road
test_39434,clear primary
test_39435,clear primary
test_39436,clear primary agriculture cultivation
test_39437,clear primary
test_39438,clear primary agriculture cultivation
test_39439,clear primary water
test_39440,clear primary
test_39441,clear primary
test_39442,clear primary
test_39443,clear haze primary agriculture
test_39444,clear primary agriculture cultivation road
test_39445,clear primary
test_39446,partly_cloudy cloudy primary
test_39447,haze primary agriculture water road
test_39448,clear haze primary agriculture cultivation
test_39449,clear primary
test_39450,clear primary water road selective_logging
test_39451,clear primary agriculture water cultivation habitation
test_39452,partly_cloudy primary agriculture cultivation
test_39453,partly_cloudy primary agriculture
test_39454,clear primary agriculture habitation road
test_39455,partly_cloudy primary
test_39456,clear primary agriculture cultivation
test_39457,partly_cloudy primary agriculture water road
test_39458,clear partly_cloudy primary agriculture water cultivation
test_39459,partly_cloudy primary
test_39460,cloudy
test_39461,clear primary
test_39462,clear primary
test_39463,clear primary
test_39464,haze primary agriculture water
test_39465,clear primary
test_39466,clear primary agriculture cultivation
test_39467,clear primary
test_39468,clear primary
test_39469,clear primary agriculture habitation road
test_39470,clear primary agriculture water cultivation bare_ground artisinal_mine
test_39471,partly_cloudy primary
test_39472,clear primary
test_39473,clear primary water
test_39474,partly_cloudy primary agriculture cultivation road
test_39475,clear primary agriculture water cultivation habitation road artisinal_mine
test_39476,cloudy
test_39477,partly_cloudy cloudy primary agriculture water
test_39478,clear primary agriculture cultivation
test_39479,clear primary
test_39480,clear cloudy primary water
test_39481,partly_cloudy primary agriculture cultivation
test_39482,clear haze primary agriculture water road
test_39483,clear primary agriculture road
test_39484,clear primary agriculture water
test_39485,clear primary agriculture water cultivation habitation road
test_39486,clear primary agriculture cultivation habitation road
test_39487,clear primary agriculture cultivation
test_39488,clear primary agriculture habitation road
test_39489,clear partly_cloudy primary agriculture road
test_39490,haze primary agriculture water
test_39491,haze cloudy primary water
test_39492,clear primary
test_39493,clear primary
test_39494,clear primary
test_39495,clear primary
test_39496,partly_cloudy primary
test_39497,cloudy
test_39498,clear primary agriculture cultivation habitation
test_39499,clear primary agriculture water road
test_39500,clear primary agriculture cultivation habitation
test_39501,clear primary
test_39502,clear primary
test_39503,haze partly_cloudy primary
test_39504,clear primary agriculture road
test_39505,clear primary water road selective_logging
test_39506,haze partly_cloudy primary agriculture habitation road
test_39507,haze primary agriculture cultivation
test_39508,haze primary agriculture water
test_39509,clear primary
test_39510,clear primary agriculture water road
test_39511,partly_cloudy cloudy water
test_39512,clear primary agriculture water cultivation habitation road
test_39513,clear primary agriculture
test_39514,haze primary
test_39515,clear primary
test_39516,clear primary
test_39517,clear primary
test_39518,clear primary water
test_39519,clear primary blooming selective_logging
test_39520,clear primary water road bare_ground artisinal_mine
test_39521,cloudy
test_39522,clear primary agriculture water
test_39523,clear primary agriculture cultivation
test_39524,haze cloudy primary water
test_39525,partly_cloudy primary agriculture cultivation
test_39526,clear primary
test_39527,clear primary
test_39528,clear primary agriculture
test_39529,clear primary
test_39530,clear primary
test_39531,clear primary agriculture habitation road
test_39532,clear haze primary
test_39533,partly_cloudy cloudy primary
test_39534,clear primary
test_39535,clear primary agriculture water
test_39536,clear primary agriculture road
test_39537,partly_cloudy primary agriculture water road
test_39538,clear primary
test_39539,clear primary agriculture cultivation
test_39540,clear primary
test_39541,clear primary agriculture habitation road
test_39542,partly_cloudy primary agriculture road
test_39543,clear primary water bare_ground artisinal_mine
test_39544,partly_cloudy primary water
test_39545,clear primary agriculture water
test_39546,clear primary agriculture water road
test_39547,clear primary
test_39548,clear primary agriculture
test_39549,cloudy
test_39550,clear primary
test_39551,clear primary
test_39552,partly_cloudy primary
test_39553,partly_cloudy primary agriculture road
test_39554,clear primary
test_39555,clear primary
test_39556,clear primary
test_39557,clear partly_cloudy primary agriculture cultivation
test_39558,clear primary
test_39559,clear primary agriculture habitation road
test_39560,haze primary
test_39561,partly_cloudy primary
test_39562,clear primary
test_39563,clear primary water bare_ground artisinal_mine
test_39564,clear primary agriculture bare_ground
test_39565,clear primary
test_39566,clear primary agriculture habitation road bare_ground
test_39567,partly_cloudy primary
test_39568,clear primary
test_39569,clear primary agriculture water road
test_39570,partly_cloudy primary agriculture road
test_39571,partly_cloudy primary
test_39572,clear primary agriculture water road bare_ground
test_39573,partly_cloudy primary
test_39574,clear primary
test_39575,clear primary agriculture cultivation
test_39576,clear cloudy primary water
test_39577,clear primary
test_39578,clear primary agriculture cultivation habitation road
test_39579,clear partly_cloudy primary agriculture cultivation
test_39580,clear primary agriculture cultivation
test_39581,clear primary
test_39582,clear primary agriculture habitation road
test_39583,clear primary water
test_39584,clear primary
test_39585,partly_cloudy primary agriculture cultivation
test_39586,cloudy
test_39587,clear primary road
test_39588,clear primary water road
test_39589,clear primary agriculture cultivation habitation
test_39590,clear primary agriculture bare_ground
test_39591,clear primary agriculture bare_ground
test_39592,clear primary
test_39593,clear primary
test_39594,clear primary
test_39595,haze primary
test_39596,partly_cloudy cloudy primary agriculture
test_39597,clear haze primary
test_39598,clear primary agriculture bare_ground
test_39599,clear primary
test_39600,clear primary agriculture water road
test_39601,clear partly_cloudy primary
test_39602,clear haze primary agriculture cultivation
test_39603,clear primary habitation road
test_39604,clear primary agriculture cultivation road
test_39605,clear primary agriculture habitation road
test_39606,clear primary
test_39607,clear primary agriculture habitation road
test_39608,cloudy
test_39609,haze partly_cloudy cloudy primary agriculture
test_39610,clear primary agriculture road
test_39611,clear primary agriculture habitation road
test_39612,clear primary
test_39613,clear primary agriculture cultivation habitation
test_39614,clear primary agriculture road
test_39615,clear primary agriculture road
test_39616,clear primary agriculture
test_39617,partly_cloudy primary agriculture cultivation road
test_39618,clear primary agriculture
test_39619,partly_cloudy primary
test_39620,partly_cloudy primary agriculture road
test_39621,cloudy
test_39622,clear primary agriculture cultivation road
test_39623,clear primary agriculture cultivation habitation road
test_39624,clear primary water road
test_39625,clear primary water
test_39626,clear primary agriculture cultivation
test_39627,clear primary
test_39628,clear primary
test_39629,clear primary agriculture habitation road
test_39630,clear primary
test_39631,clear primary
test_39632,clear primary
test_39633,partly_cloudy primary
test_39634,clear primary water
test_39635,clear primary
test_39636,clear primary
test_39637,clear cloudy water
test_39638,clear primary
test_39639,clear primary water road
test_39640,clear primary
test_39641,clear primary agriculture habitation road
test_39642,clear primary
test_39643,clear primary
test_39644,clear primary
test_39645,clear primary agriculture water road
test_39646,clear primary
test_39647,clear primary agriculture cultivation
test_39648,clear primary agriculture habitation road
test_39649,clear primary agriculture cultivation
test_39650,clear primary agriculture cultivation
test_39651,partly_cloudy primary agriculture road
test_39652,clear primary water road selective_logging
test_39653,partly_cloudy primary
test_39654,partly_cloudy primary agriculture cultivation
test_39655,clear primary agriculture cultivation
test_39656,clear primary
test_39657,clear primary agriculture cultivation
test_39658,clear primary
test_39659,clear partly_cloudy primary agriculture water road
test_39660,clear primary agriculture cultivation
test_39661,clear partly_cloudy primary agriculture cultivation habitation road
test_39662,clear partly_cloudy primary
test_39663,partly_cloudy primary agriculture
test_39664,clear primary
test_39665,clear primary
test_39666,clear primary water
test_39667,clear primary
test_39668,clear primary
test_39669,clear primary agriculture habitation road
test_39670,clear primary agriculture water
test_39671,clear primary
test_39672,clear primary
test_39673,clear primary agriculture habitation road
test_39674,partly_cloudy primary agriculture road
test_39675,clear primary
test_39676,clear cloudy water
test_39677,clear primary agriculture water cultivation
test_39678,clear primary
test_39679,partly_cloudy cloudy primary
test_39680,clear primary
test_39681,clear primary
test_39682,haze cloudy
test_39683,clear primary
test_39684,clear primary water road
test_39685,clear primary
test_39686,clear primary water
test_39687,clear primary
test_39688,clear primary
test_39689,clear primary water road selective_logging
test_39690,clear primary
test_39691,cloudy
test_39692,clear primary
test_39693,clear primary road selective_logging
test_39694,clear primary agriculture water
test_39695,clear primary agriculture cultivation road
test_39696,clear primary agriculture cultivation
test_39697,clear partly_cloudy primary
test_39698,partly_cloudy cloudy primary
test_39699,partly_cloudy primary agriculture road
test_39700,clear primary
test_39701,clear primary agriculture cultivation
test_39702,clear primary
test_39703,clear primary agriculture habitation road
test_39704,clear primary
test_39705,clear primary
test_39706,clear primary
test_39707,clear primary agriculture cultivation
test_39708,clear primary agriculture cultivation habitation road
test_39709,partly_cloudy primary agriculture cultivation
test_39710,clear haze primary
test_39711,clear primary
test_39712,clear primary agriculture cultivation road
test_39713,clear primary
test_39714,clear primary
test_39715,clear primary
test_39716,clear primary
test_39717,clear primary agriculture water
test_39718,clear primary
test_39719,partly_cloudy primary agriculture road
test_39720,clear partly_cloudy primary agriculture
test_39721,partly_cloudy primary agriculture
test_39722,clear primary
test_39723,clear primary agriculture water road
test_39724,clear primary water
test_39725,clear primary agriculture road
test_39726,clear primary agriculture road
test_39727,clear primary agriculture cultivation habitation road
test_39728,partly_cloudy primary
test_39729,partly_cloudy primary agriculture road
test_39730,clear primary
test_39731,clear primary
test_39732,clear primary
test_39733,clear primary
test_39734,clear primary
test_39735,clear primary
test_39736,cloudy
test_39737,clear primary
test_39738,clear primary agriculture cultivation
test_39739,haze cloudy
test_39740,clear primary agriculture cultivation
test_39741,clear primary water road
test_39742,clear primary agriculture cultivation
test_39743,clear primary
test_39744,clear primary
test_39745,clear primary agriculture water
test_39746,partly_cloudy primary water
test_39747,partly_cloudy primary
test_39748,clear primary
test_39749,clear primary agriculture cultivation
test_39750,clear primary
test_39751,clear primary
test_39752,cloudy
test_39753,clear primary
test_39754,clear primary
test_39755,partly_cloudy primary
test_39756,clear partly_cloudy primary
test_39757,partly_cloudy primary
test_39758,clear primary agriculture water cultivation
test_39759,clear primary
test_39760,clear primary agriculture cultivation habitation road
test_39761,clear primary agriculture cultivation road
test_39762,partly_cloudy primary agriculture water
test_39763,clear primary
test_39764,clear primary
test_39765,cloudy
test_39766,partly_cloudy primary
test_39767,partly_cloudy primary
test_39768,clear primary agriculture water habitation road artisinal_mine
test_39769,clear primary
test_39770,clear primary
test_39771,cloudy
test_39772,partly_cloudy primary agriculture road
test_39773,clear primary
test_39774,clear primary water road
test_39775,clear primary
test_39776,clear primary
test_39777,clear primary agriculture cultivation
test_39778,clear primary
test_39779,clear primary
test_39780,clear primary water bare_ground artisinal_mine
test_39781,clear primary water
test_39782,clear primary
test_39783,haze primary agriculture water road
test_39784,clear primary agriculture cultivation habitation road
test_39785,partly_cloudy primary agriculture road
test_39786,cloudy
test_39787,haze cloudy primary
test_39788,clear partly_cloudy primary water
test_39789,clear primary
test_39790,clear primary agriculture habitation road
test_39791,clear primary
test_39792,clear primary
test_39793,clear primary agriculture cultivation
test_39794,partly_cloudy primary agriculture water road
test_39795,clear primary agriculture water habitation road bare_ground artisinal_mine
test_39796,clear primary
test_39797,clear haze primary
test_39798,clear primary
test_39799,clear primary water
test_39800,clear primary
test_39801,clear primary
test_39802,clear primary
test_39803,clear primary
test_39804,clear primary agriculture
test_39805,partly_cloudy primary
test_39806,haze cloudy
test_39807,partly_cloudy primary agriculture cultivation habitation road
test_39808,clear primary agriculture road
test_39809,haze primary
test_39810,clear primary water artisinal_mine
test_39811,partly_cloudy primary
test_39812,clear primary
test_39813,cloudy
test_39814,clear primary agriculture habitation road
test_39815,clear primary
test_39816,partly_cloudy primary agriculture road
test_39817,clear primary
test_39818,haze partly_cloudy primary
test_39819,clear primary
test_39820,clear primary
test_39821,clear primary agriculture cultivation
test_39822,clear primary agriculture water cultivation habitation
test_39823,clear primary water
test_39824,clear primary
test_39825,partly_cloudy primary agriculture
test_39826,clear primary
test_39827,partly_cloudy primary
test_39828,clear partly_cloudy primary water road
test_39829,clear primary agriculture road
test_39830,partly_cloudy primary
test_39831,clear primary agriculture water road
test_39832,clear primary
test_39833,partly_cloudy primary
test_39834,clear primary agriculture water cultivation road
test_39835,clear primary agriculture water
test_39836,clear primary agriculture cultivation
test_39837,clear primary
test_39838,clear primary
test_39839,clear haze primary
test_39840,partly_cloudy primary agriculture cultivation
test_39841,clear primary
test_39842,clear primary
test_39843,partly_cloudy primary
test_39844,partly_cloudy primary
test_39845,partly_cloudy cloudy primary
test_39846,partly_cloudy primary
test_39847,clear primary water road
test_39848,clear primary agriculture cultivation
test_39849,clear primary agriculture water habitation road
test_39850,partly_cloudy primary
test_39851,clear primary
test_39852,clear primary agriculture water cultivation habitation
test_39853,clear primary agriculture
test_39854,clear primary
test_39855,clear primary
test_39856,clear primary agriculture water habitation road
test_39857,clear primary
test_39858,clear primary agriculture water road
test_39859,partly_cloudy primary agriculture cultivation road
test_39860,clear primary
test_39861,clear primary
test_39862,clear primary water road
test_39863,clear primary
test_39864,clear primary
test_39865,haze partly_cloudy primary
test_39866,clear primary
test_39867,clear primary
test_39868,haze primary
test_39869,clear primary water habitation
test_39870,clear primary agriculture water
test_39871,clear primary water road
test_39872,clear primary
test_39873,clear primary agriculture cultivation
test_39874,partly_cloudy primary
test_39875,clear partly_cloudy primary agriculture habitation road
test_39876,clear primary agriculture cultivation
test_39877,clear primary
test_39878,clear primary
test_39879,partly_cloudy primary
test_39880,clear primary
test_39881,clear primary agriculture cultivation
test_39882,clear primary agriculture cultivation
test_39883,clear primary water road selective_logging
test_39884,clear primary agriculture cultivation
test_39885,clear primary agriculture
test_39886,clear primary
test_39887,clear primary
test_39888,partly_cloudy primary water
test_39889,clear primary agriculture road
test_39890,partly_cloudy primary
test_39891,clear primary habitation road
test_39892,partly_cloudy primary
test_39893,clear primary
test_39894,clear primary
test_39895,clear primary
test_39896,partly_cloudy primary agriculture road
test_39897,clear primary
test_39898,haze primary
test_39899,clear primary agriculture habitation road
test_39900,clear primary habitation road
test_39901,partly_cloudy primary
test_39902,clear primary water
test_39903,clear primary
test_39904,clear primary agriculture water road
test_39905,clear haze primary
test_39906,partly_cloudy primary
test_39907,cloudy
test_39908,clear primary
test_39909,clear primary
test_39910,clear primary
test_39911,clear primary
test_39912,clear primary
test_39913,clear primary agriculture
test_39914,clear primary
test_39915,clear primary
test_39916,clear primary
test_39917,partly_cloudy primary agriculture habitation road
test_39918,clear primary agriculture road
test_39919,clear primary
test_39920,partly_cloudy primary
test_39921,clear primary
test_39922,clear primary agriculture habitation road
test_39923,clear primary agriculture habitation road
test_39924,clear primary
test_39925,haze primary
test_39926,clear primary agriculture water
test_39927,clear primary
test_39928,clear primary
test_39929,clear primary
test_39930,clear haze primary agriculture road
test_39931,clear primary
test_39932,clear primary
test_39933,clear primary agriculture cultivation
test_39934,partly_cloudy primary agriculture road
test_39935,clear primary
test_39936,clear primary water road
test_39937,partly_cloudy primary agriculture cultivation habitation road
test_39938,partly_cloudy primary water
test_39939,cloudy
test_39940,partly_cloudy primary
test_39941,clear primary water road
test_39942,clear primary
test_39943,clear primary agriculture habitation road
test_39944,clear primary
test_39945,clear primary agriculture water
test_39946,clear primary
test_39947,clear primary agriculture habitation road
test_39948,haze cloudy
test_39949,clear primary
test_39950,clear primary agriculture
test_39951,clear primary
test_39952,haze cloudy primary
test_39953,clear primary
test_39954,clear primary
test_39955,clear primary
test_39956,clear primary agriculture cultivation habitation road
test_39957,clear primary agriculture bare_ground
test_39958,clear primary
test_39959,clear primary
test_39960,clear primary
test_39961,haze primary
test_39962,clear primary
test_39963,clear primary agriculture cultivation road
test_39964,clear primary agriculture cultivation
test_39965,clear primary agriculture water cultivation road
test_39966,clear primary agriculture road
test_39967,haze primary
test_39968,clear haze primary
test_39969,clear primary water
test_39970,haze primary
test_39971,haze cloudy primary water
test_39972,clear primary
test_39973,clear primary
test_39974,clear primary water road
test_39975,clear partly_cloudy primary
test_39976,clear primary
test_39977,partly_cloudy primary water
test_39978,clear primary agriculture water cultivation habitation
test_39979,clear primary agriculture cultivation
test_39980,clear primary
test_39981,clear primary water road
test_39982,clear primary
test_39983,clear primary agriculture cultivation
test_39984,haze primary agriculture cultivation
test_39985,partly_cloudy primary
test_39986,clear primary agriculture water cultivation
test_39987,clear partly_cloudy primary water
test_39988,haze cloudy
test_39989,clear primary agriculture water bare_ground
test_39990,clear primary agriculture road
test_39991,haze primary
test_39992,clear primary agriculture road
test_39993,clear primary
test_39994,clear primary
test_39995,clear primary agriculture water cultivation
test_39996,clear primary water
test_39997,clear haze primary agriculture water
test_39998,clear primary
test_39999,partly_cloudy primary
test_40000,clear partly_cloudy primary agriculture habitation road
test_40001,partly_cloudy primary
test_40002,clear primary agriculture habitation road
test_40003,clear primary agriculture cultivation road
test_40004,partly_cloudy primary
test_40005,clear primary agriculture road
test_40006,clear primary
test_40007,partly_cloudy primary
test_40008,clear haze primary agriculture water road
test_40009,clear primary water
test_40010,clear primary agriculture cultivation habitation road
test_40011,clear primary
test_40012,clear primary
test_40013,clear primary cultivation
test_40014,clear primary
test_40015,clear primary agriculture cultivation habitation road
test_40016,clear primary
test_40017,partly_cloudy primary water road
test_40018,clear primary agriculture habitation road
test_40019,clear primary water
test_40020,clear primary
test_40021,clear primary
test_40022,cloudy
test_40023,clear primary agriculture road
test_40024,partly_cloudy primary water road
test_40025,clear primary
test_40026,clear primary agriculture cultivation habitation road
test_40027,clear primary
test_40028,clear primary agriculture water cultivation
test_40029,clear primary water
test_40030,partly_cloudy primary
test_40031,clear primary
test_40032,clear primary
test_40033,clear primary agriculture cultivation
test_40034,clear primary
test_40035,clear primary
test_40036,clear primary
test_40037,partly_cloudy primary
test_40038,clear primary agriculture road
test_40039,partly_cloudy primary agriculture water
test_40040,partly_cloudy primary
test_40041,clear haze primary agriculture water
test_40042,clear primary
test_40043,partly_cloudy primary
test_40044,haze primary
test_40045,clear primary agriculture cultivation habitation road
test_40046,clear primary agriculture water road bare_ground
test_40047,cloudy
test_40048,clear primary agriculture habitation road
test_40049,clear primary agriculture cultivation habitation
test_40050,clear primary
test_40051,clear primary agriculture bare_ground
test_40052,clear primary water
test_40053,clear primary agriculture cultivation habitation road
test_40054,clear primary
test_40055,clear primary
test_40056,haze cloudy
test_40057,clear primary water road
test_40058,clear haze primary
test_40059,clear partly_cloudy primary
test_40060,clear primary agriculture road
test_40061,haze primary
test_40062,clear partly_cloudy primary agriculture water cultivation
test_40063,clear primary agriculture habitation road
test_40064,haze cloudy primary
test_40065,clear primary
test_40066,clear primary water
test_40067,clear primary
test_40068,clear primary
test_40069,clear primary
test_40070,clear primary water
test_40071,clear primary
test_40072,clear primary habitation road
test_40073,haze primary
test_40074,clear primary
test_40075,clear primary water
test_40076,clear primary blooming
test_40077,clear primary
test_40078,clear primary agriculture habitation road
test_40079,clear primary agriculture bare_ground
test_40080,clear haze primary
test_40081,haze cloudy primary
test_40082,clear primary agriculture water
test_40083,partly_cloudy cloudy
test_40084,partly_cloudy primary
test_40085,haze primary
test_40086,clear primary agriculture road
test_40087,clear primary agriculture
test_40088,clear primary
test_40089,clear primary agriculture cultivation
test_40090,clear primary
test_40091,clear primary agriculture cultivation habitation
test_40092,cloudy
test_40093,clear primary
test_40094,clear primary
test_40095,clear haze primary water
test_40096,clear primary agriculture habitation road
test_40097,clear haze primary agriculture cultivation
test_40098,clear primary agriculture habitation road
test_40099,clear primary agriculture
test_40100,clear primary agriculture
test_40101,clear primary
test_40102,partly_cloudy primary
test_40103,clear primary
test_40104,clear primary agriculture road
test_40105,clear primary
test_40106,clear haze primary agriculture
test_40107,clear primary agriculture habitation road
test_40108,clear primary
test_40109,clear primary
test_40110,clear primary
test_40111,clear primary agriculture cultivation
test_40112,clear primary
test_40113,partly_cloudy primary agriculture cultivation
test_40114,clear primary agriculture habitation road
test_40115,haze primary water
test_40116,clear primary road selective_logging
test_40117,clear primary
test_40118,haze primary agriculture water
test_40119,clear primary water
test_40120,haze primary water
test_40121,clear primary
test_40122,haze primary
test_40123,clear primary
test_40124,clear primary
test_40125,clear primary water
test_40126,clear primary
test_40127,clear primary
test_40128,clear primary agriculture
test_40129,clear primary
test_40130,clear primary agriculture road
test_40131,clear primary agriculture cultivation
test_40132,cloudy
test_40133,clear primary agriculture water
test_40134,clear primary
test_40135,clear haze primary agriculture road
test_40136,clear primary agriculture cultivation
test_40137,clear primary agriculture road
test_40138,clear partly_cloudy primary
test_40139,clear primary agriculture habitation road
test_40140,clear primary water
test_40141,clear partly_cloudy primary water road conventional_mine artisinal_mine
test_40142,clear primary
test_40143,haze primary agriculture cultivation
test_40144,cloudy
test_40145,clear primary agriculture cultivation
test_40146,clear primary
test_40147,clear primary agriculture water cultivation habitation road
test_40148,partly_cloudy primary
test_40149,clear primary agriculture water cultivation
test_40150,clear partly_cloudy primary agriculture cultivation habitation road
test_40151,haze cloudy primary
test_40152,clear primary
test_40153,clear primary
test_40154,clear primary agriculture
test_40155,partly_cloudy primary
test_40156,clear primary agriculture habitation road
test_40157,clear haze primary water
test_40158,clear primary
test_40159,partly_cloudy primary
test_40160,clear primary
test_40161,clear primary agriculture water habitation
test_40162,clear primary agriculture habitation
test_40163,clear partly_cloudy primary agriculture cultivation
test_40164,clear primary agriculture cultivation
test_40165,clear primary agriculture habitation road
test_40166,clear haze primary agriculture
test_40167,clear primary
test_40168,clear primary agriculture road bare_ground
test_40169,clear primary agriculture road
test_40170,partly_cloudy primary agriculture water road
test_40171,clear haze primary agriculture water
test_40172,haze primary
test_40173,clear primary agriculture water cultivation road
test_40174,clear primary agriculture habitation road
test_40175,clear primary agriculture habitation road
test_40176,clear primary
test_40177,clear primary
test_40178,clear primary habitation road
test_40179,clear primary
test_40180,clear primary
test_40181,partly_cloudy primary
test_40182,clear primary agriculture cultivation habitation road
test_40183,clear primary agriculture water road
test_40184,haze cloudy primary
test_40185,clear haze primary
test_40186,clear primary
test_40187,clear primary
test_40188,clear primary agriculture road
test_40189,clear primary
test_40190,clear primary
test_40191,clear primary water habitation road selective_logging
test_40192,clear primary agriculture cultivation
test_40193,partly_cloudy primary
test_40194,clear primary
test_40195,clear primary habitation road
test_40196,clear primary
test_40197,clear primary water road
test_40198,clear primary
test_40199,clear primary cultivation
test_40200,clear partly_cloudy primary
test_40201,cloudy
test_40202,clear primary
test_40203,clear primary
test_40204,clear primary agriculture water cultivation road
test_40205,clear primary
test_40206,haze primary
test_40207,clear primary
test_40208,clear primary
test_40209,clear primary agriculture cultivation habitation
test_40210,clear primary agriculture road
test_40211,clear primary agriculture habitation road
test_40212,clear primary agriculture water
test_40213,clear primary
test_40214,clear primary
test_40215,clear primary agriculture cultivation
test_40216,clear primary water
test_40217,clear primary blooming
test_40218,clear primary agriculture water bare_ground
test_40219,clear primary
test_40220,cloudy
test_40221,clear primary
test_40222,clear primary
test_40223,partly_cloudy primary agriculture cultivation
test_40224,clear primary agriculture water cultivation
test_40225,clear cloudy water
test_40226,clear partly_cloudy primary
test_40227,clear primary agriculture cultivation
test_40228,clear primary
test_40229,clear primary water road
test_40230,partly_cloudy primary agriculture cultivation
test_40231,clear primary agriculture water habitation road conventional_mine bare_ground artisinal_mine selective_logging
test_40232,clear primary
test_40233,clear primary
test_40234,clear primary agriculture habitation road
test_40235,clear primary
test_40236,clear primary
test_40237,partly_cloudy primary
test_40238,clear primary agriculture road
test_40239,cloudy
test_40240,partly_cloudy cloudy primary
test_40241,clear primary
test_40242,clear primary agriculture cultivation
test_40243,clear primary water
test_40244,clear primary
test_40245,partly_cloudy primary agriculture cultivation
test_40246,clear partly_cloudy primary water
test_40247,partly_cloudy primary water
test_40248,clear primary water
test_40249,clear primary water bare_ground artisinal_mine
test_40250,partly_cloudy primary agriculture water road
test_40251,clear primary agriculture water habitation road
test_40252,clear partly_cloudy primary agriculture road
test_40253,clear primary agriculture cultivation habitation road
test_40254,clear primary agriculture cultivation
test_40255,clear primary agriculture water road
test_40256,clear primary
test_40257,clear primary
test_40258,clear primary agriculture water habitation road
test_40259,clear primary agriculture road
test_40260,clear primary agriculture cultivation habitation
test_40261,clear primary agriculture cultivation road
test_40262,clear primary agriculture road
test_40263,partly_cloudy primary water road
test_40264,clear primary water road
test_40265,clear primary habitation road
test_40266,clear primary
test_40267,clear primary agriculture cultivation
test_40268,cloudy
test_40269,clear primary habitation road
test_40270,clear primary agriculture road
test_40271,clear primary agriculture cultivation road
test_40272,partly_cloudy primary agriculture water road
test_40273,clear primary agriculture water cultivation
test_40274,clear cloudy agriculture water bare_ground
test_40275,clear primary
test_40276,clear primary agriculture cultivation road
test_40277,partly_cloudy primary
test_40278,clear primary
test_40279,clear primary agriculture cultivation habitation road
test_40280,clear primary
test_40281,partly_cloudy primary
test_40282,clear primary water
test_40283,clear primary agriculture
test_40284,clear primary
test_40285,partly_cloudy primary agriculture water road
test_40286,clear primary
test_40287,clear primary agriculture water
test_40288,partly_cloudy primary agriculture
test_40289,cloudy
test_40290,clear primary agriculture cultivation road
test_40291,clear primary agriculture water road
test_40292,clear primary
test_40293,clear primary
test_40294,clear primary
test_40295,clear primary agriculture water road
test_40296,clear partly_cloudy primary agriculture cultivation
test_40297,clear primary
test_40298,clear primary
test_40299,clear primary agriculture habitation road bare_ground
test_40300,haze primary water
test_40301,partly_cloudy primary
test_40302,partly_cloudy primary water
test_40303,clear primary
test_40304,haze cloudy primary
test_40305,haze cloudy
test_40306,clear primary
test_40307,clear primary agriculture cultivation
test_40308,partly_cloudy primary agriculture cultivation habitation road
test_40309,clear primary
test_40310,clear primary agriculture road
test_40311,clear haze primary
test_40312,clear primary agriculture water habitation road
test_40313,clear primary agriculture water
test_40314,clear haze primary water
test_40315,clear primary
test_40316,clear primary agriculture habitation road
test_40317,clear primary agriculture habitation road
test_40318,clear primary
test_40319,haze cloudy primary
test_40320,partly_cloudy primary
test_40321,clear primary
test_40322,partly_cloudy primary
test_40323,clear primary agriculture road
test_40324,clear primary agriculture road
test_40325,clear primary agriculture habitation road
test_40326,clear primary
test_40327,clear primary water artisinal_mine
test_40328,partly_cloudy primary
test_40329,partly_cloudy primary
test_40330,clear primary agriculture road
test_40331,partly_cloudy primary
test_40332,clear primary water
test_40333,clear primary water
test_40334,clear primary
test_40335,partly_cloudy primary agriculture cultivation
test_40336,clear primary
test_40337,partly_cloudy primary agriculture habitation road
test_40338,clear cloudy water
test_40339,clear primary agriculture road
test_40340,clear primary
test_40341,clear primary agriculture road
test_40342,partly_cloudy primary agriculture water road
test_40343,clear primary
test_40344,partly_cloudy primary
test_40345,clear primary
test_40346,clear haze primary agriculture cultivation
test_40347,clear primary
test_40348,clear primary agriculture
test_40349,partly_cloudy primary agriculture cultivation
test_40350,partly_cloudy primary
test_40351,clear primary agriculture cultivation
test_40352,clear primary
test_40353,clear primary
test_40354,clear primary
test_40355,clear primary
test_40356,haze primary water
test_40357,clear primary
test_40358,clear primary water road selective_logging
test_40359,clear primary agriculture cultivation
test_40360,clear primary
test_40361,haze cloudy primary
test_40362,clear primary water road
test_40363,clear primary agriculture habitation road
test_40364,clear primary water
test_40365,partly_cloudy primary agriculture road
test_40366,clear primary
test_40367,partly_cloudy primary agriculture habitation road
test_40368,clear haze primary water
test_40369,clear primary agriculture cultivation
test_40370,clear primary agriculture road
test_40371,clear primary agriculture cultivation
test_40372,clear primary agriculture water habitation road
test_40373,partly_cloudy primary agriculture
test_40374,partly_cloudy primary
test_40375,clear primary
test_40376,clear primary
test_40377,clear primary
test_40378,clear primary water
test_40379,clear primary agriculture cultivation road
test_40380,partly_cloudy primary
test_40381,clear primary water
test_40382,partly_cloudy primary
test_40383,clear primary
test_40384,clear primary
test_40385,clear primary water
test_40386,clear primary
test_40387,clear primary
test_40388,clear primary agriculture
test_40389,partly_cloudy primary
test_40390,clear primary
test_40391,clear partly_cloudy primary agriculture road
test_40392,clear primary
test_40393,clear haze primary
test_40394,clear primary agriculture water cultivation habitation road
test_40395,clear primary
test_40396,partly_cloudy primary agriculture water
test_40397,clear primary water
test_40398,clear primary
test_40399,clear primary
test_40400,clear primary
test_40401,clear partly_cloudy primary
test_40402,partly_cloudy primary
test_40403,clear primary agriculture cultivation habitation
test_40404,clear primary
test_40405,clear primary
test_40406,clear primary agriculture cultivation habitation
test_40407,clear primary agriculture road
test_40408,clear primary agriculture cultivation habitation road
test_40409,clear primary
test_40410,clear haze primary
test_40411,clear primary
test_40412,clear partly_cloudy primary agriculture cultivation
test_40413,clear primary agriculture water
test_40414,haze primary
test_40415,clear primary
test_40416,clear primary
test_40417,clear primary
test_40418,partly_cloudy primary
test_40419,clear primary agriculture water cultivation
test_40420,clear primary
test_40421,clear haze primary
test_40422,clear primary
test_40423,clear haze primary agriculture water road
test_40424,clear primary agriculture habitation road
test_40425,clear primary agriculture water cultivation
test_40426,partly_cloudy primary agriculture
test_40427,clear primary
test_40428,haze primary
test_40429,partly_cloudy primary agriculture road
test_40430,clear primary water
test_40431,clear primary agriculture water habitation road bare_ground
test_40432,clear primary water bare_ground artisinal_mine
test_40433,clear primary agriculture water
test_40434,clear primary cultivation
test_40435,clear primary agriculture habitation road bare_ground
test_40436,clear primary
test_40437,haze primary
test_40438,clear primary agriculture water
test_40439,clear primary
test_40440,clear primary agriculture cultivation habitation road
test_40441,clear primary
test_40442,clear primary agriculture road
test_40443,clear primary
test_40444,haze cloudy primary
test_40445,clear primary water road conventional_mine bare_ground artisinal_mine selective_logging
test_40446,clear primary
test_40447,clear primary water road
test_40448,clear primary
test_40449,clear primary agriculture water bare_ground
test_40450,clear primary
test_40451,haze primary water
test_40452,clear primary
test_40453,cloudy
test_40454,clear primary blooming
test_40455,clear primary agriculture water bare_ground
test_40456,clear partly_cloudy primary agriculture water cultivation
test_40457,clear primary
test_40458,clear haze primary agriculture water cultivation habitation
test_40459,clear primary
test_40460,clear primary water
test_40461,clear primary agriculture road
test_40462,clear primary agriculture road
test_40463,clear primary
test_40464,partly_cloudy primary
test_40465,clear primary agriculture cultivation
test_40466,clear primary
test_40467,clear primary water
test_40468,clear haze primary agriculture cultivation
test_40469,cloudy
test_40470,clear partly_cloudy primary
test_40471,partly_cloudy primary
test_40472,clear primary agriculture cultivation habitation road
test_40473,clear primary agriculture road
test_40474,clear primary agriculture
test_40475,clear primary water
test_40476,partly_cloudy primary
test_40477,partly_cloudy primary agriculture
test_40478,clear partly_cloudy primary agriculture water road
test_40479,clear primary agriculture water cultivation habitation road
test_40480,partly_cloudy primary water
test_40481,partly_cloudy primary agriculture
test_40482,clear primary
test_40483,partly_cloudy primary
test_40484,clear primary
test_40485,clear primary
test_40486,clear primary
test_40487,clear cloudy water
test_40488,clear primary
test_40489,clear primary
test_40490,clear primary water road selective_logging
test_40491,clear primary
test_40492,cloudy
test_40493,partly_cloudy primary
test_40494,clear cloudy water
test_40495,partly_cloudy primary
test_40496,clear primary agriculture cultivation road
test_40497,clear primary
test_40498,clear partly_cloudy primary agriculture road
test_40499,clear primary water
test_40500,partly_cloudy primary
test_40501,clear primary
test_40502,clear primary
test_40503,clear primary agriculture habitation road
test_40504,haze primary agriculture cultivation
test_40505,partly_cloudy primary water
test_40506,clear primary agriculture water cultivation
test_40507,clear primary agriculture cultivation habitation road
test_40508,partly_cloudy primary
test_40509,partly_cloudy primary
test_40510,haze primary
test_40511,partly_cloudy primary agriculture road
test_40512,clear primary agriculture
test_40513,clear primary agriculture cultivation
test_40514,clear primary agriculture cultivation
test_40515,partly_cloudy primary agriculture road
test_40516,partly_cloudy primary
test_40517,partly_cloudy primary
test_40518,haze cloudy primary water
test_40519,clear haze primary
test_40520,partly_cloudy primary
test_40521,clear primary
test_40522,clear primary
test_40523,clear primary agriculture cultivation
test_40524,clear primary
test_40525,partly_cloudy primary agriculture cultivation habitation road
test_40526,clear primary agriculture road
test_40527,clear primary
test_40528,haze primary
test_40529,clear primary
test_40530,clear primary
test_40531,clear primary agriculture cultivation
test_40532,clear primary
test_40533,clear partly_cloudy primary agriculture water cultivation road
test_40534,clear primary
test_40535,clear primary agriculture cultivation road
test_40536,haze cloudy primary
test_40537,clear primary agriculture water cultivation
test_40538,clear primary agriculture habitation road
test_40539,clear primary
test_40540,clear primary
test_40541,clear primary
test_40542,partly_cloudy primary water road
test_40543,clear primary agriculture water
test_40544,partly_cloudy primary agriculture
test_40545,clear haze primary
test_40546,clear primary
test_40547,clear primary water road
test_40548,clear primary agriculture cultivation habitation
test_40549,partly_cloudy cloudy primary
test_40550,clear primary
test_40551,partly_cloudy primary agriculture
test_40552,clear primary
test_40553,partly_cloudy primary
test_40554,clear primary
test_40555,partly_cloudy primary agriculture
test_40556,clear primary agriculture cultivation
test_40557,clear primary blooming
test_40558,clear primary
test_40559,partly_cloudy primary agriculture road
test_40560,partly_cloudy primary water road
test_40561,partly_cloudy primary agriculture road
test_40562,clear primary
test_40563,clear primary water
test_40564,clear primary agriculture water road
test_40565,clear primary
test_40566,clear haze primary
test_40567,clear primary agriculture water
test_40568,clear primary
test_40569,clear primary
test_40570,clear primary
test_40571,clear primary
test_40572,clear primary
test_40573,clear primary agriculture cultivation
test_40574,clear primary
test_40575,clear primary
test_40576,clear primary
test_40577,clear primary agriculture
test_40578,clear primary
test_40579,clear primary agriculture road
test_40580,clear primary agriculture cultivation
test_40581,clear primary agriculture road
test_40582,clear primary agriculture water
test_40583,clear primary
test_40584,clear primary agriculture cultivation
test_40585,clear primary
test_40586,partly_cloudy primary
test_40587,clear primary agriculture water road bare_ground
test_40588,clear primary agriculture water
test_40589,partly_cloudy primary
test_40590,clear primary agriculture cultivation habitation
test_40591,partly_cloudy primary
test_40592,partly_cloudy primary
test_40593,cloudy
test_40594,clear primary agriculture water cultivation habitation
test_40595,clear primary
test_40596,haze cloudy primary
test_40597,clear primary agriculture water bare_ground
test_40598,clear primary agriculture water road
test_40599,clear primary
test_40600,clear primary agriculture
test_40601,clear partly_cloudy primary agriculture habitation road
test_40602,clear primary
test_40603,clear haze primary
test_40604,clear primary water
test_40605,haze primary
test_40606,clear primary agriculture water cultivation habitation road
test_40607,clear primary agriculture water cultivation habitation
test_40608,clear primary agriculture cultivation
test_40609,clear primary
test_40610,clear primary
test_40611,clear primary
test_40612,clear primary water road
test_40613,clear partly_cloudy primary agriculture water
test_40614,partly_cloudy primary agriculture cultivation
test_40615,partly_cloudy primary
test_40616,clear primary agriculture
test_40617,clear primary
test_40618,clear primary agriculture habitation road
test_40619,partly_cloudy primary
test_40620,clear primary agriculture road
test_40621,clear primary water road
test_40622,clear primary
test_40623,clear primary agriculture habitation road
test_40624,clear partly_cloudy primary agriculture cultivation
test_40625,haze cloudy primary
test_40626,clear primary
test_40627,clear primary agriculture road
test_40628,partly_cloudy primary
test_40629,clear primary
test_40630,haze partly_cloudy primary agriculture water road
test_40631,clear primary water
test_40632,clear primary
test_40633,clear primary agriculture cultivation road
test_40634,clear primary agriculture cultivation habitation
test_40635,clear haze primary agriculture cultivation
test_40636,clear primary agriculture water road
test_40637,clear primary
test_40638,clear primary
test_40639,clear primary water
test_40640,partly_cloudy cloudy primary
test_40641,clear primary agriculture water cultivation
test_40642,clear primary agriculture water habitation road
test_40643,clear partly_cloudy primary agriculture cultivation
test_40644,clear primary
test_40645,cloudy
test_40646,clear primary
test_40647,clear primary
test_40648,clear primary
test_40649,clear partly_cloudy primary agriculture water
test_40650,clear primary agriculture road
test_40651,clear primary
test_40652,clear haze primary agriculture road
test_40653,clear primary
test_40654,clear primary agriculture habitation road
test_40655,clear primary
test_40656,clear primary agriculture water habitation road conventional_mine bare_ground
test_40657,clear primary
test_40658,clear primary agriculture habitation road
test_40659,partly_cloudy primary agriculture cultivation
test_40660,clear primary
test_40661,clear primary water
test_40662,clear primary agriculture water
test_40663,clear primary water
test_40664,clear primary
test_40665,clear primary agriculture road
test_40666,clear primary agriculture cultivation
test_40667,partly_cloudy primary
test_40668,clear primary
file_0,clear primary
file_1,partly_cloudy primary agriculture cultivation road
file_2,clear primary cultivation
file_3,clear primary agriculture water
file_4,partly_cloudy primary agriculture road
file_5,clear primary
file_6,clear primary agriculture water cultivation
file_7,clear primary blooming
file_8,clear primary agriculture cultivation
file_9,clear primary
file_10,haze primary agriculture water road
file_11,partly_cloudy primary
file_12,clear primary
file_13,clear primary
file_14,clear primary
file_15,clear primary agriculture cultivation
file_16,clear primary
file_17,clear primary water road
file_18,cloudy
file_19,partly_cloudy primary
file_20,clear primary
file_21,partly_cloudy primary
file_22,partly_cloudy cloudy primary agriculture water
file_23,clear primary agriculture habitation road
file_24,partly_cloudy primary agriculture water
file_25,clear primary
file_26,clear primary agriculture
file_27,haze primary water
file_28,haze cloudy primary
file_29,partly_cloudy primary agriculture cultivation
file_30,clear primary
file_31,clear primary
file_32,clear primary agriculture cultivation
file_33,clear primary agriculture water cultivation
file_34,clear primary
file_35,clear primary agriculture water
file_36,clear primary
file_37,partly_cloudy primary
file_38,clear primary agriculture habitation road
file_39,partly_cloudy primary agriculture water cultivation
file_40,clear primary agriculture
file_41,cloudy
file_42,partly_cloudy primary agriculture water habitation road
file_43,cloudy
file_44,clear primary
file_45,clear primary agriculture cultivation
file_46,clear primary agriculture cultivation
file_47,clear primary agriculture road
file_48,clear primary
file_49,clear primary
file_50,clear primary
file_51,clear primary agriculture water cultivation habitation road
file_52,clear primary agriculture cultivation habitation
file_53,partly_cloudy primary agriculture cultivation
file_54,partly_cloudy primary
file_55,partly_cloudy cloudy primary water
file_56,clear primary agriculture cultivation habitation
file_57,clear primary
file_58,clear partly_cloudy primary agriculture habitation road
file_59,clear primary
file_60,clear primary agriculture water road
file_61,clear primary agriculture water cultivation habitation road
file_62,clear primary agriculture water habitation road conventional_mine bare_ground artisinal_mine
file_63,clear haze primary agriculture
file_64,clear primary agriculture cultivation
file_65,clear primary
file_66,clear primary agriculture water
file_67,clear haze primary
file_68,partly_cloudy primary agriculture cultivation road
file_69,clear primary agriculture habitation road
file_70,clear primary
file_71,clear primary agriculture cultivation habitation road
file_72,partly_cloudy primary agriculture water
file_73,clear primary agriculture cultivation
file_74,clear haze primary agriculture habitation road
file_75,partly_cloudy primary agriculture cultivation
file_76,clear primary water
file_77,clear primary water road
file_78,clear primary
file_79,clear primary
file_80,clear primary
file_81,clear primary agriculture water
file_82,clear primary agriculture
file_83,partly_cloudy primary
file_84,clear primary agriculture cultivation
file_85,cloudy
file_86,clear primary agriculture road bare_ground
file_87,clear primary
file_88,clear primary water road bare_ground artisinal_mine
file_89,clear primary habitation road
file_90,clear primary water
file_91,cloudy
file_92,clear primary
file_93,clear primary
file_94,clear primary agriculture water cultivation
file_95,clear primary
file_96,clear primary
file_97,haze partly_cloudy primary agriculture
file_98,clear primary
file_99,clear primary agriculture water cultivation habitation road
file_100,clear primary water road
file_101,clear primary
file_102,clear primary agriculture water cultivation
file_103,haze cloudy primary
file_104,haze cloudy primary agriculture road
file_105,cloudy
file_106,clear primary
file_107,clear primary
file_108,haze cloudy primary
file_109,clear primary agriculture habitation road bare_ground
file_110,clear primary water
file_111,partly_cloudy primary
file_112,haze cloudy primary
file_113,clear primary agriculture water cultivation habitation road
file_114,clear primary water
file_115,partly_cloudy primary
file_116,clear primary
file_117,clear primary
file_118,partly_cloudy primary
file_119,clear primary agriculture cultivation
file_120,clear primary
file_121,clear primary agriculture cultivation
file_122,partly_cloudy primary
file_123,clear primary
file_124,clear primary
file_125,clear primary agriculture habitation road
file_126,clear primary agriculture cultivation habitation road
file_127,clear primary water road conventional_mine bare_ground artisinal_mine
file_128,partly_cloudy primary agriculture water road
file_129,clear primary agriculture
file_130,clear cloudy water
file_131,clear partly_cloudy primary agriculture cultivation habitation road
file_132,clear primary agriculture habitation road
file_133,clear partly_cloudy primary water
file_134,clear primary
file_135,clear primary agriculture habitation road
file_136,clear primary agriculture cultivation
file_137,partly_cloudy primary agriculture water
file_138,clear primary agriculture water cultivation
file_139,clear primary
file_140,clear primary
file_141,clear primary agriculture cultivation habitation
file_142,clear primary agriculture habitation road
file_143,clear partly_cloudy primary
file_144,partly_cloudy primary agriculture cultivation habitation road
file_145,clear primary
file_146,clear primary
file_147,clear primary agriculture water road
file_148,partly_cloudy primary agriculture road
file_149,clear primary
file_150,partly_cloudy cloudy primary
file_151,clear primary water
file_152,clear primary
file_153,clear haze primary water road
file_154,clear primary
file_155,clear primary
file_156,haze cloudy primary water
file_157,clear primary
file_158,clear primary
file_159,clear cloudy water
file_160,clear primary agriculture road
file_161,clear primary
file_162,haze cloudy
file_163,clear primary
file_164,clear primary agriculture habitation road
file_165,partly_cloudy primary
file_166,clear primary agriculture cultivation
file_167,clear primary agriculture road
file_168,partly_cloudy primary water
file_169,clear primary agriculture cultivation road
file_170,cloudy
file_171,clear cloudy primary water
file_172,clear primary
file_173,clear primary water
file_174,clear primary agriculture cultivation habitation
file_175,clear primary agriculture water
file_176,clear primary agriculture water cultivation
file_177,clear primary
file_178,cloudy
file_179,clear primary
file_180,partly_cloudy primary
file_181,clear partly_cloudy primary agriculture habitation road
file_182,clear primary
file_183,partly_cloudy primary agriculture cultivation road
file_184,clear primary
file_185,clear primary agriculture water road
file_186,partly_cloudy primary
file_187,partly_cloudy primary
file_188,clear primary
file_189,clear primary agriculture water cultivation habitation road
file_190,clear partly_cloudy primary
file_191,clear primary water
file_192,clear partly_cloudy primary agriculture road
file_193,clear primary
file_194,clear primary agriculture habitation road
file_195,clear primary
file_196,clear primary water
file_197,clear primary agriculture habitation road
file_198,clear primary
file_199,clear primary
file_200,clear primary agriculture habitation road
file_201,clear primary agriculture
file_202,clear primary agriculture water cultivation habitation road
file_203,clear primary
file_204,clear primary water
file_205,clear primary water
file_206,clear primary agriculture habitation road
file_207,clear primary
file_208,clear primary agriculture road
file_209,partly_cloudy primary water
file_210,clear primary water road
file_211,clear primary agriculture habitation road
file_212,clear primary
file_213,clear primary agriculture cultivation
file_214,partly_cloudy primary
file_215,clear primary
file_216,clear primary
file_217,clear primary water road
file_218,clear primary agriculture water road bare_ground artisinal_mine
file_219,clear primary agriculture habitation road bare_ground
file_220,clear primary
file_221,clear primary agriculture habitation road
file_222,clear primary agriculture water cultivation road
file_223,clear primary
file_224,clear primary water
file_225,clear primary agriculture road
file_226,clear primary agriculture road
file_227,clear primary
file_228,partly_cloudy primary agriculture water road
file_229,clear primary agriculture habitation road
file_230,clear primary
file_231,clear primary
file_232,clear primary
file_233,clear primary agriculture water habitation road
file_234,clear primary agriculture water road
file_235,haze cloudy primary
file_236,clear primary
file_237,clear primary water
file_238,clear primary agriculture habitation road
file_239,haze primary
file_240,partly_cloudy primary agriculture cultivation
file_241,clear primary
file_242,partly_cloudy primary agriculture cultivation
file_243,clear primary agriculture cultivation habitation road
file_244,partly_cloudy primary agriculture habitation road
file_245,clear primary water
file_246,clear primary
file_247,cloudy
file_248,clear primary
file_249,clear primary
file_250,clear primary
file_251,clear primary
file_252,clear primary agriculture cultivation road
file_253,clear primary agriculture water cultivation
file_254,clear primary
file_255,partly_cloudy primary
file_256,partly_cloudy primary agriculture cultivation road
file_257,clear primary agriculture road
file_258,partly_cloudy primary
file_259,clear primary agriculture water road
file_260,haze primary agriculture cultivation
file_261,partly_cloudy primary agriculture cultivation
file_262,clear partly_cloudy primary
file_263,clear primary agriculture water road
file_264,partly_cloudy primary agriculture water
file_265,clear cloudy water
file_266,clear primary agriculture cultivation
file_267,clear primary
file_268,clear primary water
file_269,clear primary
file_270,partly_cloudy primary agriculture water cultivation habitation road
file_271,clear partly_cloudy primary
file_272,clear primary water road
file_273,clear primary
file_274,clear primary water
file_275,partly_cloudy primary
file_276,clear primary agriculture cultivation habitation road
file_277,clear primary
file_278,clear primary
file_279,clear primary
file_280,partly_cloudy primary
file_281,clear primary water road
file_282,partly_cloudy primary
file_283,partly_cloudy primary
file_284,clear primary agriculture cultivation
file_285,clear primary agriculture habitation road
file_286,clear primary water
file_287,clear primary agriculture cultivation
file_288,clear partly_cloudy primary agriculture water road
file_289,clear primary agriculture
file_290,clear primary
file_291,clear primary water
file_292,clear partly_cloudy primary
file_293,clear primary agriculture bare_ground
file_294,clear primary
file_295,clear primary
file_296,clear primary agriculture cultivation habitation road
file_297,partly_cloudy primary
file_298,clear primary water road bare_ground artisinal_mine
file_299,clear cloudy water
file_300,clear primary
file_301,clear cloudy water
file_302,clear primary agriculture cultivation habitation road
file_303,partly_cloudy primary water
file_304,clear primary
file_305,partly_cloudy primary
file_306,partly_cloudy primary water
file_307,haze primary water
file_308,clear primary
file_309,clear primary
file_310,partly_cloudy primary
file_311,haze cloudy primary water
file_312,partly_cloudy cloudy primary
file_313,clear primary
file_314,clear primary
file_315,clear primary agriculture water
file_316,clear primary agriculture road
file_317,clear primary water
file_318,clear primary water habitation road conventional_mine bare_ground artisinal_mine selective_logging
file_319,clear primary water artisinal_mine
file_320,clear primary
file_321,partly_cloudy primary agriculture water cultivation road
file_322,clear primary agriculture water road
file_323,clear primary
file_324,clear primary
file_325,clear primary agriculture road
file_326,haze primary
file_327,clear primary agriculture habitation road
file_328,clear primary agriculture water cultivation habitation
file_329,clear primary water
file_330,clear primary agriculture road
file_331,partly_cloudy primary water
file_332,partly_cloudy primary agriculture water cultivation road
file_333,partly_cloudy primary water
file_334,clear primary agriculture cultivation habitation road
file_335,partly_cloudy primary
file_336,clear partly_cloudy primary agriculture habitation road
file_337,clear primary
file_338,haze cloudy
file_339,clear primary
file_340,partly_cloudy primary
file_341,clear primary
file_342,clear primary water
file_343,clear primary agriculture water cultivation
file_344,partly_cloudy primary agriculture
file_345,clear primary
file_346,clear primary
file_347,partly_cloudy primary water
file_348,clear partly_cloudy primary agriculture water cultivation
file_349,clear haze primary agriculture water cultivation
file_350,partly_cloudy primary
file_351,partly_cloudy primary water road
file_352,clear primary agriculture
file_353,clear primary
file_354,partly_cloudy primary agriculture road
file_355,clear primary
file_356,clear primary agriculture water cultivation habitation road
file_357,partly_cloudy primary agriculture habitation road
file_358,partly_cloudy primary
file_359,clear primary
file_360,clear primary
file_361,clear primary agriculture cultivation
file_362,clear haze primary water
file_363,clear primary water road bare_ground artisinal_mine
file_364,clear primary
file_365,haze primary agriculture water road
file_366,partly_cloudy primary
file_367,partly_cloudy primary agriculture habitation road
file_368,clear primary agriculture cultivation habitation road
file_369,clear primary
file_370,clear partly_cloudy primary
file_371,clear primary agriculture water
file_372,clear primary agriculture cultivation road
file_373,clear primary agriculture road
file_374,clear primary agriculture road
file_375,clear primary
file_376,partly_cloudy primary
file_377,clear primary agriculture water
file_378,clear primary agriculture road
file_379,clear primary agriculture cultivation habitation
file_380,clear primary agriculture water cultivation
file_381,clear primary agriculture road
file_382,clear primary agriculture water
file_383,clear primary agriculture water cultivation
file_384,clear primary agriculture habitation road
file_385,clear primary agriculture water cultivation
file_386,clear primary
file_387,clear haze primary agriculture
file_388,clear primary agriculture road
file_389,partly_cloudy primary agriculture water road
file_390,clear primary agriculture cultivation habitation road conventional_mine bare_ground selective_logging
file_391,partly_cloudy primary agriculture
file_392,clear primary water
file_393,haze primary agriculture
file_394,clear primary agriculture cultivation
file_395,partly_cloudy primary
file_396,clear primary
file_397,partly_cloudy primary agriculture cultivation
file_398,clear primary
file_399,partly_cloudy primary agriculture road
file_400,clear primary agriculture cultivation road
file_401,clear haze primary water road
file_402,clear primary
file_403,clear primary
file_404,clear partly_cloudy primary water
file_405,clear primary
file_406,partly_cloudy primary agriculture road
file_407,clear primary water road
file_408,clear primary agriculture water cultivation bare_ground
file_409,clear primary agriculture water road
file_410,clear primary agriculture habitation road
file_411,clear primary
file_412,clear primary agriculture road
file_413,clear primary water artisinal_mine
file_414,clear primary agriculture water road
file_415,clear primary agriculture cultivation
file_416,clear primary
file_417,partly_cloudy primary
file_418,haze primary agriculture cultivation
file_419,cloudy
file_420,haze cloudy
file_421,haze primary agriculture water
file_422,clear primary
file_423,clear haze primary agriculture cultivation
file_424,clear primary agriculture habitation road
file_425,clear primary agriculture water cultivation
file_426,clear primary
file_427,clear primary
file_428,partly_cloudy cloudy primary
file_429,clear primary water
file_430,clear primary
file_431,clear primary agriculture cultivation
file_432,clear primary
file_433,clear primary
file_434,partly_cloudy primary
file_435,clear primary agriculture road
file_436,clear primary
file_437,cloudy
file_438,clear primary agriculture cultivation
file_439,partly_cloudy primary water
file_440,clear primary agriculture road bare_ground
file_441,clear primary
file_442,partly_cloudy primary
file_443,clear primary
file_444,partly_cloudy primary
file_445,partly_cloudy primary
file_446,clear primary agriculture cultivation habitation road
file_447,clear partly_cloudy primary agriculture water road
file_448,clear primary
file_449,clear primary
file_450,clear primary agriculture cultivation
file_451,cloudy
file_452,clear primary agriculture cultivation
file_453,partly_cloudy primary
file_454,clear primary agriculture road
file_455,clear primary water
file_456,clear primary agriculture water
file_457,clear primary agriculture road
file_458,clear primary
file_459,clear primary
file_460,clear primary agriculture
file_461,haze primary agriculture water
file_462,clear partly_cloudy primary
file_463,clear primary agriculture cultivation
file_464,clear primary
file_465,partly_cloudy cloudy primary agriculture water
file_466,clear primary agriculture water
file_467,clear primary agriculture water
file_468,clear primary agriculture cultivation
file_469,clear primary
file_470,clear primary water
file_471,partly_cloudy primary
file_472,clear primary agriculture habitation road
file_473,clear primary
file_474,clear primary
file_475,partly_cloudy primary agriculture road
file_476,clear primary agriculture water
file_477,clear primary agriculture cultivation habitation road
file_478,clear primary agriculture bare_ground
file_479,partly_cloudy primary
file_480,clear primary
file_481,haze partly_cloudy primary agriculture water
file_482,partly_cloudy primary
file_483,partly_cloudy primary agriculture
file_484,clear primary
file_485,clear primary
file_486,clear primary water artisinal_mine
file_487,clear primary
file_488,clear primary cultivation
file_489,clear haze primary
file_490,clear partly_cloudy primary
file_491,clear primary
file_492,clear primary agriculture cultivation
file_493,clear primary
file_494,partly_cloudy cloudy primary
file_495,cloudy
file_496,partly_cloudy primary agriculture cultivation habitation
file_497,clear cloudy water
file_498,clear primary
file_499,clear primary agriculture habitation road
file_500,clear primary water road artisinal_mine
file_501,clear primary agriculture cultivation habitation road
file_502,partly_cloudy primary
file_503,clear primary
file_504,partly_cloudy primary water
file_505,partly_cloudy primary
file_506,clear haze primary water
file_507,partly_cloudy primary road
file_508,clear primary road selective_logging
file_509,clear primary
file_510,clear primary agriculture water habitation road bare_ground artisinal_mine
file_511,haze primary
file_512,clear haze primary agriculture water
file_513,partly_cloudy primary
file_514,clear primary water
file_515,clear haze primary
file_516,cloudy
file_517,clear primary
file_518,clear primary
file_519,clear primary
file_520,partly_cloudy primary water
file_521,partly_cloudy primary agriculture road
file_522,partly_cloudy primary agriculture water
file_523,cloudy
file_524,partly_cloudy primary
file_525,clear primary
file_526,clear primary
file_527,clear partly_cloudy primary
file_528,clear haze primary agriculture cultivation
file_529,clear primary agriculture water cultivation habitation road
file_530,clear primary
file_531,partly_cloudy primary agriculture road
file_532,clear primary agriculture road
file_533,partly_cloudy primary water
file_534,clear primary water habitation road conventional_mine bare_ground artisinal_mine
file_535,clear primary
file_536,clear primary
file_537,clear primary
file_538,haze primary agriculture water road
file_539,clear primary
file_540,clear primary agriculture cultivation habitation
file_541,clear primary
file_542,clear primary
file_543,clear primary agriculture cultivation
file_544,clear primary agriculture habitation road
file_545,clear partly_cloudy primary agriculture water
file_546,cloudy
file_547,partly_cloudy primary water
file_548,clear primary
file_549,clear primary
file_550,clear primary
file_551,partly_cloudy primary
file_552,clear haze primary agriculture road
file_553,clear primary habitation road
file_554,clear primary agriculture habitation road
file_555,partly_cloudy primary
file_556,clear primary
file_557,clear partly_cloudy primary
file_558,cloudy
file_559,partly_cloudy primary
file_560,cloudy
file_561,clear primary water
file_562,partly_cloudy primary
file_563,clear primary agriculture water cultivation habitation road
file_564,partly_cloudy primary agriculture cultivation road
file_565,clear primary
file_566,clear primary agriculture water road
file_567,clear primary agriculture road
file_568,clear primary
file_569,clear partly_cloudy primary
file_570,clear primary agriculture
file_571,clear primary water
file_572,clear primary agriculture road
file_573,clear primary
file_574,clear primary agriculture cultivation
file_575,partly_cloudy primary
file_576,partly_cloudy primary agriculture water road
file_577,clear partly_cloudy primary agriculture water
file_578,clear primary
file_579,clear primary agriculture cultivation
file_580,clear primary
file_581,clear primary
file_582,clear primary agriculture water cultivation
file_583,clear primary
file_584,clear primary agriculture cultivation
file_585,clear primary
file_586,clear primary
file_587,partly_cloudy primary
file_588,cloudy
file_589,clear primary
file_590,clear primary
file_591,clear primary agriculture road bare_ground
file_592,clear primary
file_593,partly_cloudy primary agriculture road
file_594,partly_cloudy primary
file_595,clear primary
file_596,clear haze primary agriculture habitation road
file_597,clear primary agriculture
file_598,partly_cloudy cloudy primary water
file_599,partly_cloudy primary
file_600,partly_cloudy primary
file_601,partly_cloudy primary
file_602,partly_cloudy primary
file_603,clear primary agriculture cultivation
file_604,clear primary
file_605,clear primary
file_606,cloudy
file_607,clear primary
file_608,clear cloudy water
file_609,clear primary water bare_ground artisinal_mine
file_610,cloudy
file_611,clear primary
file_612,clear primary agriculture road bare_ground
file_613,clear primary agriculture cultivation
file_614,clear primary agriculture road
file_615,clear haze primary water
file_616,clear primary water
file_617,clear primary
file_618,clear primary agriculture
file_619,clear primary
file_620,partly_cloudy primary
file_621,clear primary
file_622,clear primary
file_623,clear primary
file_624,partly_cloudy primary
file_625,clear primary agriculture cultivation road
file_626,partly_cloudy primary
file_627,clear partly_cloudy primary agriculture cultivation
file_628,clear primary agriculture water
file_629,clear haze primary
file_630,cloudy
file_631,clear primary agriculture cultivation
file_632,clear primary
file_633,clear cloudy water
file_634,clear primary water
file_635,clear primary
file_636,clear primary
file_637,clear primary agriculture habitation road
file_638,clear partly_cloudy primary agriculture water habitation
file_639,clear primary
file_640,clear primary agriculture water cultivation road
file_641,clear primary water road
file_642,clear primary
file_643,clear primary agriculture cultivation
file_644,clear primary water bare_ground artisinal_mine
file_645,clear primary agriculture cultivation habitation road
file_646,clear primary
file_647,clear primary
file_648,haze primary agriculture water road
file_649,cloudy
file_650,partly_cloudy primary water road
file_651,clear primary agriculture cultivation
file_652,clear partly_cloudy primary agriculture water road
file_653,haze partly_cloudy primary agriculture water road
file_654,clear primary agriculture water cultivation
file_655,clear primary agriculture habitation road
file_656,clear primary blooming
file_657,clear primary agriculture cultivation
file_658,clear primary
file_659,clear primary
file_660,clear cloudy primary water
file_661,clear primary
file_662,clear primary
file_663,clear primary
file_664,clear primary water
file_665,clear primary
file_666,clear primary
file_667,partly_cloudy primary
file_668,partly_cloudy cloudy
file_669,clear partly_cloudy primary
file_670,clear primary
file_671,clear primary
file_672,clear haze primary agriculture water road
file_673,clear primary water
file_674,clear primary agriculture habitation road
file_675,partly_cloudy primary
file_676,partly_cloudy primary
file_677,clear primary
file_678,partly_cloudy primary
file_679,partly_cloudy primary agriculture habitation road
file_680,partly_cloudy primary
file_681,clear primary agriculture
file_682,partly_cloudy primary
file_683,clear primary
file_684,clear primary
file_685,clear primary
file_686,cloudy
file_687,clear primary agriculture road
file_688,clear primary agriculture road
file_689,clear primary
file_690,clear primary agriculture cultivation habitation road
file_691,clear primary
file_692,clear primary
file_693,clear primary
file_694,clear primary
file_695,clear haze primary water
file_696,partly_cloudy primary
file_697,clear primary agriculture cultivation habitation road
file_698,partly_cloudy primary
file_699,clear primary
file_700,clear primary
file_701,clear primary agriculture cultivation road
file_702,clear primary
file_703,partly_cloudy primary agriculture water
file_704,clear primary agriculture habitation road
file_705,haze cloudy primary
file_706,clear primary agriculture cultivation
file_707,clear primary
file_708,clear primary
file_709,clear primary agriculture habitation road
file_710,clear primary water
file_711,clear primary
file_712,cloudy
file_713,clear primary blooming
file_714,clear primary
file_715,clear primary water
file_716,partly_cloudy primary
file_717,clear primary
file_718,clear primary
file_719,clear primary agriculture water road
file_720,clear partly_cloudy primary
file_721,clear primary
file_722,clear primary
file_723,clear primary agriculture habitation road
file_724,clear primary agriculture water cultivation
file_725,clear primary agriculture habitation road
file_726,clear primary water
file_727,clear primary
file_728,partly_cloudy primary agriculture water cultivation
file_729,partly_cloudy primary agriculture cultivation
file_730,clear primary water road
file_731,clear primary
file_732,clear primary agriculture cultivation
file_733,clear primary agriculture water bare_ground
file_734,clear primary
file_735,partly_cloudy primary
file_736,clear primary agriculture road
file_737,clear primary agriculture water cultivation
file_738,clear primary
file_739,clear primary
file_740,clear primary agriculture water cultivation road selective_logging
file_741,clear primary
file_742,clear primary agriculture cultivation habitation road
file_743,clear partly_cloudy primary
file_744,clear primary agriculture cultivation
file_745,partly_cloudy cloudy primary
file_746,partly_cloudy primary water
file_747,partly_cloudy primary
file_748,clear primary agriculture cultivation habitation road
file_749,haze primary
file_750,partly_cloudy primary
file_751,haze partly_cloudy cloudy primary
file_752,partly_cloudy primary
file_753,clear primary agriculture road bare_ground
file_754,partly_cloudy primary
file_755,clear primary agriculture water
file_756,clear primary agriculture water
file_757,clear primary water
file_758,clear primary
file_759,clear primary
file_760,clear primary water road
file_761,clear primary agriculture cultivation
file_762,clear primary
file_763,clear primary
file_764,clear primary
file_765,clear partly_cloudy primary agriculture road
file_766,clear partly_cloudy primary agriculture water
file_767,clear primary
file_768,clear primary agriculture cultivation habitation road
file_769,clear primary agriculture road
file_770,clear haze primary water
file_771,clear primary agriculture water road
file_772,haze primary
file_773,clear primary agriculture water road artisinal_mine
file_774,cloudy
file_775,clear haze primary agriculture habitation road
file_776,clear primary agriculture bare_ground
file_777,haze cloudy
file_778,clear primary
file_779,clear primary
file_780,clear primary
file_781,clear cloudy water
file_782,partly_cloudy primary agriculture habitation road
file_783,clear primary agriculture water
file_784,clear primary agriculture road
file_785,clear primary agriculture water cultivation habitation road
file_786,clear primary
file_787,clear primary agriculture habitation road
file_788,clear primary
file_789,clear primary
file_790,clear haze primary agriculture water
file_791,haze primary agriculture water
file_792,clear primary agriculture road
file_793,clear primary
file_794,haze primary
file_795,partly_cloudy cloudy primary
file_796,partly_cloudy primary agriculture cultivation habitation road
file_797,clear haze primary
file_798,clear partly_cloudy primary
file_799,clear primary
file_800,clear primary water
file_801,clear primary agriculture habitation road
file_802,clear primary agriculture water cultivation habitation road
file_803,clear primary agriculture water cultivation
file_804,clear primary
file_805,clear primary
file_806,clear primary
file_807,clear primary agriculture water road bare_ground
file_808,clear primary
file_809,clear primary agriculture road
file_810,clear primary agriculture water
file_811,partly_cloudy primary agriculture road
file_812,clear primary agriculture habitation road
file_813,haze partly_cloudy primary agriculture water
file_814,clear haze primary agriculture cultivation
file_815,clear primary agriculture water
file_816,clear primary agriculture cultivation
file_817,clear primary
file_818,haze primary water
file_819,clear primary agriculture water
file_820,clear primary
file_821,clear primary
file_822,clear primary
file_823,haze cloudy
file_824,haze primary
file_825,clear primary agriculture water road
file_826,haze cloudy primary
file_827,cloudy
file_828,clear primary agriculture cultivation
file_829,clear primary agriculture habitation road bare_ground
file_830,haze cloudy primary water
file_831,partly_cloudy primary
file_832,partly_cloudy primary water
file_833,clear primary agriculture water cultivation road
file_834,clear primary
file_835,clear primary
file_836,partly_cloudy cloudy primary agriculture water
file_837,clear primary agriculture water bare_ground
file_838,cloudy
file_839,partly_cloudy primary agriculture cultivation
file_840,clear primary agriculture cultivation
file_841,clear primary agriculture cultivation habitation
file_842,clear haze primary
file_843,clear primary
file_844,clear haze primary agriculture water
file_845,clear partly_cloudy primary
file_846,clear primary agriculture
file_847,partly_cloudy primary agriculture water road
file_848,clear primary agriculture water
file_849,haze primary
file_850,clear primary agriculture water habitation road
file_851,clear cloudy water
file_852,haze primary agriculture cultivation
file_853,clear primary agriculture habitation road
file_854,clear primary water
file_855,haze partly_cloudy primary agriculture water road
file_856,clear primary
file_857,clear primary agriculture water cultivation
file_858,partly_cloudy primary agriculture water road
file_859,partly_cloudy primary agriculture water cultivation habitation road
file_860,clear primary water road
file_861,clear primary
file_862,partly_cloudy primary agriculture
file_863,partly_cloudy primary
file_864,clear primary
file_865,clear primary
file_866,clear primary water road
file_867,clear primary water road
file_868,clear primary
file_869,clear cloudy primary agriculture
file_870,clear primary water
file_871,clear primary
file_872,clear haze primary water
file_873,partly_cloudy primary
file_874,clear primary
file_875,clear primary
file_876,clear primary
file_877,partly_cloudy primary agriculture cultivation habitation road
file_878,clear primary
file_879,clear primary
file_880,partly_cloudy primary agriculture road
file_881,clear primary agriculture cultivation
file_882,clear primary
file_883,clear primary agriculture water cultivation habitation road
file_884,clear primary habitation road
file_885,clear primary
file_886,clear primary agriculture habitation road
file_887,clear primary agriculture water cultivation habitation road
file_888,clear primary
file_889,clear primary water
file_890,partly_cloudy primary water
file_891,clear primary
file_892,clear primary
file_893,clear primary
file_894,clear primary agriculture cultivation road
file_895,partly_cloudy primary
file_896,clear primary agriculture
file_897,clear primary
file_898,clear primary agriculture road
file_899,partly_cloudy primary
file_900,clear primary
file_901,clear primary water
file_902,clear primary
file_903,partly_cloudy primary water
file_904,partly_cloudy primary
file_905,clear primary
file_906,clear primary
file_907,cloudy
file_908,clear primary
file_909,partly_cloudy primary agriculture water road
file_910,clear primary
file_911,clear primary
file_912,clear primary
file_913,clear primary
file_914,partly_cloudy primary
file_915,clear primary
file_916,clear primary
file_917,clear primary agriculture water cultivation
file_918,clear primary water bare_ground artisinal_mine
file_919,clear primary
file_920,clear primary
file_921,haze primary
file_922,clear primary water
file_923,partly_cloudy primary water
file_924,partly_cloudy primary
file_925,clear primary water road selective_logging
file_926,clear primary
file_927,clear primary water
file_928,clear primary
file_929,clear primary blooming
file_930,clear primary agriculture water cultivation habitation road
file_931,clear cloudy water
file_932,partly_cloudy primary agriculture cultivation
file_933,clear primary agriculture bare_ground
file_934,partly_cloudy primary
file_935,cloudy
file_936,clear primary agriculture bare_ground
file_937,clear primary agriculture habitation road
file_938,clear primary agriculture habitation road
file_939,clear primary agriculture habitation road
file_940,clear primary
file_941,partly_cloudy primary
file_942,clear haze primary agriculture water road
file_943,clear partly_cloudy primary
file_944,clear primary water
file_945,partly_cloudy primary agriculture road
file_946,clear primary
file_947,clear primary
file_948,clear primary
file_949,clear primary agriculture water cultivation habitation road
file_950,clear primary agriculture cultivation
file_951,partly_cloudy primary
file_952,clear primary water road selective_logging
file_953,clear primary habitation road
file_954,clear primary agriculture water habitation road
file_955,clear primary agriculture habitation road
file_956,clear primary
file_957,clear primary
file_958,partly_cloudy primary
file_959,partly_cloudy primary agriculture water habitation road
file_960,clear primary agriculture cultivation
file_961,partly_cloudy primary agriculture cultivation
file_962,clear primary agriculture road
file_963,clear primary agriculture water
file_964,clear primary
file_965,haze cloudy primary water
file_966,haze cloudy primary
file_967,clear primary
file_968,clear primary
file_969,clear primary
file_970,clear primary
file_971,clear primary
file_972,clear primary
file_973,clear primary water
file_974,clear primary water
file_975,partly_cloudy primary
file_976,cloudy
file_977,clear primary
file_978,cloudy
file_979,clear primary
file_980,clear primary agriculture habitation road
file_981,haze cloudy
file_982,clear primary
file_983,clear primary agriculture habitation road
file_984,partly_cloudy primary agriculture water cultivation road
file_985,clear primary
file_986,partly_cloudy primary
file_987,clear primary agriculture cultivation
file_988,clear primary water road
file_989,clear partly_cloudy primary agriculture cultivation
file_990,clear primary
file_991,clear primary
file_992,clear cloudy water
file_993,clear partly_cloudy primary agriculture water road
file_994,partly_cloudy primary
file_995,cloudy
file_996,clear primary agriculture cultivation habitation
file_997,partly_cloudy primary
file_998,clear primary
file_999,clear primary agriculture road
file_1000,clear primary
file_1001,clear primary agriculture water habitation road
file_1002,clear primary
file_1003,clear partly_cloudy primary water
file_1004,clear primary
file_1005,clear primary agriculture cultivation
file_1006,clear primary agriculture water
file_1007,partly_cloudy primary agriculture cultivation
file_1008,clear primary water
file_1009,clear primary agriculture cultivation
file_1010,clear primary water
file_1011,haze primary water
file_1012,clear primary agriculture habitation road bare_ground
file_1013,clear primary
file_1014,clear haze primary agriculture cultivation
file_1015,clear primary agriculture cultivation
file_1016,clear primary agriculture road
file_1017,clear primary agriculture habitation road
file_1018,haze cloudy primary water
file_1019,clear primary agriculture
file_1020,clear primary
file_1021,partly_cloudy primary agriculture water road
file_1022,clear primary agriculture water cultivation road
file_1023,clear primary
file_1024,clear primary
file_1025,partly_cloudy primary agriculture
file_1026,clear primary agriculture road
file_1027,clear primary water
file_1028,clear haze primary agriculture road
file_1029,haze primary agriculture cultivation
file_1030,partly_cloudy primary agriculture
file_1031,clear primary
file_1032,partly_cloudy primary agriculture road
file_1033,partly_cloudy primary water
file_1034,clear primary agriculture habitation road
file_1035,clear primary agriculture cultivation
file_1036,clear primary agriculture water cultivation selective_logging
file_1037,clear primary agriculture cultivation road
file_1038,partly_cloudy primary agriculture road
file_1039,clear primary
file_1040,clear primary agriculture road
file_1041,partly_cloudy primary agriculture road
file_1042,clear primary agriculture habitation road
file_1043,clear cloudy primary water
file_1044,clear primary
file_1045,clear primary
file_1046,clear primary water
file_1047,clear primary
file_1048,clear primary
file_1049,partly_cloudy primary water road
file_1050,clear primary
file_1051,clear primary agriculture water cultivation habitation road
file_1052,clear primary agriculture road
file_1053,cloudy
file_1054,clear primary
file_1055,clear primary agriculture water
file_1056,clear partly_cloudy primary water road
file_1057,haze cloudy primary
file_1058,clear primary agriculture bare_ground
file_1059,clear primary habitation road
file_1060,cloudy
file_1061,clear primary
file_1062,clear primary agriculture bare_ground
file_1063,clear primary agriculture water habitation road
file_1064,partly_cloudy primary
file_1065,clear primary
file_1066,clear primary
file_1067,partly_cloudy primary
file_1068,clear primary water
file_1069,clear primary
file_1070,clear primary agriculture cultivation
file_1071,clear primary
file_1072,clear primary
file_1073,partly_cloudy primary agriculture
file_1074,clear primary
file_1075,partly_cloudy primary agriculture water
file_1076,clear primary agriculture cultivation
file_1077,clear primary
file_1078,clear primary agriculture water habitation road
file_1079,clear haze primary
file_1080,partly_cloudy primary agriculture road
file_1081,clear primary agriculture water cultivation
file_1082,clear primary water
file_1083,clear primary
file_1084,clear primary agriculture road
file_1085,clear partly_cloudy primary
file_1086,partly_cloudy primary
file_1087,haze primary
file_1088,clear primary
file_1089,clear primary agriculture cultivation road
file_1090,clear haze primary water
file_1091,clear primary
file_1092,clear cloudy water
file_1093,clear primary
file_1094,clear primary
file_1095,clear primary agriculture road
file_1096,clear primary water
file_1097,clear primary blooming
file_1098,clear haze primary
file_1099,cloudy
file_1100,partly_cloudy primary
file_1101,clear primary agriculture water habitation road
file_1102,clear primary agriculture road
file_1103,clear primary
file_1104,clear primary agriculture
file_1105,clear partly_cloudy primary
file_1106,clear primary
file_1107,clear primary
file_1108,haze cloudy
file_1109,clear primary
file_1110,clear primary water
file_1111,clear primary agriculture road
file_1112,clear primary agriculture habitation road
file_1113,clear primary agriculture cultivation
file_1114,partly_cloudy primary agriculture cultivation
file_1115,clear primary agriculture
file_1116,cloudy water
file_1117,clear primary agriculture bare_ground
file_1118,clear primary
file_1119,clear primary
file_1120,partly_cloudy primary water road
file_1121,clear primary agriculture water road
file_1122,clear primary
file_1123,cloudy
file_1124,clear primary agriculture
file_1125,clear primary
file_1126,haze primary
file_1127,clear primary agriculture cultivation habitation road
file_1128,clear primary water
file_1129,partly_cloudy primary water
file_1130,clear primary
file_1131,clear primary agriculture water habitation road
file_1132,clear primary
file_1133,clear primary agriculture water
file_1134,clear primary agriculture water cultivation habitation
file_1135,haze partly_cloudy primary agriculture cultivation road
file_1136,clear primary
file_1137,clear primary
file_1138,clear primary
file_1139,clear primary
file_1140,clear primary agriculture habitation road
file_1141,clear primary
file_1142,clear primary
file_1143,partly_cloudy primary agriculture road
file_1144,clear primary agriculture water cultivation
file_1145,partly_cloudy primary agriculture cultivation
file_1146,clear primary
file_1147,haze cloudy primary
file_1148,clear primary
file_1149,clear primary
file_1150,clear haze primary agriculture water
file_1151,partly_cloudy primary agriculture road
file_1152,clear primary
file_1153,clear primary agriculture habitation road
file_1154,clear primary
file_1155,clear cloudy primary water
file_1156,partly_cloudy primary water road
file_1157,clear primary
file_1158,clear primary
file_1159,clear primary agriculture road
file_1160,clear primary
file_1161,clear primary agriculture cultivation
file_1162,partly_cloudy primary
file_1163,clear partly_cloudy primary agriculture road bare_ground
file_1164,haze primary water
file_1165,clear primary
file_1166,clear primary agriculture cultivation
file_1167,clear primary agriculture habitation road
file_1168,partly_cloudy primary
file_1169,clear primary
file_1170,clear primary agriculture road
file_1171,clear primary
file_1172,clear primary agriculture habitation road
file_1173,clear partly_cloudy primary agriculture road
file_1174,clear primary water road
file_1175,clear haze primary
file_1176,clear primary
file_1177,clear partly_cloudy primary
file_1178,clear primary agriculture water
file_1179,clear primary
file_1180,clear primary
file_1181,clear primary agriculture water cultivation
file_1182,clear primary
file_1183,clear haze primary
file_1184,cloudy
file_1185,clear primary
file_1186,clear primary
file_1187,haze partly_cloudy primary water
file_1188,clear primary
file_1189,clear primary
file_1190,clear primary agriculture cultivation habitation road
file_1191,clear primary agriculture cultivation
file_1192,clear primary
file_1193,clear primary agriculture road
file_1194,clear primary
file_1195,partly_cloudy primary
file_1196,clear primary agriculture water habitation road
file_1197,clear primary agriculture water habitation road
file_1198,haze cloudy primary
file_1199,partly_cloudy primary agriculture road
file_1200,clear primary agriculture road
file_1201,clear primary agriculture cultivation
file_1202,clear primary
file_1203,clear primary
file_1204,partly_cloudy primary agriculture water road
file_1205,partly_cloudy primary agriculture road
file_1206,clear primary
file_1207,clear primary
file_1208,clear primary
file_1209,partly_cloudy primary agriculture cultivation
file_1210,clear primary
file_1211,clear primary agriculture road
file_1212,clear primary
file_1213,haze primary
file_1214,partly_cloudy primary agriculture cultivation
file_1215,clear primary
file_1216,clear primary
file_1217,partly_cloudy primary agriculture road
file_1218,clear primary water
file_1219,clear primary
file_1220,clear partly_cloudy primary agriculture water habitation road
file_1221,clear primary
file_1222,partly_cloudy cloudy primary water
file_1223,clear primary
file_1224,clear primary
file_1225,partly_cloudy primary agriculture water road
file_1226,partly_cloudy primary agriculture cultivation habitation
file_1227,partly_cloudy primary
file_1228,clear primary
file_1229,clear partly_cloudy primary
file_1230,partly_cloudy primary agriculture water
file_1231,haze primary
file_1232,clear primary agriculture habitation road
file_1233,clear primary
file_1234,clear partly_cloudy primary agriculture road
file_1235,clear primary water road
file_1236,clear primary agriculture cultivation
file_1237,clear primary agriculture cultivation
file_1238,partly_cloudy primary water road
file_1239,clear primary water
file_1240,clear primary agriculture water cultivation habitation road
file_1241,clear primary
file_1242,clear haze primary
file_1243,clear primary agriculture
file_1244,clear primary
file_1245,clear primary
file_1246,partly_cloudy primary agriculture
file_1247,clear primary agriculture cultivation
file_1248,clear haze primary water
file_1249,partly_cloudy primary
file_1250,clear primary agriculture road bare_ground
file_1251,partly_cloudy primary agriculture road
file_1252,partly_cloudy primary
file_1253,clear primary
file_1254,clear primary water
file_1255,partly_cloudy primary
file_1256,clear primary agriculture habitation road
file_1257,clear primary
file_1258,clear primary
file_1259,clear primary agriculture habitation road
file_1260,partly_cloudy cloudy primary
file_1261,clear primary
file_1262,clear primary agriculture habitation road
file_1263,clear primary
file_1264,clear primary
file_1265,clear primary agriculture water cultivation
file_1266,partly_cloudy primary agriculture
file_1267,clear primary agriculture water habitation road bare_ground
file_1268,clear primary water
file_1269,haze primary
file_1270,clear primary
file_1271,clear primary agriculture road
file_1272,clear primary
file_1273,clear primary
file_1274,partly_cloudy primary
file_1275,cloudy water
file_1276,clear primary agriculture cultivation habitation
file_1277,clear primary water
file_1278,clear primary
file_1279,clear primary agriculture road
file_1280,clear primary agriculture road
file_1281,haze cloudy primary
file_1282,clear primary
file_1283,clear haze primary
file_1284,clear primary
file_1285,clear primary agriculture cultivation habitation road
file_1286,clear primary
file_1287,clear primary
file_1288,cloudy
file_1289,partly_cloudy primary
file_1290,clear primary water
file_1291,clear primary
file_1292,clear primary
file_1293,clear primary
file_1294,clear primary selective_logging
file_1295,clear primary agriculture water cultivation
file_1296,clear primary agriculture water cultivation
file_1297,clear primary agriculture water cultivation habitation road
file_1298,haze primary agriculture water
file_1299,partly_cloudy primary agriculture road
file_1300,partly_cloudy primary
file_1301,partly_cloudy primary water road
file_1302,partly_cloudy primary agriculture habitation road
file_1303,clear primary water road artisinal_mine
file_1304,clear primary
file_1305,clear primary agriculture habitation road
file_1306,partly_cloudy primary agriculture road
file_1307,partly_cloudy primary
file_1308,clear primary
file_1309,clear primary
file_1310,clear primary
file_1311,clear primary road blooming selective_logging
file_1312,clear partly_cloudy primary agriculture water cultivation habitation road
file_1313,clear primary
file_1314,partly_cloudy primary agriculture
file_1315,clear primary agriculture habitation road
file_1316,clear primary agriculture road bare_ground
file_1317,clear primary
file_1318,clear primary
file_1319,clear primary
file_1320,partly_cloudy primary agriculture road
file_1321,clear primary
file_1322,clear primary agriculture habitation road
file_1323,partly_cloudy primary
file_1324,clear primary agriculture cultivation
file_1325,cloudy
file_1326,clear primary agriculture road
file_1327,clear primary
file_1328,partly_cloudy primary
file_1329,clear primary
file_1330,clear primary
file_1331,clear primary
file_1332,clear primary
file_1333,clear primary
file_1334,clear primary agriculture water cultivation road
file_1335,clear primary
file_1336,clear partly_cloudy primary agriculture water road
file_1337,clear primary
file_1338,clear primary agriculture
file_1339,cloudy
file_1340,clear primary water road selective_logging
file_1341,partly_cloudy primary agriculture cultivation road
file_1342,clear primary
file_1343,clear primary
file_1344,clear primary water
file_1345,clear primary agriculture water road
file_1346,clear primary agriculture water cultivation habitation
file_1347,clear primary agriculture water cultivation habitation road
file_1348,clear primary agriculture road
file_1349,partly_cloudy primary
file_1350,clear primary
file_1351,clear haze primary
file_1352,partly_cloudy primary
file_1353,clear primary
file_1354,partly_cloudy primary agriculture
file_1355,clear primary
file_1356,partly_cloudy primary
file_1357,clear primary
file_1358,partly_cloudy primary water
file_1359,clear partly_cloudy primary agriculture road
file_1360,clear primary agriculture water habitation road
file_1361,clear primary
file_1362,clear partly_cloudy primary agriculture road
file_1363,clear primary
file_1364,clear primary
file_1365,clear primary water
file_1366,partly_cloudy cloudy primary
file_1367,clear primary agriculture habitation road
file_1368,clear cloudy primary water
file_1369,clear primary
file_1370,clear primary agriculture cultivation
file_1371,partly_cloudy cloudy water
file_1372,partly_cloudy primary
file_1373,clear primary agriculture
file_1374,clear haze primary agriculture road
file_1375,clear primary agriculture cultivation
file_1376,partly_cloudy primary
file_1377,clear primary agriculture water cultivation
file_1378,clear primary agriculture cultivation
file_1379,partly_cloudy primary
file_1380,partly_cloudy primary
file_1381,partly_cloudy primary
file_1382,clear primary
file_1383,clear primary agriculture habitation road
file_1384,clear primary
file_1385,clear primary water
file_1386,clear primary agriculture cultivation
file_1387,clear primary
file_1388,clear partly_cloudy primary agriculture cultivation habitation
file_1389,clear primary
file_1390,clear primary
file_1391,clear primary water
file_1392,clear primary water
file_1393,clear primary water
file_1394,clear primary agriculture water cultivation road
file_1395,partly_cloudy cloudy
file_1396,clear primary
file_1397,partly_cloudy primary agriculture water cultivation
file_1398,clear cloudy water
file_1399,haze primary agriculture cultivation
file_1400,clear primary agriculture water
file_1401,cloudy
file_1402,clear primary
file_1403,clear primary agriculture water
file_1404,clear primary
file_1405,clear primary
file_1406,clear primary agriculture road
file_1407,clear primary agriculture water cultivation
file_1408,clear partly_cloudy primary agriculture road
file_1409,clear primary agriculture cultivation road
file_1410,partly_cloudy cloudy primary
file_1411,clear primary
file_1412,clear primary
file_1413,clear primary water
file_1414,partly_cloudy primary
file_1415,clear partly_cloudy primary agriculture water road
file_1416,clear cloudy water
file_1417,clear primary agriculture water cultivation
file_1418,clear primary water road
file_1419,clear primary agriculture habitation road
file_1420,cloudy
file_1421,clear primary
file_1422,clear primary
file_1423,clear primary agriculture cultivation
file_1424,partly_cloudy primary agriculture water
file_1425,partly_cloudy primary agriculture water
file_1426,haze partly_cloudy primary
file_1427,clear primary agriculture water cultivation
file_1428,clear primary water habitation
file_1429,clear primary
file_1430,clear primary
file_1431,clear primary cultivation
file_1432,clear primary
file_1433,clear primary agriculture cultivation habitation road
file_1434,clear primary agriculture bare_ground
file_1435,clear partly_cloudy primary water
file_1436,clear primary agriculture cultivation road
file_1437,clear primary agriculture cultivation habitation road
file_1438,clear primary
file_1439,haze partly_cloudy primary
file_1440,haze primary agriculture water
file_1441,haze cloudy primary water
file_1442,clear primary agriculture habitation road bare_ground
file_1443,clear primary water
file_1444,clear primary
file_1445,cloudy
file_1446,clear primary
file_1447,partly_cloudy primary agriculture cultivation habitation road
file_1448,clear primary
file_1449,clear primary
file_1450,clear primary agriculture habitation road
file_1451,clear primary
file_1452,clear primary agriculture water
file_1453,clear primary agriculture cultivation
file_1454,clear partly_cloudy primary
file_1455,partly_cloudy primary
file_1456,clear primary selective_logging
file_1457,partly_cloudy cloudy primary
file_1458,partly_cloudy primary
file_1459,clear haze primary agriculture water
file_1460,clear primary agriculture water
file_1461,clear primary agriculture cultivation
file_1462,partly_cloudy primary agriculture water
file_1463,clear primary
file_1464,partly_cloudy primary agriculture cultivation
file_1465,clear primary water road selective_logging
file_1466,clear primary
file_1467,clear primary agriculture road
file_1468,haze primary
file_1469,clear primary agriculture
file_1470,clear primary
file_1471,clear primary agriculture cultivation
file_1472,clear haze primary agriculture road
file_1473,clear primary agriculture habitation road
file_1474,clear primary agriculture road
file_1475,clear primary
file_1476,partly_cloudy primary agriculture cultivation habitation road
file_1477,clear primary
file_1478,clear primary
file_1479,clear partly_cloudy cloudy primary agriculture water bare_ground
file_1480,clear primary
file_1481,clear primary water habitation road conventional_mine bare_ground artisinal_mine
file_1482,clear primary agriculture road
file_1483,partly_cloudy primary
file_1484,clear primary
file_1485,clear primary
file_1486,clear primary agriculture water habitation road
file_1487,clear primary
file_1488,clear primary
file_1489,clear primary water
file_1490,clear primary
file_1491,clear primary
file_1492,partly_cloudy primary agriculture cultivation
file_1493,clear primary
file_1494,clear primary habitation road
file_1495,clear primary
file_1496,clear cloudy
file_1497,clear primary
file_1498,clear primary agriculture cultivation
file_1499,clear primary
file_1500,clear primary
file_1501,clear primary
file_1502,clear primary agriculture water road
file_1503,cloudy
file_1504,clear primary
file_1505,clear primary
file_1506,clear primary
file_1507,partly_cloudy primary agriculture cultivation
file_1508,clear primary
file_1509,clear primary
file_1510,partly_cloudy primary agriculture
file_1511,clear primary agriculture cultivation habitation road
file_1512,clear primary
file_1513,clear primary agriculture water cultivation road
file_1514,clear primary
file_1515,clear primary
file_1516,clear primary agriculture water road
file_1517,clear primary
file_1518,clear primary
file_1519,clear primary
file_1520,clear partly_cloudy primary agriculture water
file_1521,clear primary
file_1522,clear primary
file_1523,clear primary agriculture water road
file_1524,clear primary agriculture water cultivation habitation
file_1525,clear primary water road
file_1526,clear primary agriculture water road
file_1527,clear primary agriculture cultivation habitation
file_1528,clear primary water road
file_1529,clear primary
file_1530,clear cloudy primary water
file_1531,clear primary agriculture habitation road
file_1532,partly_cloudy primary
file_1533,partly_cloudy primary
file_1534,clear haze primary
file_1535,partly_cloudy primary agriculture road
file_1536,clear primary
file_1537,clear primary
file_1538,clear primary water
file_1539,clear primary
file_1540,clear primary
file_1541,clear primary blooming
file_1542,cloudy
file_1543,clear primary
file_1544,clear primary
file_1545,clear primary
file_1546,partly_cloudy primary
file_1547,clear primary agriculture cultivation habitation road
file_1548,clear primary water
file_1549,clear primary
file_1550,clear primary agriculture habitation road
file_1551,clear primary agriculture cultivation
file_1552,clear primary water
file_1553,clear primary agriculture
file_1554,partly_cloudy primary agriculture water road
file_1555,clear primary agriculture water road
file_1556,clear primary
file_1557,clear primary
file_1558,clear primary agriculture road
file_1559,clear primary agriculture water
file_1560,clear haze primary agriculture
file_1561,haze partly_cloudy primary agriculture cultivation
file_1562,cloudy
file_1563,clear partly_cloudy primary agriculture water cultivation habitation road
file_1564,clear primary
file_1565,clear primary agriculture road
file_1566,clear primary
file_1567,clear primary
file_1568,clear primary
file_1569,clear primary
file_1570,haze cloudy
file_1571,clear primary agriculture habitation road
file_1572,cloudy
file_1573,clear primary
file_1574,haze primary agriculture water
file_1575,clear primary
file_1576,clear primary agriculture cultivation
file_1577,clear primary
file_1578,clear primary agriculture cultivation
file_1579,clear primary
file_1580,clear primary
file_1581,clear partly_cloudy primary agriculture water cultivation habitation
file_1582,haze primary
file_1583,clear primary
file_1584,clear primary agriculture road
file_1585,clear primary
file_1586,partly_cloudy primary agriculture road
file_1587,clear primary
file_1588,cloudy
file_1589,clear primary water
file_1590,partly_cloudy primary
file_1591,clear primary
file_1592,clear primary
file_1593,clear primary road selective_logging
file_1594,clear primary
file_1595,partly_cloudy primary
file_1596,cloudy
file_1597,clear primary
file_1598,clear primary water road
file_1599,partly_cloudy primary agriculture water habitation road
file_1600,clear primary
file_1601,clear primary
file_1602,clear primary agriculture road
file_1603,clear primary water road
file_1604,clear primary water road selective_logging
file_1605,haze primary
file_1606,partly_cloudy primary water
file_1607,clear primary agriculture cultivation habitation
file_1608,partly_cloudy primary agriculture cultivation
file_1609,partly_cloudy primary agriculture cultivation
file_1610,clear partly_cloudy primary agriculture water road
file_1611,clear primary agriculture water cultivation
file_1612,clear haze primary
file_1613,clear primary agriculture cultivation
file_1614,clear primary water
file_1615,partly_cloudy cloudy primary
file_1616,clear primary
file_1617,clear primary water
file_1618,clear primary
file_1619,clear primary agriculture road
file_1620,clear partly_cloudy primary agriculture cultivation
file_1621,partly_cloudy primary agriculture road
file_1622,cloudy
file_1623,clear primary
file_1624,clear primary agriculture cultivation habitation road
file_1625,clear primary agriculture cultivation
file_1626,clear primary
file_1627,clear primary agriculture water road
file_1628,clear primary
file_1629,clear primary agriculture water habitation road
file_1630,clear primary agriculture cultivation
file_1631,clear primary
file_1632,clear primary
file_1633,clear primary habitation road
file_1634,partly_cloudy primary
file_1635,clear primary agriculture
file_1636,clear primary
file_1637,clear primary
file_1638,clear primary water
file_1639,clear primary agriculture water habitation road
file_1640,clear primary agriculture water cultivation
file_1641,clear partly_cloudy primary agriculture habitation road
file_1642,clear primary agriculture cultivation
file_1643,haze primary
file_1644,clear partly_cloudy primary agriculture water cultivation habitation road
file_1645,clear primary
file_1646,clear primary
file_1647,clear primary
file_1648,clear primary
file_1649,clear primary agriculture cultivation road
file_1650,clear primary
file_1651,clear primary water
file_1652,partly_cloudy primary
file_1653,clear primary
file_1654,clear primary agriculture road
file_1655,clear primary
file_1656,clear primary
file_1657,clear primary
file_1658,clear primary agriculture road
file_1659,clear haze primary agriculture cultivation habitation
file_1660,partly_cloudy primary
file_1661,clear primary
file_1662,clear primary agriculture water cultivation habitation road
file_1663,clear primary
file_1664,clear primary agriculture water
file_1665,clear primary agriculture cultivation habitation road
file_1666,clear primary
file_1667,clear primary agriculture road
file_1668,clear primary agriculture water habitation road
file_1669,clear primary agriculture road
file_1670,clear primary
file_1671,partly_cloudy primary
file_1672,partly_cloudy cloudy
file_1673,clear primary agriculture cultivation
file_1674,haze cloudy primary
file_1675,clear primary
file_1676,clear primary water
file_1677,partly_cloudy primary agriculture water cultivation
file_1678,clear primary
file_1679,partly_cloudy primary
file_1680,partly_cloudy primary
file_1681,clear primary agriculture
file_1682,clear primary agriculture cultivation
file_1683,clear primary
file_1684,haze cloudy primary
file_1685,clear primary
file_1686,clear primary
file_1687,clear primary agriculture water
file_1688,clear primary
file_1689,clear primary
file_1690,partly_cloudy primary
file_1691,partly_cloudy cloudy primary
file_1692,partly_cloudy primary agriculture water
file_1693,clear primary
file_1694,haze cloudy
file_1695,partly_cloudy primary
file_1696,clear partly_cloudy primary agriculture water bare_ground
file_1697,clear primary
file_1698,partly_cloudy primary
file_1699,haze primary agriculture
file_1700,clear partly_cloudy primary agriculture water
file_1701,clear primary
file_1702,clear primary
file_1703,clear primary
file_1704,clear primary
file_1705,clear partly_cloudy primary
file_1706,clear primary
file_1707,clear primary agriculture
file_1708,clear primary water
file_1709,haze primary water
file_1710,haze primary
file_1711,haze primary
file_1712,clear primary
file_1713,partly_cloudy primary agriculture habitation road
file_1714,clear primary
file_1715,clear primary
file_1716,clear primary
file_1717,clear primary agriculture cultivation habitation road
file_1718,clear primary agriculture
file_1719,partly_cloudy primary
file_1720,partly_cloudy primary
file_1721,clear partly_cloudy primary agriculture road
file_1722,clear partly_cloudy primary agriculture habitation road
file_1723,partly_cloudy primary
file_1724,haze primary water
file_1725,clear primary agriculture bare_ground
file_1726,partly_cloudy primary agriculture
file_1727,cloudy
file_1728,clear primary
file_1729,haze primary
file_1730,clear primary
file_1731,partly_cloudy primary
file_1732,clear primary
file_1733,partly_cloudy primary
file_1734,clear primary
file_1735,cloudy
file_1736,clear primary agriculture habitation road bare_ground
file_1737,clear primary water road selective_logging
file_1738,haze primary
file_1739,haze primary agriculture
file_1740,clear primary agriculture
file_1741,clear primary blooming
file_1742,haze primary water
file_1743,haze cloudy primary
file_1744,clear primary
file_1745,clear primary
file_1746,haze primary agriculture water
file_1747,haze primary agriculture cultivation
file_1748,clear primary agriculture road
file_1749,clear primary agriculture habitation road
file_1750,clear primary water
file_1751,clear primary agriculture habitation road
file_1752,clear partly_cloudy primary agriculture road
file_1753,clear primary agriculture cultivation
file_1754,clear primary
file_1755,partly_cloudy primary
file_1756,clear primary
file_1757,clear primary agriculture water cultivation
file_1758,clear primary
file_1759,clear partly_cloudy primary
file_1760,clear primary agriculture water
file_1761,clear primary agriculture cultivation habitation
file_1762,clear primary
file_1763,clear primary water
file_1764,clear primary
file_1765,clear primary agriculture road
file_1766,clear primary agriculture water road
file_1767,clear partly_cloudy primary
file_1768,clear primary
file_1769,clear primary
file_1770,clear primary
file_1771,clear primary agriculture habitation road
file_1772,clear primary agriculture cultivation
file_1773,clear primary
file_1774,clear primary
file_1775,clear primary water
file_1776,partly_cloudy primary agriculture water road
file_1777,partly_cloudy cloudy primary
file_1778,clear primary
file_1779,clear primary
file_1780,clear primary
file_1781,clear primary
file_1782,haze cloudy
file_1783,clear primary habitation road
file_1784,clear primary agriculture cultivation road
file_1785,cloudy
file_1786,clear primary agriculture road
file_1787,clear primary agriculture cultivation
file_1788,clear primary
file_1789,clear primary blooming selective_logging
file_1790,partly_cloudy primary agriculture road
file_1791,haze cloudy primary
file_1792,clear primary agriculture road
file_1793,partly_cloudy primary water
file_1794,clear primary
file_1795,clear primary agriculture
file_1796,clear primary agriculture water
file_1797,clear primary agriculture cultivation
file_1798,partly_cloudy primary agriculture road
file_1799,haze cloudy
file_1800,partly_cloudy primary
file_1801,clear primary
file_1802,clear primary
file_1803,partly_cloudy primary agriculture water cultivation
file_1804,clear haze primary water
file_1805,clear primary water
file_1806,clear primary
file_1807,clear primary agriculture cultivation
file_1808,partly_cloudy primary
file_1809,clear primary agriculture cultivation
file_1810,clear primary water road
file_1811,clear primary
file_1812,clear primary agriculture cultivation
file_1813,clear primary agriculture water road
file_1814,clear primary
file_1815,clear primary water
file_1816,clear primary
file_1817,clear haze primary agriculture water
file_1818,clear cloudy water
file_1819,clear haze primary agriculture cultivation road
file_1820,clear primary agriculture habitation road
file_1821,clear primary agriculture cultivation
file_1822,clear primary agriculture cultivation habitation road
file_1823,clear haze primary agriculture road
file_1824,partly_cloudy primary
file_1825,clear primary
file_1826,clear primary agriculture habitation road
file_1827,clear primary
file_1828,clear primary
file_1829,clear primary agriculture road
file_1830,haze partly_cloudy primary
file_1831,clear primary
file_1832,clear primary agriculture cultivation habitation road
file_1833,partly_cloudy primary
file_1834,clear primary agriculture road
file_1835,clear primary water
file_1836,clear primary agriculture cultivation
file_1837,clear primary water road
file_1838,clear primary agriculture road
file_1839,clear primary agriculture water road
file_1840,haze cloudy
file_1841,partly_cloudy primary water road
file_1842,clear haze primary agriculture cultivation habitation road
file_1843,clear haze primary
file_1844,haze primary agriculture water road
file_1845,partly_cloudy primary
file_1846,clear primary
file_1847,clear primary
file_1848,clear primary
file_1849,clear primary water
file_1850,clear primary
file_1851,clear primary
file_1852,clear haze primary agriculture cultivation
file_1853,partly_cloudy primary
file_1854,clear primary agriculture road
file_1855,partly_cloudy primary agriculture water
file_1856,cloudy
file_1857,haze cloudy primary
file_1858,clear primary
file_1859,partly_cloudy primary agriculture cultivation
file_1860,clear primary
file_1861,clear partly_cloudy primary agriculture cultivation road
file_1862,clear primary agriculture habitation road
file_1863,clear primary
file_1864,clear primary agriculture habitation road
file_1865,clear primary agriculture water road
file_1866,clear primary agriculture habitation road
file_1867,clear primary agriculture road
file_1868,clear primary
file_1869,clear primary agriculture road
file_1870,clear primary water road
file_1871,clear primary
file_1872,clear haze primary
file_1873,partly_cloudy primary agriculture road
file_1874,partly_cloudy primary
file_1875,partly_cloudy primary agriculture water
file_1876,clear partly_cloudy primary agriculture water road
file_1877,haze partly_cloudy primary agriculture
file_1878,clear primary blooming
file_1879,clear primary agriculture road
file_1880,partly_cloudy primary water road
file_1881,clear primary
file_1882,clear primary
file_1883,haze cloudy primary
file_1884,clear primary agriculture water cultivation
file_1885,partly_cloudy primary agriculture water road
file_1886,partly_cloudy primary
file_1887,clear primary
file_1888,partly_cloudy primary
file_1889,clear primary
file_1890,clear primary water bare_ground artisinal_mine
file_1891,clear primary agriculture habitation road bare_ground
file_1892,partly_cloudy primary
file_1893,clear primary
file_1894,clear primary
file_1895,clear primary
file_1896,clear primary
file_1897,clear primary
file_1898,clear primary water road
file_1899,clear primary agriculture habitation road
file_1900,cloudy
file_1901,haze cloudy primary
file_1902,clear primary agriculture
file_1903,clear primary
file_1904,clear primary
file_1905,clear primary agriculture habitation road
file_1906,partly_cloudy primary agriculture water
file_1907,clear primary agriculture cultivation habitation road
file_1908,cloudy
file_1909,clear primary habitation road
file_1910,clear haze primary
file_1911,clear primary blooming
file_1912,clear primary agriculture water habitation
file_1913,clear primary water road
file_1914,clear primary agriculture road
file_1915,clear primary agriculture water habitation road
file_1916,clear primary water
file_1917,partly_cloudy primary agriculture road
file_1918,partly_cloudy primary
file_1919,clear primary water
file_1920,clear primary
file_1921,cloudy
file_1922,clear primary blooming
file_1923,clear primary agriculture water road
file_1924,clear primary
file_1925,clear haze primary agriculture water road
file_1926,haze primary
file_1927,clear primary agriculture road
file_1928,clear primary water
file_1929,partly_cloudy primary
file_1930,clear primary agriculture cultivation
file_1931,clear partly_cloudy primary
file_1932,clear primary water
file_1933,clear primary water bare_ground artisinal_mine
file_1934,clear primary
file_1935,clear primary agriculture cultivation
file_1936,clear partly_cloudy primary agriculture cultivation
file_1937,clear primary
file_1938,cloudy
file_1939,clear primary
file_1940,clear primary water
file_1941,clear primary water habitation road artisinal_mine
file_1942,clear primary
file_1943,partly_cloudy primary
file_1944,clear primary agriculture habitation road
file_1945,clear primary
file_1946,partly_cloudy primary agriculture road
file_1947,haze partly_cloudy primary
file_1948,partly_cloudy primary agriculture water habitation road
file_1949,cloudy
file_1950,clear primary agriculture cultivation
file_1951,partly_cloudy primary
file_1952,clear primary
file_1953,cloudy
file_1954,clear haze cloudy primary water
file_1955,clear primary water
file_1956,haze primary
file_1957,clear primary agriculture water cultivation road
file_1958,clear primary agriculture
file_1959,clear primary
file_1960,partly_cloudy primary agriculture
file_1961,clear primary
file_1962,clear primary agriculture cultivation habitation road
file_1963,clear primary water road
file_1964,clear primary water
file_1965,clear haze primary
file_1966,clear primary
file_1967,clear primary
file_1968,clear primary agriculture habitation road
file_1969,partly_cloudy primary agriculture
file_1970,clear cloudy
file_1971,clear primary
file_1972,partly_cloudy primary
file_1973,clear primary agriculture habitation road
file_1974,clear primary
file_1975,clear primary
file_1976,clear primary
file_1977,clear primary agriculture cultivation
file_1978,clear primary agriculture road bare_ground
file_1979,clear primary
file_1980,clear primary agriculture cultivation habitation road
file_1981,clear haze primary agriculture
file_1982,clear primary
file_1983,clear primary agriculture cultivation
file_1984,clear primary
file_1985,partly_cloudy primary agriculture water
file_1986,partly_cloudy primary agriculture road
file_1987,partly_cloudy primary agriculture water road
file_1988,clear primary
file_1989,haze primary
file_1990,clear primary
file_1991,clear primary
file_1992,clear primary agriculture cultivation
file_1993,clear primary agriculture cultivation
file_1994,clear haze primary agriculture road
file_1995,clear primary
file_1996,clear primary agriculture water cultivation
file_1997,clear primary agriculture cultivation
file_1998,partly_cloudy primary
file_1999,clear primary
file_2000,clear primary agriculture cultivation
file_2001,cloudy
file_2002,clear primary
file_2003,clear primary
file_2004,clear primary
file_2005,clear primary
file_2006,cloudy
file_2007,clear primary
file_2008,clear primary agriculture cultivation habitation road
file_2009,partly_cloudy primary agriculture habitation road
file_2010,clear primary
file_2011,clear primary
file_2012,clear primary water road
file_2013,clear primary agriculture cultivation
file_2014,clear primary
file_2015,clear primary
file_2016,clear primary
file_2017,clear primary agriculture cultivation habitation road
file_2018,clear primary water
file_2019,partly_cloudy primary
file_2020,clear primary agriculture cultivation
file_2021,clear primary agriculture habitation road bare_ground
file_2022,cloudy
file_2023,clear primary agriculture cultivation
file_2024,clear primary agriculture cultivation
file_2025,clear primary agriculture cultivation habitation road
file_2026,partly_cloudy primary agriculture road
file_2027,clear primary water
file_2028,clear primary agriculture road
file_2029,clear primary
file_2030,clear primary
file_2031,partly_cloudy primary
file_2032,clear partly_cloudy primary
file_2033,clear primary
file_2034,partly_cloudy cloudy primary agriculture water
file_2035,clear primary agriculture water road
file_2036,clear primary agriculture road
file_2037,clear primary
file_2038,clear primary water
file_2039,clear primary agriculture cultivation
file_2040,clear primary agriculture water cultivation habitation road
file_2041,clear primary agriculture water
file_2042,partly_cloudy primary agriculture road
file_2043,partly_cloudy primary
file_2044,clear primary water road selective_logging
file_2045,cloudy
file_2046,clear primary
file_2047,partly_cloudy primary
file_2048,clear primary agriculture cultivation
file_2049,haze partly_cloudy primary
file_2050,clear primary agriculture cultivation
file_2051,clear primary
file_2052,cloudy
file_2053,clear primary water road
file_2054,clear primary
file_2055,clear primary water
file_2056,clear primary
file_2057,partly_cloudy primary
file_2058,clear primary water road
file_2059,partly_cloudy primary
file_2060,clear primary water road
file_2061,clear primary habitation road
file_2062,clear primary agriculture habitation road
file_2063,clear partly_cloudy primary agriculture cultivation road
file_2064,clear primary agriculture cultivation road
file_2065,clear primary agriculture cultivation habitation road
file_2066,partly_cloudy primary agriculture road
file_2067,clear primary
file_2068,clear primary water
file_2069,clear primary
file_2070,partly_cloudy primary
file_2071,partly_cloudy primary
file_2072,clear primary agriculture water cultivation habitation road
file_2073,clear primary
file_2074,clear primary agriculture water habitation road
file_2075,clear primary
file_2076,clear primary agriculture road
file_2077,partly_cloudy primary agriculture habitation road
file_2078,partly_cloudy primary
file_2079,partly_cloudy primary
file_2080,clear primary
file_2081,clear primary
file_2082,partly_cloudy primary agriculture
file_2083,partly_cloudy primary water
file_2084,clear primary
file_2085,haze cloudy primary
file_2086,partly_cloudy primary agriculture
file_2087,clear primary
file_2088,clear primary agriculture water
file_2089,partly_cloudy primary agriculture
file_2090,clear primary
file_2091,clear primary agriculture
file_2092,clear primary agriculture cultivation habitation
file_2093,clear primary agriculture cultivation
file_2094,partly_cloudy primary
file_2095,clear primary
file_2096,clear primary
file_2097,clear primary
file_2098,partly_cloudy primary agriculture cultivation
file_2099,clear primary agriculture cultivation habitation
file_2100,clear primary blooming
file_2101,clear primary water
file_2102,clear primary
file_2103,clear primary agriculture road
file_2104,clear primary
file_2105,clear primary agriculture water cultivation habitation road
file_2106,clear primary agriculture water
file_2107,clear primary agriculture cultivation
file_2108,clear primary
file_2109,clear primary
file_2110,clear primary agriculture habitation road
file_2111,clear partly_cloudy primary agriculture cultivation habitation
file_2112,clear primary agriculture water cultivation
file_2113,partly_cloudy primary
file_2114,clear primary agriculture
file_2115,clear primary agriculture cultivation road
file_2116,partly_cloudy primary
file_2117,clear primary blooming
file_2118,clear primary
file_2119,clear primary
file_2120,clear partly_cloudy primary agriculture
file_2121,clear primary agriculture water cultivation habitation
file_2122,clear primary agriculture cultivation habitation road
file_2123,clear primary
file_2124,clear primary
file_2125,partly_cloudy cloudy primary
file_2126,clear primary agriculture road
file_2127,clear primary
file_2128,clear primary agriculture cultivation habitation
file_2129,cloudy
file_2130,partly_cloudy primary agriculture water road
file_2131,partly_cloudy primary agriculture cultivation
file_2132,clear primary agriculture water cultivation road
file_2133,clear primary agriculture water road
file_2134,haze primary water
file_2135,clear primary
file_2136,clear primary agriculture habitation road
file_2137,clear primary agriculture water road
file_2138,clear primary agriculture cultivation road
file_2139,clear primary agriculture road
file_2140,clear primary agriculture water cultivation habitation
file_2141,clear primary water
file_2142,clear primary
file_2143,partly_cloudy primary agriculture
file_2144,clear primary agriculture water habitation road
file_2145,clear primary water
file_2146,clear primary agriculture water cultivation habitation road
file_2147,clear primary agriculture cultivation
file_2148,clear primary
file_2149,clear partly_cloudy primary agriculture water
file_2150,clear primary
file_2151,clear primary
file_2152,partly_cloudy primary
file_2153,clear primary
file_2154,clear primary agriculture cultivation road
file_2155,clear partly_cloudy primary water artisinal_mine
file_2156,clear partly_cloudy primary water
file_2157,clear primary
file_2158,partly_cloudy primary
file_2159,clear primary
file_2160,clear primary agriculture
file_2161,partly_cloudy primary
file_2162,clear partly_cloudy primary agriculture cultivation
file_2163,clear partly_cloudy primary water
file_2164,clear primary agriculture habitation road
file_2165,clear primary
file_2166,clear primary agriculture cultivation
file_2167,clear primary agriculture water cultivation
file_2168,clear primary agriculture cultivation
file_2169,partly_cloudy primary agriculture water road
file_2170,partly_cloudy primary
file_2171,partly_cloudy primary water
file_2172,partly_cloudy primary
file_2173,clear primary
file_2174,clear primary
file_2175,partly_cloudy primary agriculture cultivation
file_2176,clear primary
file_2177,clear primary agriculture water road
file_2178,clear primary
file_2179,clear primary
file_2180,clear primary agriculture water habitation road
file_2181,clear primary
file_2182,clear partly_cloudy primary
file_2183,clear primary
file_2184,clear primary water
file_2185,clear haze cloudy primary agriculture water
file_2186,clear primary agriculture water
file_2187,clear primary agriculture cultivation
file_2188,cloudy
file_2189,clear partly_cloudy primary
file_2190,clear primary
file_2191,clear primary agriculture road
file_2192,clear primary agriculture cultivation habitation road
file_2193,clear primary
file_2194,clear primary agriculture water
file_2195,clear primary
file_2196,clear primary water
file_2197,cloudy
file_2198,partly_cloudy primary agriculture road
file_2199,clear primary
file_2200,cloudy
file_2201,clear primary agriculture cultivation
file_2202,clear primary agriculture cultivation
file_2203,partly_cloudy primary
file_2204,clear primary
file_2205,partly_cloudy primary agriculture road
file_2206,clear primary
file_2207,clear primary agriculture cultivation
file_2208,clear primary agriculture water road
file_2209,clear primary agriculture cultivation
file_2210,clear primary water
file_2211,cloudy
file_2212,clear primary
file_2213,clear primary agriculture cultivation habitation road
file_2214,haze partly_cloudy primary agriculture habitation road
file_2215,clear primary
file_2216,partly_cloudy primary
file_2217,clear primary water
file_2218,clear primary agriculture cultivation
file_2219,clear primary water bare_ground artisinal_mine
file_2220,partly_cloudy primary agriculture water road
file_2221,clear primary
file_2222,partly_cloudy primary water road
file_2223,clear primary agriculture cultivation habitation road
file_2224,partly_cloudy primary agriculture
file_2225,clear primary
file_2226,partly_cloudy primary
file_2227,clear primary agriculture water
file_2228,clear primary water road bare_ground artisinal_mine
file_2229,clear primary
file_2230,clear primary
file_2231,partly_cloudy primary
file_2232,clear primary
file_2233,clear primary
file_2234,clear primary
file_2235,partly_cloudy primary agriculture road
file_2236,clear primary water
file_2237,clear primary water
file_2238,clear primary
file_2239,clear primary
file_2240,haze cloudy primary
file_2241,clear primary
file_2242,clear primary agriculture cultivation
file_2243,partly_cloudy primary agriculture water habitation road conventional_mine artisinal_mine
file_2244,clear primary water road
file_2245,clear primary
file_2246,clear primary
file_2247,clear primary agriculture
file_2248,clear primary
file_2249,clear primary
file_2250,clear haze primary
file_2251,clear primary agriculture road
file_2252,clear primary agriculture cultivation
file_2253,clear primary agriculture road
file_2254,clear primary water
file_2255,haze cloudy primary
file_2256,haze primary
file_2257,clear primary
file_2258,clear primary
file_2259,partly_cloudy primary agriculture water road
file_2260,clear primary agriculture cultivation
file_2261,clear primary agriculture cultivation habitation road
file_2262,haze primary water
file_2263,clear primary
file_2264,clear primary
file_2265,clear cloudy water
file_2266,clear primary water road
file_2267,clear primary
file_2268,partly_cloudy primary agriculture cultivation
file_2269,clear primary agriculture habitation road
file_2270,cloudy
file_2271,partly_cloudy primary
file_2272,partly_cloudy primary agriculture water cultivation
file_2273,partly_cloudy primary water
file_2274,clear primary
file_2275,clear primary agriculture cultivation
file_2276,clear primary agriculture habitation road
file_2277,clear primary
file_2278,clear primary
file_2279,partly_cloudy primary
file_2280,clear primary
file_2281,clear partly_cloudy primary
file_2282,cloudy
file_2283,clear partly_cloudy primary agriculture habitation road
file_2284,clear primary
file_2285,clear primary
file_2286,clear primary agriculture habitation road conventional_mine bare_ground
file_2287,clear primary water
file_2288,partly_cloudy primary agriculture water road
file_2289,clear primary water road artisinal_mine
file_2290,clear primary agriculture habitation road
file_2291,partly_cloudy primary
file_2292,clear primary water road
file_2293,partly_cloudy primary agriculture cultivation habitation road
file_2294,clear primary agriculture road
file_2295,partly_cloudy primary
file_2296,cloudy
file_2297,clear primary
file_2298,clear primary water road
file_2299,cloudy
file_2300,clear primary blooming
file_2301,partly_cloudy primary
file_2302,partly_cloudy primary
file_2303,clear primary
file_2304,haze primary
file_2305,clear primary agriculture habitation road
file_2306,clear primary agriculture cultivation habitation road
file_2307,clear primary agriculture water habitation road
file_2308,haze primary agriculture water road
file_2309,clear primary agriculture road
file_2310,clear primary agriculture water
file_2311,cloudy
file_2312,clear primary
file_2313,clear primary
file_2314,haze cloudy
file_2315,clear primary agriculture water road
file_2316,clear primary agriculture cultivation
file_2317,clear primary
file_2318,partly_cloudy primary
file_2319,clear primary
file_2320,clear primary agriculture cultivation habitation
file_2321,clear cloudy water
file_2322,clear haze primary agriculture water
file_2323,partly_cloudy primary agriculture
file_2324,clear primary agriculture
file_2325,clear primary water
file_2326,clear primary habitation road
file_2327,clear primary agriculture water habitation road
file_2328,partly_cloudy primary
file_2329,clear primary
file_2330,clear primary cultivation
file_2331,partly_cloudy primary
file_2332,clear primary
file_2333,clear primary
file_2334,haze partly_cloudy primary
file_2335,clear primary agriculture habitation road
file_2336,clear primary
file_2337,clear primary
file_2338,clear primary agriculture road
file_2339,clear primary agriculture habitation road
file_2340,clear primary
file_2341,clear primary agriculture road
file_2342,clear primary
file_2343,partly_cloudy primary agriculture habitation road
file_2344,clear primary
file_2345,cloudy
file_2346,clear primary
file_2347,clear primary agriculture water
file_2348,clear primary agriculture water road
file_2349,clear primary
file_2350,clear primary
file_2351,clear primary water road selective_logging
file_2352,clear primary agriculture cultivation road
file_2353,clear cloudy agriculture bare_ground
file_2354,partly_cloudy primary agriculture
file_2355,clear primary habitation road
file_2356,clear primary agriculture water road
file_2357,clear primary
file_2358,clear primary road selective_logging
file_2359,partly_cloudy primary
file_2360,clear primary
file_2361,partly_cloudy primary
file_2362,clear primary
file_2363,clear primary habitation road
file_2364,clear primary
file_2365,clear primary
file_2366,clear primary
file_2367,partly_cloudy primary agriculture road
file_2368,clear primary water
file_2369,clear primary
file_2370,partly_cloudy primary
file_2371,clear partly_cloudy primary agriculture cultivation
file_2372,haze partly_cloudy primary agriculture water
file_2373,clear primary
file_2374,clear primary
file_2375,partly_cloudy cloudy primary agriculture water
file_2376,clear primary agriculture water road
file_2377,partly_cloudy primary agriculture water habitation road
file_2378,cloudy
file_2379,clear primary
file_2380,partly_cloudy primary agriculture cultivation
file_2381,clear primary
file_2382,clear primary agriculture water bare_ground
file_2383,clear primary
file_2384,clear primary habitation road
file_2385,clear primary
file_2386,cloudy
file_2387,cloudy
file_2388,clear primary
file_2389,clear primary
file_2390,clear primary agriculture cultivation
file_2391,clear primary
file_2392,partly_cloudy primary
file_2393,clear primary
file_2394,clear primary agriculture water cultivation
file_2395,clear primary agriculture
file_2396,clear primary
file_2397,clear primary agriculture habitation road
file_2398,clear primary
file_2399,partly_cloudy primary agriculture water habitation road
file_2400,clear primary
file_2401,clear primary
file_2402,clear primary
file_2403,clear primary
file_2404,clear primary agriculture cultivation
file_2405,clear primary agriculture cultivation
file_2406,haze cloudy primary
file_2407,clear primary
file_2408,clear primary
file_2409,clear primary water
file_2410,clear primary agriculture road
file_2411,clear primary agriculture cultivation
file_2412,partly_cloudy primary water
file_2413,clear primary
file_2414,clear primary agriculture water habitation road
file_2415,partly_cloudy primary water
file_2416,clear primary
file_2417,clear primary agriculture cultivation
file_2418,clear primary
file_2419,clear primary
file_2420,clear primary agriculture bare_ground
file_2421,haze primary
file_2422,partly_cloudy primary
file_2423,partly_cloudy primary
file_2424,clear haze primary
file_2425,clear primary
file_2426,clear primary agriculture road
file_2427,clear primary
file_2428,haze cloudy primary water
file_2429,haze cloudy primary
file_2430,clear primary
file_2431,clear partly_cloudy primary water
file_2432,haze cloudy primary
file_2433,clear primary agriculture
file_2434,clear primary water
file_2435,clear primary water
file_2436,clear primary agriculture road
file_2437,haze primary agriculture
file_2438,clear primary
file_2439,partly_cloudy primary
file_2440,clear primary water road selective_logging
file_2441,clear primary water
file_2442,clear primary water
file_2443,clear primary agriculture habitation road
file_2444,clear primary blooming
file_2445,clear primary agriculture habitation road
file_2446,partly_cloudy cloudy primary agriculture water
file_2447,clear primary
file_2448,clear haze primary agriculture water road
file_2449,clear agriculture bare_ground
file_2450,partly_cloudy primary agriculture water
file_2451,clear primary agriculture cultivation
file_2452,cloudy
file_2453,clear primary agriculture road
file_2454,clear primary agriculture cultivation
file_2455,clear primary
file_2456,clear primary
file_2457,clear primary agriculture habitation road
file_2458,clear primary
file_2459,partly_cloudy primary
file_2460,clear primary
file_2461,partly_cloudy primary agriculture cultivation
file_2462,clear primary agriculture habitation road
file_2463,clear primary
file_2464,clear primary agriculture
file_2465,clear primary
file_2466,partly_cloudy primary agriculture road
file_2467,clear primary agriculture water cultivation
file_2468,clear primary
file_2469,haze cloudy primary
file_2470,clear primary water road
file_2471,clear primary
file_2472,clear primary agriculture road
file_2473,clear primary agriculture water
file_2474,clear primary habitation road
file_2475,clear primary
file_2476,clear haze primary water
file_2477,haze cloudy primary
file_2478,clear primary agriculture water cultivation habitation road bare_ground artisinal_mine
file_2479,clear primary agriculture road
file_2480,clear primary agriculture cultivation
file_2481,clear primary agriculture water cultivation road
file_2482,partly_cloudy primary agriculture road
file_2483,haze primary agriculture
file_2484,clear primary agriculture habitation road
file_2485,clear primary
file_2486,clear primary
file_2487,haze primary
file_2488,clear primary
file_2489,clear primary
file_2490,partly_cloudy primary agriculture road
file_2491,clear primary
file_2492,partly_cloudy primary agriculture
file_2493,clear primary
file_2494,clear primary
file_2495,haze cloudy primary
file_2496,clear primary
file_2497,clear primary
file_2498,clear primary
file_2499,haze primary agriculture water road
file_2500,clear primary agriculture cultivation
file_2501,cloudy
file_2502,clear primary
file_2503,clear primary agriculture water habitation road
file_2504,clear primary water road
file_2505,clear primary
file_2506,partly_cloudy primary
file_2507,partly_cloudy cloudy
file_2508,clear primary
file_2509,clear primary agriculture cultivation habitation road
file_2510,clear primary
file_2511,clear partly_cloudy primary agriculture water
file_2512,clear primary agriculture cultivation
file_2513,clear primary agriculture
file_2514,clear primary agriculture habitation road
file_2515,clear primary
file_2516,clear primary
file_2517,clear primary
file_2518,clear primary
file_2519,clear haze primary water
file_2520,clear partly_cloudy primary agriculture cultivation
file_2521,partly_cloudy primary agriculture cultivation
file_2522,clear primary
file_2523,clear primary
file_2524,cloudy
file_2525,clear haze primary agriculture water cultivation
file_2526,clear primary agriculture water cultivation habitation
file_2527,clear primary
file_2528,clear primary agriculture road
file_2529,clear primary
file_2530,clear primary agriculture cultivation
file_2531,clear primary
file_2532,clear primary
file_2533,clear primary water road selective_logging
file_2534,partly_cloudy primary
file_2535,clear primary
file_2536,haze cloudy primary water
file_2537,haze cloudy primary
file_2538,clear primary agriculture cultivation
file_2539,clear primary water
file_2540,clear primary
file_2541,clear primary agriculture water cultivation
file_2542,clear primary
file_2543,cloudy
file_2544,clear primary
file_2545,clear primary agriculture cultivation
file_2546,clear primary
file_2547,clear primary
file_2548,clear partly_cloudy primary
file_2549,clear primary agriculture water cultivation
file_2550,clear haze primary agriculture water road
file_2551,clear primary
file_2552,clear partly_cloudy primary agriculture cultivation
file_2553,clear primary agriculture cultivation
file_2554,clear primary agriculture water road
file_2555,clear primary
file_2556,clear primary
file_2557,haze primary agriculture water
file_2558,partly_cloudy primary
file_2559,clear primary agriculture habitation road bare_ground
file_2560,haze partly_cloudy primary agriculture water
file_2561,clear primary
file_2562,clear primary
file_2563,partly_cloudy primary
file_2564,haze primary water road
file_2565,haze primary agriculture cultivation
file_2566,partly_cloudy cloudy primary
file_2567,clear primary
file_2568,clear primary water
file_2569,clear primary agriculture water
file_2570,partly_cloudy primary water
file_2571,clear primary
file_2572,clear primary agriculture road
file_2573,cloudy
file_2574,partly_cloudy primary
file_2575,clear primary
file_2576,clear primary agriculture cultivation
file_2577,clear primary
file_2578,clear primary
file_2579,clear primary
file_2580,clear primary agriculture water road bare_ground
file_2581,clear primary agriculture road
file_2582,partly_cloudy primary
file_2583,clear primary agriculture water road
file_2584,clear primary
file_2585,clear primary water
file_2586,clear primary
file_2587,partly_cloudy primary agriculture habitation road
file_2588,clear primary water
file_2589,clear primary
file_2590,clear primary
file_2591,partly_cloudy cloudy primary
file_2592,haze partly_cloudy primary
file_2593,clear primary water
file_2594,clear primary
file_2595,haze cloudy primary agriculture water
file_2596,clear primary
file_2597,clear primary
file_2598,clear primary
file_2599,clear primary agriculture habitation road
file_2600,clear partly_cloudy primary water
file_2601,clear primary
file_2602,clear primary agriculture
file_2603,clear primary water road selective_logging
file_2604,clear primary
file_2605,clear primary agriculture cultivation habitation road
file_2606,clear primary
file_2607,clear primary agriculture water habitation road
file_2608,clear primary agriculture water habitation
file_2609,clear primary
file_2610,partly_cloudy primary
file_2611,clear primary agriculture road
file_2612,clear cloudy water
file_2613,cloudy
file_2614,clear primary agriculture water road
file_2615,partly_cloudy primary
file_2616,clear primary agriculture habitation road
file_2617,partly_cloudy primary agriculture water cultivation
file_2618,haze primary
file_2619,clear cloudy water
file_2620,clear primary
file_2621,clear primary agriculture cultivation road
file_2622,clear haze primary
file_2623,cloudy
file_2624,clear primary agriculture habitation road
file_2625,clear primary
file_2626,clear haze primary
file_2627,clear primary agriculture cultivation
file_2628,partly_cloudy primary
file_2629,cloudy
file_2630,partly_cloudy primary agriculture cultivation
file_2631,partly_cloudy cloudy primary
file_2632,cloudy
file_2633,clear primary blooming
file_2634,clear primary
file_2635,clear primary agriculture water habitation road
file_2636,clear primary agriculture habitation road
file_2637,clear primary
file_2638,clear primary water
file_2639,clear primary
file_2640,partly_cloudy primary agriculture
file_2641,clear primary agriculture water
file_2642,clear primary agriculture water cultivation
file_2643,clear primary agriculture road
file_2644,clear partly_cloudy primary agriculture habitation road
file_2645,clear primary agriculture water road bare_ground
file_2646,partly_cloudy primary agriculture water road
file_2647,clear primary water
file_2648,clear primary agriculture cultivation road
file_2649,clear primary
file_2650,clear primary agriculture cultivation
file_2651,clear primary agriculture cultivation
file_2652,clear primary agriculture water road
file_2653,clear primary agriculture cultivation
file_2654,haze primary
file_2655,clear primary
file_2656,clear primary
file_2657,clear primary
file_2658,clear haze cloudy primary water
file_2659,clear primary agriculture cultivation habitation
file_2660,clear primary
file_2661,clear primary
file_2662,clear primary
file_2663,partly_cloudy primary agriculture water
file_2664,clear primary
file_2665,partly_cloudy primary
file_2666,clear primary agriculture water cultivation road
file_2667,clear primary agriculture cultivation habitation
file_2668,clear partly_cloudy primary agriculture cultivation
file_2669,clear primary
file_2670,haze primary
file_2671,clear primary agriculture cultivation
file_2672,haze primary
file_2673,clear primary water
file_2674,clear haze primary agriculture habitation road
file_2675,partly_cloudy cloudy primary
file_2676,clear primary
file_2677,clear primary agriculture habitation road
file_2678,clear primary
file_2679,clear primary
file_2680,clear primary
file_2681,clear primary
file_2682,clear partly_cloudy primary agriculture road bare_ground
file_2683,clear primary
file_2684,clear primary agriculture water cultivation road
file_2685,partly_cloudy primary agriculture road
file_2686,partly_cloudy primary
file_2687,clear primary
file_2688,clear primary agriculture water road
file_2689,clear partly_cloudy primary agriculture cultivation
file_2690,clear haze primary
file_2691,clear primary agriculture cultivation
file_2692,clear partly_cloudy primary agriculture water cultivation road
file_2693,clear primary
file_2694,clear primary agriculture
file_2695,clear primary agriculture cultivation habitation
file_2696,clear primary agriculture cultivation
file_2697,clear primary
file_2698,clear primary water bare_ground artisinal_mine
file_2699,clear primary
file_2700,cloudy
file_2701,haze cloudy primary
file_2702,clear partly_cloudy primary agriculture cultivation
file_2703,clear cloudy water
file_2704,clear primary
file_2705,clear primary water road bare_ground artisinal_mine
file_2706,clear primary
file_2707,clear primary agriculture habitation road
file_2708,clear primary
file_2709,clear primary
file_2710,haze cloudy primary
file_2711,clear primary water
file_2712,haze primary
file_2713,clear primary agriculture water cultivation habitation road
file_2714,clear primary agriculture road
file_2715,partly_cloudy primary agriculture cultivation
file_2716,haze cloudy primary
file_2717,clear primary agriculture cultivation habitation road
file_2718,clear haze primary
file_2719,clear primary agriculture cultivation habitation road
file_2720,partly_cloudy primary
file_2721,clear primary
file_2722,clear primary
file_2723,clear primary
file_2724,clear primary agriculture cultivation habitation
file_2725,clear haze primary agriculture water cultivation habitation road
file_2726,clear partly_cloudy primary water road
file_2727,haze primary
file_2728,clear primary agriculture water cultivation
file_2729,clear primary water
file_2730,clear primary agriculture water cultivation habitation
file_2731,haze cloudy primary
file_2732,clear primary
file_2733,clear primary
file_2734,clear primary agriculture cultivation
file_2735,clear primary water
file_2736,clear primary agriculture water habitation road artisinal_mine
file_2737,clear primary
file_2738,clear primary agriculture cultivation
file_2739,clear partly_cloudy primary
file_2740,clear primary
file_2741,clear primary agriculture water habitation road
file_2742,clear primary
file_2743,clear primary
file_2744,haze primary
file_2745,clear primary water
file_2746,clear primary
file_2747,clear primary
file_2748,clear primary agriculture cultivation road
file_2749,haze primary
file_2750,clear haze primary
file_2751,clear primary agriculture cultivation road
file_2752,partly_cloudy primary
file_2753,clear haze primary agriculture water road
file_2754,haze primary
file_2755,clear primary
file_2756,clear primary agriculture cultivation
file_2757,clear primary
file_2758,cloudy
file_2759,haze primary water
file_2760,clear primary agriculture
file_2761,cloudy
file_2762,clear primary agriculture cultivation
file_2763,clear primary
file_2764,partly_cloudy primary
file_2765,partly_cloudy cloudy primary water
file_2766,clear primary agriculture water bare_ground
file_2767,clear primary
file_2768,clear primary
file_2769,clear primary agriculture road
file_2770,clear primary agriculture water road
file_2771,clear primary
file_2772,clear primary agriculture cultivation habitation road
file_2773,clear haze primary agriculture water
file_2774,partly_cloudy primary
file_2775,clear primary agriculture cultivation
file_2776,clear primary agriculture cultivation habitation road
file_2777,clear primary agriculture cultivation road
file_2778,clear primary water
file_2779,clear primary
file_2780,clear haze primary
file_2781,clear primary agriculture cultivation habitation
file_2782,clear primary
file_2783,clear partly_cloudy primary agriculture water cultivation road
file_2784,clear primary
file_2785,clear partly_cloudy primary agriculture road
file_2786,clear primary
file_2787,partly_cloudy primary agriculture cultivation
file_2788,clear primary
file_2789,clear primary agriculture cultivation
file_2790,clear primary
file_2791,partly_cloudy primary
file_2792,clear primary agriculture
file_2793,clear primary agriculture water cultivation habitation road
file_2794,clear primary
file_2795,clear primary
file_2796,clear primary agriculture water road
file_2797,clear primary
file_2798,haze cloudy primary
file_2799,partly_cloudy primary agriculture
file_2800,clear primary water
file_2801,clear primary
file_2802,partly_cloudy primary
file_2803,clear primary
file_2804,clear primary agriculture habitation road
file_2805,clear partly_cloudy primary agriculture road
file_2806,clear primary
file_2807,partly_cloudy primary agriculture road
file_2808,clear primary
file_2809,clear primary agriculture water cultivation road
file_2810,partly_cloudy primary
file_2811,clear primary
file_2812,clear primary
file_2813,clear primary
file_2814,cloudy
file_2815,partly_cloudy primary
file_2816,clear primary agriculture water cultivation
file_2817,partly_cloudy primary
file_2818,cloudy
file_2819,clear primary
file_2820,haze primary
file_2821,haze cloudy primary
file_2822,partly_cloudy primary
file_2823,clear primary
file_2824,clear primary
file_2825,clear primary water
file_2826,clear primary agriculture cultivation habitation road
file_2827,haze partly_cloudy primary agriculture water cultivation habitation
file_2828,clear primary agriculture road
file_2829,clear primary agriculture habitation road
file_2830,clear primary agriculture road
file_2831,clear primary
file_2832,clear primary
file_2833,clear primary
file_2834,clear primary water road
file_2835,partly_cloudy primary water
file_2836,partly_cloudy cloudy primary
file_2837,clear primary agriculture cultivation
file_2838,clear primary
file_2839,partly_cloudy primary agriculture water
file_2840,clear primary
file_2841,clear primary
file_2842,clear primary agriculture water cultivation habitation
file_2843,clear primary
file_2844,clear primary
file_2845,clear primary
file_2846,clear primary
file_2847,clear primary habitation road
file_2848,clear haze primary
file_2849,clear primary agriculture habitation road bare_ground
file_2850,cloudy
file_2851,partly_cloudy primary
file_2852,partly_cloudy primary
file_2853,clear primary
file_2854,clear primary agriculture water cultivation road
file_2855,haze primary agriculture water habitation road
file_2856,clear primary agriculture water cultivation
file_2857,clear primary
file_2858,clear primary
file_2859,clear primary
file_2860,partly_cloudy primary agriculture road
file_2861,partly_cloudy primary
file_2862,clear primary agriculture
file_2863,clear primary
file_2864,partly_cloudy primary water
file_2865,clear primary
file_2866,clear primary
file_2867,partly_cloudy primary agriculture road
file_2868,clear partly_cloudy primary
file_2869,clear primary agriculture bare_ground
file_2870,clear primary
file_2871,clear primary blooming selective_logging
file_2872,clear primary cultivation
file_2873,clear primary
file_2874,clear primary agriculture habitation road
file_2875,clear primary water road
file_2876,clear primary agriculture
file_2877,clear primary
file_2878,partly_cloudy primary water
file_2879,clear primary agriculture road
file_2880,partly_cloudy primary
file_2881,haze partly_cloudy primary
file_2882,clear primary
file_2883,clear primary
file_2884,clear primary agriculture road
file_2885,clear partly_cloudy primary agriculture water cultivation
file_2886,clear primary habitation road
file_2887,clear primary water
file_2888,clear primary
file_2889,cloudy
file_2890,clear primary
file_2891,partly_cloudy primary
file_2892,clear primary
file_2893,partly_cloudy primary
file_2894,clear primary agriculture
file_2895,clear primary water road
file_2896,partly_cloudy primary
file_2897,clear primary agriculture cultivation
file_2898,clear primary agriculture cultivation road
file_2899,clear primary agriculture water cultivation
file_2900,partly_cloudy primary agriculture
file_2901,clear primary agriculture cultivation habitation road
file_2902,partly_cloudy primary agriculture water road
file_2903,partly_cloudy primary agriculture
file_2904,clear primary water
file_2905,clear primary
file_2906,clear primary water
file_2907,clear haze primary agriculture water cultivation habitation
file_2908,haze primary
file_2909,clear primary
file_2910,clear primary agriculture cultivation
file_2911,partly_cloudy primary
file_2912,clear primary
file_2913,clear primary agriculture road
file_2914,clear primary selective_logging
file_2915,clear haze primary agriculture water road
file_2916,partly_cloudy primary agriculture cultivation
file_2917,clear primary
file_2918,clear partly_cloudy primary agriculture habitation road
file_2919,clear haze primary agriculture water road
file_2920,partly_cloudy primary
file_2921,partly_cloudy primary agriculture habitation road
file_2922,clear primary
file_2923,clear primary
file_2924,partly_cloudy primary
file_2925,clear primary
file_2926,partly_cloudy cloudy primary
file_2927,clear primary
file_2928,clear primary
file_2929,clear primary agriculture bare_ground
file_2930,clear partly_cloudy primary
file_2931,clear primary
file_2932,clear primary water habitation road
file_2933,partly_cloudy primary water
file_2934,haze primary water
file_2935,clear primary agriculture cultivation
file_2936,haze cloudy
file_2937,clear primary agriculture cultivation
file_2938,clear primary agriculture road
file_2939,partly_cloudy primary
file_2940,clear primary
file_2941,partly_cloudy primary
file_2942,clear primary agriculture water habitation
file_2943,haze cloudy primary
file_2944,clear primary water road
file_2945,haze primary
file_2946,clear cloudy primary water
file_2947,clear primary agriculture cultivation
file_2948,clear primary agriculture water
file_2949,clear primary agriculture road
file_2950,clear primary
file_2951,clear primary
file_2952,clear partly_cloudy primary agriculture road
file_2953,clear primary
file_2954,clear primary
file_2955,partly_cloudy primary
file_2956,clear primary agriculture cultivation habitation road
file_2957,partly_cloudy primary agriculture water
file_2958,clear primary agriculture cultivation
file_2959,clear partly_cloudy primary agriculture water
file_2960,clear primary agriculture habitation road bare_ground
file_2961,clear primary agriculture cultivation habitation road
file_2962,clear primary
file_2963,partly_cloudy primary
file_2964,partly_cloudy primary
file_2965,partly_cloudy primary agriculture cultivation habitation road
file_2966,clear primary
file_2967,partly_cloudy primary water road
file_2968,partly_cloudy primary agriculture road
file_2969,clear primary
file_2970,clear primary
file_2971,clear primary water road
file_2972,clear primary agriculture road
file_2973,clear primary
file_2974,clear primary
file_2975,clear primary agriculture cultivation
file_2976,clear primary agriculture
file_2977,clear primary water road
file_2978,clear primary
file_2979,clear partly_cloudy primary
file_2980,clear primary agriculture water habitation road
file_2981,clear primary
file_2982,clear primary
file_2983,clear primary
file_2984,clear primary agriculture cultivation
file_2985,partly_cloudy primary water
file_2986,partly_cloudy primary agriculture cultivation
file_2987,clear primary agriculture habitation road
file_2988,clear primary agriculture cultivation
file_2989,clear primary agriculture water cultivation
file_2990,clear primary
file_2991,partly_cloudy primary agriculture cultivation
file_2992,clear primary agriculture cultivation road
file_2993,clear primary
file_2994,clear primary
file_2995,clear primary agriculture cultivation
file_2996,clear primary agriculture habitation bare_ground
file_2997,haze primary water
file_2998,clear primary water
file_2999,clear primary water
file_3000,clear primary
file_3001,clear haze primary agriculture habitation road
file_3002,clear primary agriculture water cultivation
file_3003,clear primary
file_3004,clear haze primary
file_3005,clear primary water road
file_3006,clear primary
file_3007,cloudy
file_3008,partly_cloudy primary
file_3009,cloudy
file_3010,clear primary
file_3011,partly_cloudy primary
file_3012,clear primary
file_3013,clear primary water
file_3014,clear primary
file_3015,clear primary agriculture cultivation
file_3016,clear primary
file_3017,cloudy
file_3018,clear primary agriculture habitation road
file_3019,clear primary
file_3020,partly_cloudy primary agriculture cultivation
file_3021,clear primary
file_3022,clear primary
file_3023,clear primary
file_3024,clear primary
file_3025,clear primary
file_3026,clear primary agriculture road bare_ground
file_3027,clear primary
file_3028,haze cloudy primary
file_3029,clear primary agriculture water cultivation habitation
file_3030,clear primary
file_3031,clear haze primary
file_3032,clear primary agriculture cultivation road
file_3033,clear primary
file_3034,partly_cloudy primary
file_3035,clear primary agriculture road
file_3036,clear primary agriculture cultivation
file_3037,clear primary
file_3038,clear primary agriculture road
file_3039,partly_cloudy primary
file_3040,clear haze cloudy primary water
file_3041,clear partly_cloudy primary agriculture road
file_3042,clear primary
file_3043,clear primary
file_3044,cloudy
file_3045,clear haze primary
file_3046,clear primary
file_3047,clear primary
file_3048,clear primary agriculture road bare_ground
file_3049,partly_cloudy primary agriculture
file_3050,clear primary
file_3051,haze primary
file_3052,partly_cloudy primary agriculture road
file_3053,cloudy
file_3054,clear primary agriculture water bare_ground
file_3055,clear primary
file_3056,clear primary agriculture road
file_3057,clear primary agriculture cultivation
file_3058,partly_cloudy primary agriculture habitation road
file_3059,partly_cloudy primary agriculture road
file_3060,partly_cloudy primary agriculture road
file_3061,partly_cloudy primary agriculture cultivation
file_3062,clear primary agriculture habitation road
file_3063,cloudy
file_3064,clear primary
file_3065,clear primary
file_3066,clear haze primary
file_3067,clear primary
file_3068,clear primary
file_3069,clear primary
file_3070,clear cloudy water
file_3071,partly_cloudy primary
file_3072,partly_cloudy primary agriculture water
file_3073,clear primary agriculture water road conventional_mine bare_ground artisinal_mine
file_3074,clear primary
file_3075,clear primary
file_3076,clear primary
file_3077,clear primary
file_3078,clear partly_cloudy primary
file_3079,clear primary
file_3080,partly_cloudy primary
file_3081,clear primary water
file_3082,clear primary water
file_3083,clear primary agriculture cultivation
file_3084,clear primary
file_3085,clear primary agriculture water cultivation
file_3086,partly_cloudy primary
file_3087,clear primary
file_3088,clear partly_cloudy primary agriculture water
file_3089,clear primary
file_3090,clear primary agriculture cultivation
file_3091,cloudy
file_3092,clear primary
file_3093,partly_cloudy primary agriculture road
file_3094,haze cloudy primary
file_3095,clear primary agriculture cultivation
file_3096,clear haze primary agriculture water road
file_3097,clear primary agriculture water cultivation
file_3098,clear primary agriculture habitation road
file_3099,clear primary water road
file_3100,clear primary agriculture cultivation
file_3101,clear primary water
file_3102,clear primary water
file_3103,clear primary agriculture cultivation
file_3104,clear primary agriculture road
file_3105,haze primary agriculture water road
file_3106,clear primary
file_3107,clear primary
file_3108,clear primary
file_3109,partly_cloudy cloudy primary
file_3110,clear primary agriculture cultivation
file_3111,clear primary
file_3112,clear primary road blooming selective_logging
file_3113,clear primary agriculture road
file_3114,cloudy
file_3115,clear primary
file_3116,clear primary agriculture cultivation
file_3117,haze partly_cloudy primary agriculture
file_3118,clear primary
file_3119,partly_cloudy cloudy primary
file_3120,clear primary
file_3121,partly_cloudy primary agriculture water cultivation
file_3122,clear primary agriculture road bare_ground
file_3123,clear primary water road
file_3124,clear primary water
file_3125,partly_cloudy primary agriculture road
file_3126,clear primary
file_3127,clear primary
file_3128,cloudy
file_3129,clear partly_cloudy primary agriculture
file_3130,clear primary
file_3131,clear primary
file_3132,clear partly_cloudy primary agriculture cultivation road
file_3133,clear primary blooming
file_3134,partly_cloudy primary agriculture road
file_3135,partly_cloudy primary agriculture cultivation
file_3136,clear primary agriculture cultivation
file_3137,clear primary
file_3138,clear primary agriculture cultivation
file_3139,clear primary agriculture water cultivation
file_3140,cloudy
file_3141,partly_cloudy primary
file_3142,clear primary
file_3143,clear primary
file_3144,cloudy
file_3145,partly_cloudy primary agriculture water
file_3146,clear primary agriculture bare_ground
file_3147,clear primary agriculture cultivation
file_3148,clear primary agriculture water cultivation
file_3149,clear primary agriculture road
file_3150,clear primary agriculture road
file_3151,clear primary
file_3152,haze primary
file_3153,partly_cloudy primary
file_3154,clear primary
file_3155,clear primary agriculture habitation road
file_3156,haze primary agriculture cultivation
file_3157,clear primary agriculture water cultivation
file_3158,clear primary
file_3159,clear primary agriculture water cultivation habitation road
file_3160,clear primary
file_3161,clear primary
file_3162,clear primary
file_3163,haze cloudy
file_3164,clear primary
file_3165,partly_cloudy primary
file_3166,clear primary agriculture habitation road
file_3167,clear primary agriculture habitation road bare_ground
file_3168,clear primary agriculture water
file_3169,clear primary
file_3170,clear primary agriculture habitation road
file_3171,clear primary water
file_3172,clear primary
file_3173,partly_cloudy primary agriculture cultivation
file_3174,clear primary
file_3175,clear primary
file_3176,clear primary agriculture water road
file_3177,clear primary water
file_3178,clear primary agriculture road
file_3179,clear primary
file_3180,clear primary
file_3181,clear primary agriculture habitation road
file_3182,clear primary blooming selective_logging
file_3183,partly_cloudy cloudy primary agriculture
file_3184,clear primary agriculture water habitation road
file_3185,partly_cloudy primary
file_3186,clear primary agriculture cultivation
file_3187,clear primary
file_3188,clear primary agriculture water cultivation habitation road
file_3189,clear primary agriculture road
file_3190,partly_cloudy primary
file_3191,clear partly_cloudy primary agriculture cultivation habitation
file_3192,clear partly_cloudy primary
file_3193,clear primary
file_3194,clear primary
file_3195,clear primary agriculture water
file_3196,clear primary water
file_3197,clear primary agriculture road
file_3198,clear partly_cloudy primary agriculture cultivation habitation road
file_3199,clear primary
file_3200,partly_cloudy primary
file_3201,clear primary
file_3202,partly_cloudy cloudy primary
file_3203,clear primary
file_3204,partly_cloudy primary
file_3205,clear primary water
file_3206,clear primary
file_3207,clear primary water
file_3208,clear primary
file_3209,haze cloudy primary agriculture water
file_3210,clear primary
file_3211,partly_cloudy primary
file_3212,clear primary agriculture cultivation habitation road
file_3213,clear primary
file_3214,clear primary agriculture water cultivation
file_3215,clear primary agriculture bare_ground
file_3216,clear primary agriculture road
file_3217,cloudy
file_3218,clear primary
file_3219,clear primary
file_3220,clear primary
file_3221,clear primary water habitation road conventional_mine bare_ground artisinal_mine
file_3222,partly_cloudy primary agriculture habitation road
file_3223,clear primary
file_3224,clear haze primary agriculture water road
file_3225,clear primary agriculture habitation road
file_3226,clear primary water habitation road
file_3227,clear primary road selective_logging
file_3228,clear haze primary
file_3229,clear primary
file_3230,clear primary agriculture water cultivation habitation
file_3231,clear primary agriculture cultivation habitation road
file_3232,cloudy
file_3233,clear partly_cloudy primary agriculture
file_3234,partly_cloudy cloudy primary
file_3235,clear primary agriculture water cultivation
file_3236,clear primary agriculture cultivation habitation road
file_3237,clear partly_cloudy primary
file_3238,partly_cloudy primary
file_3239,cloudy
file_3240,clear primary
file_3241,clear haze primary water
file_3242,haze primary
file_3243,clear primary agriculture habitation road
file_3244,partly_cloudy primary
file_3245,clear primary agriculture cultivation
file_3246,clear primary water artisinal_mine
file_3247,cloudy
file_3248,clear primary water
file_3249,clear primary agriculture cultivation
file_3250,cloudy
file_3251,clear primary
file_3252,clear primary agriculture water road
file_3253,clear primary
file_3254,clear primary agriculture water
file_3255,clear primary
file_3256,clear primary agriculture road
file_3257,clear primary agriculture road
file_3258,partly_cloudy primary
file_3259,clear primary
file_3260,clear primary agriculture road
file_3261,clear primary
file_3262,clear primary habitation road
file_3263,clear haze primary
file_3264,clear primary
file_3265,clear primary habitation road
file_3266,clear primary water road
file_3267,clear primary agriculture cultivation
file_3268,clear haze primary water road
file_3269,clear primary water road selective_logging
file_3270,partly_cloudy primary agriculture cultivation habitation road
file_3271,clear primary water
file_3272,partly_cloudy primary
file_3273,clear cloudy primary water
file_3274,partly_cloudy primary agriculture cultivation road
file_3275,clear primary agriculture water
file_3276,clear primary
file_3277,clear partly_cloudy primary
file_3278,clear primary agriculture water cultivation
file_3279,clear primary agriculture cultivation
file_3280,partly_cloudy primary agriculture
file_3281,clear primary
file_3282,partly_cloudy primary
file_3283,clear primary agriculture habitation road bare_ground
file_3284,clear primary
file_3285,clear haze primary agriculture water habitation road
file_3286,clear primary
file_3287,clear primary agriculture bare_ground
file_3288,clear primary agriculture
file_3289,clear primary
file_3290,clear primary water
file_3291,clear primary water
file_3292,haze cloudy
file_3293,partly_cloudy cloudy
file_3294,clear primary
file_3295,clear primary
file_3296,partly_cloudy primary
file_3297,partly_cloudy primary
file_3298,clear primary
file_3299,clear primary
file_3300,clear primary agriculture water habitation road
file_3301,clear primary
file_3302,clear primary
file_3303,clear primary agriculture cultivation
file_3304,clear primary agriculture habitation road
file_3305,clear primary agriculture water
file_3306,clear primary
file_3307,clear primary water road blooming selective_logging
file_3308,clear primary agriculture habitation road
file_3309,clear primary water
file_3310,clear primary agriculture water cultivation
file_3311,haze primary agriculture water
file_3312,clear primary agriculture water cultivation
file_3313,clear primary
file_3314,partly_cloudy primary
file_3315,clear primary
file_3316,clear primary
file_3317,clear primary water
file_3318,cloudy
file_3319,clear primary
file_3320,clear primary agriculture road
file_3321,clear primary water
file_3322,clear primary agriculture road
file_3323,clear primary cultivation
file_3324,haze primary
file_3325,clear haze primary water road
file_3326,clear primary agriculture water cultivation road
file_3327,clear primary agriculture cultivation
file_3328,partly_cloudy primary
file_3329,clear primary
file_3330,clear primary agriculture habitation road
file_3331,clear primary agriculture water road
file_3332,clear primary
file_3333,clear primary
file_3334,clear primary
file_3335,clear partly_cloudy primary
file_3336,clear primary agriculture habitation road
file_3337,partly_cloudy primary
file_3338,clear primary water
file_3339,clear primary water bare_ground artisinal_mine
file_3340,haze primary
file_3341,partly_cloudy primary
file_3342,cloudy
file_3343,clear primary
file_3344,partly_cloudy primary agriculture cultivation road
file_3345,clear primary
file_3346,clear primary agriculture cultivation
file_3347,partly_cloudy primary agriculture cultivation
file_3348,clear primary
file_3349,haze primary water
file_3350,clear partly_cloudy primary agriculture water cultivation habitation road
file_3351,clear primary agriculture cultivation habitation road
file_3352,clear primary
file_3353,clear primary agriculture habitation road
file_3354,clear primary agriculture
file_3355,clear primary agriculture water cultivation road
file_3356,partly_cloudy primary
file_3357,clear primary
file_3358,haze cloudy primary
file_3359,clear primary
file_3360,clear primary agriculture habitation road
file_3361,partly_cloudy primary agriculture cultivation habitation
file_3362,cloudy
file_3363,clear primary water
file_3364,partly_cloudy primary agriculture cultivation
file_3365,clear primary
file_3366,partly_cloudy primary
file_3367,clear primary agriculture habitation road
file_3368,partly_cloudy primary agriculture road
file_3369,clear partly_cloudy primary agriculture cultivation
file_3370,clear cloudy primary water
file_3371,clear primary agriculture habitation road
file_3372,partly_cloudy primary
file_3373,cloudy
file_3374,clear primary
file_3375,clear partly_cloudy primary agriculture water
file_3376,clear primary
file_3377,clear primary agriculture road bare_ground
file_3378,clear primary agriculture habitation road
file_3379,partly_cloudy primary agriculture
file_3380,partly_cloudy primary water
file_3381,haze primary
file_3382,clear primary
file_3383,clear primary
file_3384,clear primary water
file_3385,clear primary agriculture cultivation habitation road
file_3386,partly_cloudy primary
file_3387,clear primary agriculture habitation road
file_3388,clear primary agriculture road
file_3389,clear primary
file_3390,clear primary
file_3391,clear primary
file_3392,clear haze partly_cloudy primary agriculture water cultivation
file_3393,clear primary agriculture habitation road
file_3394,clear primary
file_3395,clear primary
file_3396,clear primary
file_3397,cloudy
file_3398,clear partly_cloudy primary agriculture cultivation
file_3399,clear primary
file_3400,clear primary
file_3401,clear primary
file_3402,clear primary water road
file_3403,clear primary blooming
file_3404,clear primary
file_3405,clear primary
file_3406,clear primary water bare_ground artisinal_mine
file_3407,clear primary water road artisinal_mine selective_logging
file_3408,clear primary agriculture
file_3409,partly_cloudy primary agriculture
file_3410,partly_cloudy primary agriculture water habitation road
file_3411,clear primary
file_3412,partly_cloudy primary
file_3413,clear primary blooming
file_3414,partly_cloudy primary agriculture road
file_3415,clear primary agriculture water road
file_3416,clear primary
file_3417,clear primary agriculture water cultivation habitation
file_3418,clear primary agriculture cultivation
file_3419,clear agriculture water bare_ground
file_3420,clear primary agriculture water bare_ground
file_3421,clear primary
file_3422,clear primary water road
file_3423,clear primary
file_3424,clear primary
file_3425,clear primary blooming
file_3426,clear primary
file_3427,partly_cloudy primary agriculture cultivation
file_3428,clear primary agriculture road
file_3429,clear primary
file_3430,clear primary agriculture road
file_3431,partly_cloudy primary
file_3432,clear primary
file_3433,clear primary
file_3434,partly_cloudy primary
file_3435,clear primary agriculture road
file_3436,haze primary water
file_3437,partly_cloudy primary
file_3438,clear primary
file_3439,clear primary
file_3440,clear primary agriculture road bare_ground
file_3441,clear primary agriculture
file_3442,clear cloudy water
file_3443,clear primary water
file_3444,clear primary
file_3445,haze cloudy primary
file_3446,clear primary
file_3447,clear partly_cloudy primary water
file_3448,clear primary water
file_3449,clear primary
file_3450,clear primary
file_3451,clear primary
file_3452,clear primary agriculture cultivation
file_3453,clear primary agriculture water
file_3454,clear primary
file_3455,haze partly_cloudy primary agriculture water road
file_3456,cloudy
file_3457,partly_cloudy cloudy primary
file_3458,partly_cloudy primary agriculture water cultivation
file_3459,clear primary
file_3460,clear primary water
file_3461,clear primary agriculture habitation road
file_3462,clear haze primary agriculture
file_3463,clear primary water road
file_3464,clear primary water road
file_3465,partly_cloudy primary agriculture cultivation
file_3466,clear primary agriculture bare_ground
file_3467,clear primary water
file_3468,clear primary
file_3469,clear primary
file_3470,clear primary
file_3471,clear primary agriculture cultivation bare_ground
file_3472,clear primary agriculture habitation road
file_3473,haze partly_cloudy primary agriculture water road
file_3474,clear primary
file_3475,clear haze primary
file_3476,clear primary
file_3477,clear primary
file_3478,clear primary
file_3479,clear partly_cloudy primary agriculture cultivation
file_3480,partly_cloudy primary agriculture cultivation road
file_3481,haze cloudy primary
file_3482,partly_cloudy primary agriculture water road
file_3483,clear primary agriculture
file_3484,clear primary agriculture road
file_3485,haze cloudy
file_3486,clear primary
file_3487,clear primary
file_3488,partly_cloudy primary
file_3489,clear primary cultivation
file_3490,clear primary
file_3491,cloudy
file_3492,clear primary agriculture cultivation road
file_3493,clear primary water
file_3494,clear haze primary agriculture road
file_3495,clear primary
file_3496,clear primary agriculture water road
file_3497,clear primary
file_3498,clear primary agriculture water cultivation
file_3499,clear haze primary
file_3500,clear primary
file_3501,partly_cloudy primary
file_3502,clear primary
file_3503,cloudy
file_3504,clear primary agriculture habitation road
file_3505,clear primary
file_3506,clear primary road
file_3507,clear primary agriculture water cultivation road
file_3508,clear primary
file_3509,haze primary water
file_3510,haze primary
file_3511,clear primary agriculture water
file_3512,haze cloudy primary
file_3513,clear primary agriculture cultivation habitation road
file_3514,clear primary
file_3515,partly_cloudy primary
file_3516,clear primary water road
file_3517,clear primary agriculture
file_3518,clear primary
file_3519,clear primary agriculture road
file_3520,partly_cloudy cloudy primary
file_3521,clear primary agriculture
file_3522,clear primary
file_3523,haze primary water
file_3524,clear primary agriculture road
file_3525,clear primary agriculture water cultivation
file_3526,clear primary
file_3527,clear primary
file_3528,clear primary agriculture water road
file_3529,clear primary agriculture water habitation road
file_3530,clear primary agriculture water cultivation habitation road
file_3531,clear haze primary
file_3532,clear primary
file_3533,clear primary
file_3534,clear primary
file_3535,partly_cloudy primary agriculture road
file_3536,partly_cloudy primary
file_3537,clear primary agriculture water cultivation
file_3538,clear primary agriculture cultivation
file_3539,clear primary
file_3540,clear primary
file_3541,clear primary
file_3542,clear primary agriculture habitation road
file_3543,clear primary agriculture water cultivation habitation road
file_3544,partly_cloudy primary
file_3545,partly_cloudy primary agriculture habitation road
file_3546,clear primary agriculture cultivation habitation road
file_3547,clear primary
file_3548,clear primary
file_3549,clear primary agriculture water
file_3550,haze cloudy primary
file_3551,clear primary agriculture habitation road
file_3552,haze primary
file_3553,clear haze primary agriculture water
file_3554,clear primary
file_3555,haze cloudy primary
file_3556,haze partly_cloudy primary
file_3557,clear primary agriculture water
file_3558,cloudy
file_3559,partly_cloudy primary agriculture habitation road
file_3560,clear haze primary
file_3561,clear primary
file_3562,clear primary agriculture habitation road
file_3563,clear primary water road selective_logging
file_3564,clear primary
file_3565,partly_cloudy primary
file_3566,clear primary
file_3567,partly_cloudy primary agriculture road
file_3568,clear primary agriculture water
file_3569,clear primary
file_3570,partly_cloudy primary
file_3571,clear primary
file_3572,haze cloudy
file_3573,clear primary
file_3574,clear primary agriculture road
file_3575,clear primary agriculture
file_3576,partly_cloudy primary
file_3577,partly_cloudy primary agriculture water cultivation habitation road
file_3578,clear primary agriculture cultivation
file_3579,clear primary
file_3580,clear primary
file_3581,clear primary water
file_3582,clear primary agriculture cultivation
file_3583,clear primary water road
file_3584,clear primary
file_3585,clear primary
file_3586,clear primary agriculture water cultivation road
file_3587,clear primary
file_3588,haze cloudy primary
file_3589,clear primary agriculture habitation road
file_3590,clear primary
file_3591,clear primary
file_3592,clear primary agriculture water cultivation
file_3593,clear primary
file_3594,clear primary agriculture cultivation
file_3595,clear primary agriculture cultivation
file_3596,clear primary agriculture road
file_3597,clear primary
file_3598,clear primary agriculture road
file_3599,partly_cloudy primary
file_3600,partly_cloudy primary
file_3601,clear partly_cloudy primary agriculture water road
file_3602,clear primary agriculture cultivation habitation
file_3603,clear primary agriculture cultivation habitation
file_3604,clear primary agriculture water habitation road
file_3605,clear primary water
file_3606,clear primary
file_3607,clear partly_cloudy primary agriculture habitation road
file_3608,clear primary
file_3609,partly_cloudy primary
file_3610,clear primary blooming
file_3611,clear primary agriculture water cultivation road
file_3612,partly_cloudy primary agriculture road
file_3613,clear primary
file_3614,clear primary agriculture water habitation road
file_3615,clear partly_cloudy primary agriculture road
file_3616,clear primary agriculture cultivation road
file_3617,clear primary agriculture cultivation road
file_3618,clear primary agriculture road
file_3619,clear primary
file_3620,clear primary water
file_3621,clear primary
file_3622,clear primary agriculture road
file_3623,clear primary agriculture habitation road
file_3624,clear primary
file_3625,clear primary
file_3626,clear primary
file_3627,clear primary
file_3628,clear primary
file_3629,clear primary agriculture habitation road
file_3630,clear primary agriculture
file_3631,clear primary
file_3632,clear primary agriculture road
file_3633,clear primary
file_3634,haze cloudy primary
file_3635,clear primary agriculture water habitation road
file_3636,clear primary
file_3637,clear primary
file_3638,clear primary agriculture water habitation road
file_3639,clear primary
file_3640,clear primary agriculture cultivation
file_3641,partly_cloudy primary agriculture habitation road
file_3642,clear primary
file_3643,clear primary
file_3644,clear primary agriculture water cultivation road
file_3645,clear primary
file_3646,clear primary
file_3647,clear primary water
file_3648,cloudy
file_3649,partly_cloudy cloudy primary
file_3650,clear primary
file_3651,clear primary agriculture water road
file_3652,partly_cloudy primary
file_3653,partly_cloudy primary agriculture water cultivation habitation
file_3654,clear primary
file_3655,clear primary
file_3656,clear primary
file_3657,clear primary
file_3658,clear haze primary agriculture water
file_3659,clear primary agriculture cultivation habitation road
file_3660,partly_cloudy primary agriculture road
file_3661,partly_cloudy primary agriculture road
file_3662,partly_cloudy primary
file_3663,clear partly_cloudy primary
file_3664,clear primary
file_3665,partly_cloudy primary
file_3666,clear primary
file_3667,partly_cloudy primary agriculture road
file_3668,clear primary agriculture habitation road
file_3669,clear primary
file_3670,clear primary agriculture road
file_3671,clear primary water
file_3672,partly_cloudy primary
file_3673,clear primary agriculture road
file_3674,haze primary agriculture water road
file_3675,cloudy
file_3676,clear haze primary agriculture road
file_3677,clear primary
file_3678,clear primary
file_3679,clear primary
file_3680,clear primary
file_3681,clear primary agriculture cultivation
file_3682,clear primary
file_3683,clear primary
file_3684,clear primary
file_3685,clear primary agriculture cultivation habitation road
file_3686,haze cloudy
file_3687,partly_cloudy primary
file_3688,partly_cloudy primary agriculture water road
file_3689,partly_cloudy primary
file_3690,clear primary
file_3691,clear primary
file_3692,partly_cloudy primary agriculture cultivation
file_3693,clear primary agriculture
file_3694,haze primary
file_3695,haze primary
file_3696,cloudy
file_3697,clear primary agriculture water road
file_3698,clear primary agriculture cultivation
file_3699,clear primary agriculture cultivation habitation road
file_3700,clear partly_cloudy primary agriculture
file_3701,haze primary water
file_3702,clear primary
file_3703,clear primary
file_3704,clear primary agriculture cultivation
file_3705,clear primary agriculture cultivation
file_3706,clear primary agriculture water cultivation
file_3707,partly_cloudy primary agriculture water cultivation road
file_3708,clear primary
file_3709,clear partly_cloudy primary
file_3710,clear primary agriculture water road
file_3711,clear primary agriculture habitation road
file_3712,clear primary water road selective_logging
file_3713,clear primary
file_3714,clear primary
file_3715,clear haze primary
file_3716,clear primary
file_3717,clear primary agriculture habitation road
file_3718,clear primary water
file_3719,clear primary agriculture water bare_ground
file_3720,partly_cloudy primary agriculture water
file_3721,clear haze primary
file_3722,clear primary agriculture water road
file_3723,partly_cloudy primary
file_3724,clear primary
file_3725,clear primary
file_3726,clear primary
file_3727,clear primary
file_3728,partly_cloudy primary agriculture water road
file_3729,clear cloudy primary water
file_3730,haze cloudy primary
file_3731,haze partly_cloudy primary
file_3732,clear haze primary
file_3733,partly_cloudy primary agriculture water cultivation
file_3734,partly_cloudy primary agriculture road
file_3735,clear primary
file_3736,partly_cloudy primary
file_3737,clear primary agriculture habitation road
file_3738,clear primary habitation road
file_3739,clear partly_cloudy primary agriculture habitation road
file_3740,partly_cloudy primary
file_3741,partly_cloudy primary
file_3742,clear haze primary
file_3743,clear primary agriculture cultivation habitation
file_3744,partly_cloudy primary
file_3745,partly_cloudy primary
file_3746,clear primary agriculture habitation road
file_3747,clear primary
file_3748,clear primary agriculture water cultivation habitation road
file_3749,clear primary agriculture water cultivation habitation
file_3750,clear primary agriculture water
file_3751,clear cloudy water
file_3752,clear primary
file_3753,clear primary
file_3754,partly_cloudy primary
file_3755,clear primary agriculture water
file_3756,clear primary water artisinal_mine
file_3757,clear primary
file_3758,clear primary
file_3759,partly_cloudy primary
file_3760,clear primary
file_3761,partly_cloudy cloudy
file_3762,partly_cloudy primary agriculture water
file_3763,partly_cloudy primary agriculture water cultivation
file_3764,clear primary agriculture cultivation
file_3765,clear haze primary agriculture water cultivation
file_3766,partly_cloudy primary
file_3767,haze primary
file_3768,clear haze primary agriculture habitation road
file_3769,clear cloudy primary water
file_3770,clear haze primary
file_3771,clear primary agriculture habitation road
file_3772,clear primary
file_3773,partly_cloudy primary agriculture road
file_3774,clear partly_cloudy primary agriculture water
file_3775,partly_cloudy cloudy
file_3776,clear primary blooming selective_logging
file_3777,partly_cloudy primary agriculture water
file_3778,partly_cloudy primary
file_3779,haze primary agriculture water
file_3780,cloudy
file_3781,clear partly_cloudy primary agriculture water habitation road
file_3782,cloudy
file_3783,clear primary agriculture water cultivation habitation road
file_3784,clear primary
file_3785,clear primary
file_3786,clear primary
file_3787,clear primary agriculture water cultivation
file_3788,partly_cloudy primary
file_3789,clear primary
file_3790,partly_cloudy primary
file_3791,clear primary agriculture road
file_3792,clear haze primary agriculture
file_3793,clear primary agriculture cultivation habitation road
file_3794,partly_cloudy primary agriculture cultivation
file_3795,clear primary agriculture water road
file_3796,clear primary agriculture cultivation habitation road
file_3797,clear primary water
file_3798,haze primary
file_3799,partly_cloudy primary
file_3800,clear primary agriculture cultivation habitation road
file_3801,partly_cloudy primary
file_3802,clear primary water
file_3803,clear primary agriculture cultivation
file_3804,clear primary agriculture cultivation
file_3805,clear primary
file_3806,clear cloudy primary water
file_3807,clear primary water road selective_logging
file_3808,haze cloudy primary
file_3809,clear primary water bare_ground artisinal_mine
file_3810,clear primary
file_3811,clear primary
file_3812,partly_cloudy primary
file_3813,cloudy
file_3814,clear primary
file_3815,clear primary
file_3816,clear primary
file_3817,partly_cloudy primary
file_3818,clear primary
file_3819,clear primary agriculture cultivation
file_3820,haze primary
file_3821,haze partly_cloudy primary
file_3822,partly_cloudy primary agriculture cultivation habitation road
file_3823,clear primary
file_3824,clear partly_cloudy primary
file_3825,clear primary agriculture water cultivation
file_3826,clear primary
file_3827,clear primary
file_3828,clear primary
file_3829,clear primary
file_3830,clear primary
file_3831,clear primary
file_3832,clear primary
file_3833,clear primary agriculture water cultivation
file_3834,cloudy
file_3835,haze primary
file_3836,clear haze primary agriculture cultivation
file_3837,clear primary
file_3838,clear primary water
file_3839,clear primary
file_3840,partly_cloudy cloudy
file_3841,haze cloudy primary water
file_3842,partly_cloudy primary water road
file_3843,clear primary
file_3844,clear primary agriculture road
file_3845,clear primary
file_3846,clear primary
file_3847,partly_cloudy primary
file_3848,clear cloudy water
file_3849,haze primary
file_3850,clear primary agriculture cultivation road
file_3851,clear partly_cloudy primary agriculture cultivation habitation road
file_3852,clear primary
file_3853,partly_cloudy primary
file_3854,clear primary
file_3855,clear primary
file_3856,clear primary agriculture water
file_3857,haze primary agriculture water
file_3858,clear primary agriculture water cultivation
file_3859,clear primary agriculture cultivation habitation road
file_3860,clear primary agriculture cultivation habitation road
file_3861,haze cloudy primary
file_3862,clear primary agriculture water cultivation
file_3863,clear haze primary agriculture water cultivation habitation road
file_3864,clear primary blooming
file_3865,clear primary agriculture water road
file_3866,partly_cloudy primary
file_3867,clear primary
file_3868,clear primary
file_3869,clear cloudy water
file_3870,clear haze primary agriculture cultivation
file_3871,clear haze primary
file_3872,partly_cloudy primary
file_3873,clear primary
file_3874,clear primary
file_3875,clear primary
file_3876,clear primary
file_3877,clear partly_cloudy primary
file_3878,clear haze primary agriculture water road
file_3879,clear primary
file_3880,clear cloudy water
file_3881,haze primary agriculture water road
file_3882,clear primary
file_3883,haze primary water
file_3884,partly_cloudy primary agriculture road
file_3885,clear primary
file_3886,clear primary water
file_3887,clear primary
file_3888,clear primary agriculture cultivation road
file_3889,clear primary agriculture habitation road
file_3890,clear primary
file_3891,clear primary agriculture cultivation
file_3892,partly_cloudy primary water
file_3893,haze cloudy primary water
file_3894,clear primary
file_3895,partly_cloudy primary
file_3896,clear primary
file_3897,clear primary water road
file_3898,clear haze primary agriculture cultivation
file_3899,clear primary agriculture road
file_3900,partly_cloudy primary
file_3901,clear primary
file_3902,clear primary
file_3903,clear primary agriculture cultivation
file_3904,haze primary
file_3905,clear primary
file_3906,partly_cloudy primary
file_3907,partly_cloudy primary water
file_3908,clear primary agriculture cultivation habitation road
file_3909,clear primary water
file_3910,partly_cloudy primary agriculture habitation road
file_3911,clear primary
file_3912,partly_cloudy primary agriculture
file_3913,clear primary water
file_3914,clear partly_cloudy primary agriculture habitation road
file_3915,clear primary
file_3916,clear primary
file_3917,clear partly_cloudy primary
file_3918,clear primary agriculture habitation road
file_3919,clear primary blooming selective_logging
file_3920,clear primary cultivation
file_3921,partly_cloudy primary
file_3922,haze cloudy primary
file_3923,clear primary
file_3924,clear primary
file_3925,clear primary
file_3926,clear primary
file_3927,cloudy
file_3928,clear partly_cloudy primary
file_3929,clear primary
file_3930,clear primary
file_3931,clear primary
file_3932,clear primary
file_3933,partly_cloudy primary agriculture
file_3934,clear primary
file_3935,clear haze primary
file_3936,clear primary
file_3937,partly_cloudy primary
file_3938,clear primary
file_3939,clear primary
file_3940,clear primary
file_3941,clear primary
file_3942,clear primary
file_3943,clear primary
file_3944,clear partly_cloudy primary agriculture
file_3945,partly_cloudy primary
file_3946,clear primary agriculture cultivation
file_3947,clear primary water
file_3948,clear primary blooming
file_3949,clear primary agriculture water road
file_3950,clear primary agriculture
file_3951,clear primary agriculture cultivation habitation road
file_3952,clear primary
file_3953,clear primary
file_3954,partly_cloudy primary agriculture water
file_3955,clear primary
file_3956,clear primary
file_3957,clear primary
file_3958,clear primary agriculture water habitation road
file_3959,cloudy
file_3960,clear primary agriculture cultivation
file_3961,clear primary agriculture water road
file_3962,clear primary agriculture habitation road
file_3963,clear primary
file_3964,cloudy
file_3965,clear primary agriculture water road
file_3966,clear primary
file_3967,clear primary water
file_3968,clear primary water road
file_3969,clear primary water
file_3970,clear primary
file_3971,clear primary water
file_3972,clear primary
file_3973,clear primary agriculture cultivation
file_3974,clear haze primary agriculture habitation road
file_3975,clear primary
file_3976,clear primary
file_3977,partly_cloudy primary
file_3978,haze primary agriculture water road
file_3979,clear primary
file_3980,cloudy
file_3981,cloudy
file_3982,clear primary
file_3983,clear primary agriculture water cultivation habitation road
file_3984,clear primary
file_3985,clear primary
file_3986,cloudy
file_3987,cloudy
file_3988,clear primary
file_3989,clear primary agriculture road
file_3990,clear primary
file_3991,clear haze cloudy primary agriculture water
file_3992,clear primary agriculture cultivation habitation road
file_3993,clear primary
file_3994,partly_cloudy primary
file_3995,clear primary
file_3996,clear primary agriculture cultivation
file_3997,clear primary
file_3998,clear primary agriculture water road
file_3999,haze cloudy primary
file_4000,clear primary
file_4001,clear primary
file_4002,clear primary agriculture water habitation road artisinal_mine
file_4003,clear primary
file_4004,clear primary agriculture cultivation road
file_4005,partly_cloudy primary agriculture
file_4006,clear partly_cloudy primary
file_4007,clear primary
file_4008,clear primary
file_4009,clear primary agriculture cultivation road
file_4010,clear primary
file_4011,clear primary
file_4012,partly_cloudy primary water
file_4013,partly_cloudy primary agriculture cultivation
file_4014,clear primary
file_4015,partly_cloudy primary agriculture road
file_4016,clear primary
file_4017,clear primary water
file_4018,clear primary
file_4019,cloudy
file_4020,cloudy
file_4021,haze primary
file_4022,cloudy
file_4023,clear primary agriculture
file_4024,clear primary agriculture water cultivation road
file_4025,clear primary
file_4026,clear primary agriculture cultivation
file_4027,partly_cloudy primary
file_4028,clear primary agriculture water cultivation habitation road
file_4029,clear cloudy water
file_4030,clear partly_cloudy primary
file_4031,haze primary
file_4032,partly_cloudy primary agriculture water
file_4033,clear primary
file_4034,clear primary
file_4035,clear primary water
file_4036,clear primary
file_4037,clear primary agriculture road
file_4038,partly_cloudy primary
file_4039,clear primary agriculture water cultivation habitation road
file_4040,clear primary
file_4041,haze primary
file_4042,partly_cloudy primary agriculture habitation road
file_4043,clear primary agriculture water habitation road
file_4044,clear partly_cloudy primary agriculture water road conventional_mine bare_ground
file_4045,clear primary agriculture habitation road
file_4046,clear partly_cloudy primary water
file_4047,clear primary
file_4048,clear primary water
file_4049,clear primary
file_4050,clear primary
file_4051,partly_cloudy primary
file_4052,partly_cloudy primary water
file_4053,clear primary agriculture water cultivation road
file_4054,cloudy
file_4055,partly_cloudy primary
file_4056,clear primary agriculture road
file_4057,clear primary water road
file_4058,clear primary
file_4059,clear primary agriculture water
file_4060,clear primary water
file_4061,clear primary
file_4062,clear primary
file_4063,partly_cloudy primary
file_4064,clear haze primary agriculture cultivation
file_4065,clear primary
file_4066,clear primary
file_4067,cloudy
file_4068,clear primary
file_4069,cloudy
file_4070,clear primary
file_4071,clear primary
file_4072,clear primary
file_4073,clear primary
file_4074,clear primary agriculture cultivation
file_4075,clear primary
file_4076,haze primary
file_4077,partly_cloudy primary
file_4078,clear primary
file_4079,partly_cloudy primary
file_4080,clear primary
file_4081,clear primary water road selective_logging
file_4082,partly_cloudy primary water
file_4083,clear primary
file_4084,partly_cloudy primary
file_4085,clear primary agriculture road
file_4086,partly_cloudy primary
file_4087,clear primary
file_4088,partly_cloudy primary agriculture water
file_4089,clear primary
file_4090,clear primary
file_4091,partly_cloudy primary
file_4092,clear haze primary
file_4093,clear primary agriculture cultivation habitation road
file_4094,clear primary
file_4095,clear haze primary agriculture
file_4096,clear haze primary
file_4097,clear primary agriculture cultivation
file_4098,clear primary agriculture cultivation
file_4099,clear haze primary agriculture cultivation
file_4100,haze primary
file_4101,clear primary
file_4102,clear haze primary agriculture water road
file_4103,clear primary agriculture water road
file_4104,clear primary
file_4105,clear partly_cloudy primary
file_4106,clear primary
file_4107,clear primary agriculture habitation road
file_4108,partly_cloudy primary agriculture habitation road
file_4109,haze primary
file_4110,clear primary water
file_4111,clear agriculture bare_ground
file_4112,clear primary
file_4113,clear primary
file_4114,clear primary water
file_4115,clear primary
file_4116,partly_cloudy primary
file_4117,clear primary
file_4118,partly_cloudy primary agriculture cultivation
file_4119,clear primary water
file_4120,clear primary water
file_4121,clear primary
file_4122,clear primary
file_4123,clear primary agriculture cultivation
file_4124,clear primary
file_4125,partly_cloudy cloudy primary
file_4126,clear partly_cloudy primary agriculture cultivation road
file_4127,cloudy
file_4128,clear primary
file_4129,clear primary
file_4130,partly_cloudy primary
file_4131,clear primary
file_4132,partly_cloudy primary agriculture
file_4133,clear haze primary agriculture habitation road
file_4134,clear primary blooming
file_4135,clear primary
file_4136,clear primary
file_4137,partly_cloudy primary
file_4138,cloudy
file_4139,clear primary agriculture cultivation habitation road
file_4140,clear primary agriculture habitation road
file_4141,clear primary
file_4142,partly_cloudy primary agriculture cultivation habitation road
file_4143,partly_cloudy primary agriculture water road
file_4144,clear primary
file_4145,cloudy
file_4146,clear primary
file_4147,clear primary
file_4148,clear primary
file_4149,partly_cloudy primary
file_4150,clear primary agriculture road
file_4151,clear primary agriculture cultivation
file_4152,clear primary
file_4153,clear primary
file_4154,clear primary agriculture cultivation
file_4155,clear primary
file_4156,clear primary
file_4157,clear primary
file_4158,clear primary agriculture water road
file_4159,cloudy
file_4160,clear primary agriculture habitation road
file_4161,partly_cloudy primary
file_4162,cloudy
file_4163,clear primary water
file_4164,clear primary habitation road
file_4165,cloudy
file_4166,clear primary agriculture habitation road
file_4167,clear primary
file_4168,clear primary
file_4169,clear primary
file_4170,partly_cloudy primary agriculture cultivation
file_4171,clear primary agriculture road
file_4172,clear primary
file_4173,clear primary
file_4174,clear primary
file_4175,clear primary
file_4176,clear primary
file_4177,partly_cloudy primary
file_4178,clear primary
file_4179,clear primary
file_4180,clear primary agriculture habitation road
file_4181,clear primary
file_4182,clear primary
file_4183,clear primary
file_4184,clear primary agriculture cultivation road
file_4185,clear primary agriculture bare_ground
file_4186,partly_cloudy primary agriculture road
file_4187,clear primary
file_4188,partly_cloudy primary
file_4189,clear haze primary agriculture water habitation road
file_4190,clear primary water road
file_4191,clear primary
file_4192,clear primary agriculture road
file_4193,haze primary
file_4194,clear primary
file_4195,clear primary agriculture cultivation habitation road
file_4196,clear primary water artisinal_mine
file_4197,clear primary
file_4198,clear primary agriculture water
file_4199,cloudy
file_4200,partly_cloudy primary agriculture habitation road
file_4201,clear primary agriculture road
file_4202,clear primary agriculture cultivation
file_4203,clear primary
file_4204,clear primary agriculture cultivation
file_4205,partly_cloudy primary
file_4206,partly_cloudy primary agriculture cultivation
file_4207,haze partly_cloudy primary agriculture water
file_4208,partly_cloudy cloudy primary water
file_4209,clear partly_cloudy primary agriculture cultivation
file_4210,clear haze primary
file_4211,clear primary agriculture road
file_4212,clear primary agriculture cultivation
file_4213,clear primary habitation road
file_4214,clear primary agriculture water cultivation habitation road
file_4215,clear haze primary water
file_4216,clear primary water bare_ground artisinal_mine
file_4217,clear primary agriculture cultivation
file_4218,clear primary water
file_4219,partly_cloudy primary
file_4220,clear primary water
file_4221,clear primary
file_4222,partly_cloudy primary
file_4223,clear primary
file_4224,clear primary agriculture cultivation
file_4225,partly_cloudy primary
file_4226,clear primary agriculture cultivation habitation road
file_4227,haze primary water
file_4228,clear primary
file_4229,clear primary agriculture cultivation
file_4230,haze partly_cloudy primary agriculture water road
file_4231,clear primary agriculture water cultivation habitation
file_4232,partly_cloudy primary
file_4233,clear primary agriculture road
file_4234,clear primary agriculture road
file_4235,clear primary
file_4236,clear primary agriculture cultivation
file_4237,clear primary agriculture cultivation
file_4238,clear primary water
file_4239,clear primary agriculture cultivation
file_4240,haze primary
file_4241,clear haze primary agriculture water cultivation habitation
file_4242,cloudy
file_4243,clear primary
file_4244,haze cloudy primary
file_4245,clear primary agriculture habitation road
file_4246,clear primary
file_4247,clear primary
file_4248,clear primary water road artisinal_mine
file_4249,clear cloudy water
file_4250,clear primary
file_4251,clear primary agriculture water cultivation habitation road
file_4252,clear primary agriculture cultivation habitation
file_4253,clear cloudy primary water
file_4254,clear primary water
file_4255,clear primary agriculture water cultivation road
file_4256,clear primary
file_4257,partly_cloudy primary agriculture habitation road
file_4258,clear primary agriculture water
file_4259,clear primary agriculture cultivation habitation road
file_4260,clear primary
file_4261,clear haze primary
file_4262,clear primary agriculture water
file_4263,clear primary
file_4264,clear primary agriculture habitation road
file_4265,partly_cloudy primary water
file_4266,clear primary agriculture water cultivation habitation road
file_4267,partly_cloudy primary
file_4268,clear primary agriculture cultivation
file_4269,partly_cloudy primary agriculture water road
file_4270,clear primary agriculture cultivation habitation road
file_4271,cloudy
file_4272,partly_cloudy primary agriculture cultivation
file_4273,clear primary
file_4274,clear primary
file_4275,clear primary agriculture cultivation road
file_4276,clear primary
file_4277,clear primary agriculture road
file_4278,clear primary agriculture cultivation
file_4279,clear primary agriculture cultivation
file_4280,clear haze primary
file_4281,clear primary
file_4282,clear primary agriculture habitation road bare_ground
file_4283,clear primary agriculture cultivation habitation road
file_4284,clear primary agriculture habitation road
file_4285,clear primary agriculture water road
file_4286,clear primary agriculture cultivation
file_4287,clear primary agriculture cultivation road
file_4288,clear primary
file_4289,clear haze primary agriculture habitation road
file_4290,clear primary water road
file_4291,clear primary
file_4292,clear primary agriculture cultivation road
file_4293,clear primary
file_4294,clear partly_cloudy primary
file_4295,partly_cloudy primary
file_4296,partly_cloudy primary agriculture road
file_4297,partly_cloudy primary
file_4298,clear primary agriculture water cultivation habitation road
file_4299,clear primary
file_4300,partly_cloudy primary
file_4301,clear primary agriculture road
file_4302,partly_cloudy primary
file_4303,clear primary agriculture water cultivation habitation road
file_4304,clear primary
file_4305,clear partly_cloudy primary agriculture road
file_4306,clear primary
file_4307,clear primary
file_4308,clear primary agriculture habitation road
file_4309,partly_cloudy primary agriculture cultivation
file_4310,partly_cloudy primary
file_4311,clear primary
file_4312,clear primary road selective_logging
file_4313,clear primary agriculture cultivation habitation road
file_4314,clear cloudy
file_4315,clear primary
file_4316,clear primary
file_4317,clear primary agriculture
file_4318,clear primary
file_4319,clear primary agriculture habitation road
file_4320,partly_cloudy primary agriculture road
file_4321,clear primary agriculture water cultivation habitation road
file_4322,clear haze primary agriculture water habitation
file_4323,clear primary agriculture road
file_4324,clear primary agriculture cultivation
file_4325,clear haze primary agriculture road
file_4326,clear primary water road selective_logging
file_4327,clear primary
file_4328,haze cloudy
file_4329,clear primary agriculture cultivation road
file_4330,clear primary agriculture cultivation habitation road
file_4331,partly_cloudy cloudy primary
file_4332,clear primary
file_4333,clear primary
file_4334,clear primary
file_4335,clear primary
file_4336,partly_cloudy primary agriculture
file_4337,clear primary water road
file_4338,partly_cloudy primary agriculture habitation road
file_4339,partly_cloudy primary
file_4340,clear primary
file_4341,clear primary
file_4342,clear primary agriculture cultivation
file_4343,partly_cloudy primary agriculture cultivation
file_4344,partly_cloudy primary
file_4345,clear primary
file_4346,clear primary agriculture cultivation
file_4347,clear primary agriculture cultivation
file_4348,clear primary
file_4349,clear primary
file_4350,clear primary agriculture road
file_4351,cloudy
file_4352,partly_cloudy primary agriculture water habitation road
file_4353,partly_cloudy primary
file_4354,clear primary
file_4355,clear primary agriculture
file_4356,partly_cloudy primary
file_4357,partly_cloudy primary
file_4358,clear primary agriculture cultivation road
file_4359,clear primary agriculture cultivation
file_4360,partly_cloudy primary
file_4361,clear primary agriculture water
file_4362,clear primary
file_4363,haze primary
file_4364,partly_cloudy primary
file_4365,clear primary agriculture water cultivation habitation
file_4366,partly_cloudy cloudy
file_4367,clear partly_cloudy primary agriculture cultivation
file_4368,cloudy
file_4369,cloudy
file_4370,clear primary water
file_4371,haze primary
file_4372,partly_cloudy primary
file_4373,haze primary agriculture water
file_4374,clear primary
file_4375,cloudy
file_4376,partly_cloudy cloudy primary
file_4377,clear primary
file_4378,clear primary agriculture habitation road
file_4379,partly_cloudy cloudy primary water
file_4380,clear primary
file_4381,clear primary agriculture cultivation
file_4382,clear primary agriculture cultivation
file_4383,clear primary
file_4384,clear primary water road
file_4385,partly_cloudy primary
file_4386,clear primary
file_4387,clear haze primary agriculture water road
file_4388,clear primary agriculture cultivation
file_4389,cloudy
file_4390,clear cloudy primary agriculture bare_ground
file_4391,clear haze primary
file_4392,clear primary
file_4393,partly_cloudy primary agriculture
file_4394,clear primary agriculture cultivation habitation
file_4395,clear primary
file_4396,cloudy
file_4397,partly_cloudy cloudy
file_4398,clear primary
file_4399,clear primary agriculture cultivation
file_4400,haze cloudy primary
file_4401,clear primary agriculture road
file_4402,clear primary agriculture cultivation habitation road
file_4403,clear primary agriculture cultivation
file_4404,clear primary
file_4405,haze cloudy primary
file_4406,partly_cloudy primary agriculture water road
file_4407,haze primary
file_4408,clear primary agriculture cultivation habitation road
file_4409,clear primary water road
file_4410,clear primary
file_4411,clear primary water
file_4412,clear haze primary water
file_4413,partly_cloudy primary agriculture habitation road
file_4414,clear primary
file_4415,clear primary cultivation
file_4416,cloudy
file_4417,haze primary water
file_4418,clear primary
file_4419,cloudy
file_4420,clear primary agriculture water cultivation
file_4421,clear primary agriculture cultivation habitation
file_4422,clear primary
file_4423,clear primary
file_4424,clear primary agriculture cultivation road
file_4425,partly_cloudy primary agriculture
file_4426,clear primary agriculture cultivation
file_4427,clear primary
file_4428,clear primary
file_4429,clear haze primary
file_4430,clear primary
file_4431,clear primary agriculture cultivation road
file_4432,clear primary
file_4433,partly_cloudy primary agriculture water habitation road
file_4434,clear primary
file_4435,clear primary agriculture cultivation road
file_4436,clear primary
file_4437,clear primary
file_4438,clear primary
file_4439,clear primary
file_4440,cloudy
file_4441,partly_cloudy primary water
file_4442,clear primary agriculture cultivation
file_4443,clear primary
file_4444,clear primary
file_4445,clear primary water
file_4446,clear primary agriculture habitation road
file_4447,partly_cloudy primary agriculture road
file_4448,clear primary
file_4449,clear primary
file_4450,haze cloudy primary
file_4451,clear primary
file_4452,cloudy
file_4453,clear primary agriculture habitation road
file_4454,clear primary
file_4455,clear primary agriculture water
file_4456,clear partly_cloudy primary agriculture water
file_4457,cloudy
file_4458,clear primary agriculture road
file_4459,clear primary road blooming selective_logging
file_4460,clear primary
file_4461,clear primary agriculture habitation road
file_4462,partly_cloudy primary
file_4463,clear haze primary agriculture cultivation
file_4464,partly_cloudy primary agriculture habitation road
file_4465,clear primary
file_4466,clear primary
file_4467,haze primary
file_4468,partly_cloudy cloudy primary
file_4469,haze cloudy primary
file_4470,partly_cloudy primary agriculture cultivation
file_4471,clear primary
file_4472,haze primary agriculture water
file_4473,clear primary agriculture cultivation
file_4474,clear primary agriculture water road
file_4475,partly_cloudy primary agriculture cultivation
file_4476,clear primary
file_4477,partly_cloudy primary
file_4478,clear primary agriculture water cultivation
file_4479,partly_cloudy primary
file_4480,partly_cloudy primary agriculture cultivation
file_4481,cloudy
file_4482,clear primary agriculture water road
file_4483,haze partly_cloudy cloudy primary agriculture water
file_4484,clear haze primary agriculture cultivation
file_4485,clear primary water cultivation habitation
file_4486,clear primary
file_4487,clear primary
file_4488,clear primary
file_4489,partly_cloudy primary
file_4490,clear partly_cloudy primary agriculture cultivation
file_4491,clear primary agriculture habitation road
file_4492,partly_cloudy primary agriculture cultivation road
file_4493,clear primary
file_4494,clear partly_cloudy primary
file_4495,clear primary agriculture water cultivation road
file_4496,clear primary
file_4497,partly_cloudy primary agriculture water road
file_4498,clear primary agriculture water road
file_4499,haze primary
file_4500,clear primary agriculture road
file_4501,clear primary agriculture water cultivation road
file_4502,clear primary water road
file_4503,clear primary agriculture water road
file_4504,haze cloudy primary
file_4505,clear primary agriculture water habitation road
file_4506,partly_cloudy primary
file_4507,clear primary water road
file_4508,clear primary
file_4509,haze primary
file_4510,clear primary agriculture cultivation
file_4511,clear primary
file_4512,clear primary
file_4513,clear primary water
file_4514,clear primary
file_4515,clear primary water
file_4516,clear primary
file_4517,clear primary agriculture cultivation
file_4518,clear primary agriculture road
file_4519,clear primary agriculture road
file_4520,partly_cloudy primary
file_4521,partly_cloudy primary
file_4522,clear primary
file_4523,clear primary
file_4524,clear primary agriculture water bare_ground
file_4525,clear primary
file_4526,clear primary agriculture water bare_ground
file_4527,clear primary
file_4528,clear primary
file_4529,clear primary
file_4530,clear partly_cloudy primary
file_4531,clear primary water
file_4532,clear primary
file_4533,haze primary
file_4534,partly_cloudy primary agriculture cultivation road
file_4535,clear primary agriculture water cultivation
file_4536,partly_cloudy primary
file_4537,haze primary
file_4538,haze partly_cloudy primary agriculture water
file_4539,clear primary
file_4540,cloudy
file_4541,clear primary agriculture
file_4542,haze primary
file_4543,clear primary agriculture
file_4544,clear primary
file_4545,partly_cloudy primary
file_4546,clear primary agriculture cultivation
file_4547,cloudy
file_4548,cloudy
file_4549,clear primary
file_4550,clear primary
file_4551,clear primary water road
file_4552,clear primary
file_4553,clear primary
file_4554,clear primary agriculture habitation road
file_4555,clear primary
file_4556,clear primary water
file_4557,clear primary
file_4558,clear primary
file_4559,haze primary
file_4560,clear primary
file_4561,clear primary habitation
file_4562,haze cloudy primary
file_4563,clear primary agriculture cultivation
file_4564,clear primary agriculture water cultivation
file_4565,clear primary
file_4566,clear primary agriculture cultivation habitation road
file_4567,partly_cloudy primary
file_4568,partly_cloudy primary agriculture
file_4569,clear primary
file_4570,clear primary
file_4571,clear primary
file_4572,clear primary
file_4573,clear primary agriculture water cultivation habitation road
file_4574,partly_cloudy primary water
file_4575,clear primary
file_4576,clear primary water road
file_4577,clear partly_cloudy primary water road
file_4578,clear primary
file_4579,clear primary agriculture road
file_4580,partly_cloudy primary agriculture road
file_4581,clear primary habitation road
file_4582,clear primary agriculture water cultivation habitation
file_4583,clear primary water
file_4584,clear primary agriculture habitation road
file_4585,clear primary
file_4586,clear primary agriculture water cultivation habitation
file_4587,clear haze primary agriculture water road
file_4588,clear primary agriculture habitation road bare_ground
file_4589,clear primary agriculture habitation road selective_logging
file_4590,partly_cloudy primary
file_4591,clear primary water habitation road conventional_mine bare_ground artisinal_mine
file_4592,clear primary
file_4593,clear primary agriculture water road
file_4594,clear primary
file_4595,partly_cloudy primary
file_4596,cloudy
file_4597,clear haze primary
file_4598,clear primary
file_4599,clear primary water
file_4600,clear haze primary
file_4601,clear primary water
file_4602,clear primary
file_4603,clear primary agriculture water road
file_4604,partly_cloudy primary
file_4605,clear primary
file_4606,clear primary agriculture road
file_4607,clear partly_cloudy primary agriculture water road
file_4608,clear primary agriculture road bare_ground
file_4609,clear haze primary water
file_4610,clear primary
file_4611,clear primary
file_4612,clear primary
file_4613,partly_cloudy cloudy primary
file_4614,clear primary water
file_4615,clear primary
file_4616,partly_cloudy primary agriculture
file_4617,clear primary
file_4618,clear primary water road
file_4619,clear cloudy primary water
file_4620,clear primary agriculture cultivation habitation road
file_4621,clear partly_cloudy primary
file_4622,clear primary
file_4623,clear primary agriculture water road
file_4624,clear primary agriculture cultivation
file_4625,clear partly_cloudy primary
file_4626,partly_cloudy primary agriculture habitation road
file_4627,clear primary
file_4628,clear primary water
file_4629,clear primary agriculture water road
file_4630,clear primary agriculture water
file_4631,clear primary
file_4632,clear primary agriculture road
file_4633,clear haze primary agriculture water road
file_4634,clear primary agriculture water road
file_4635,partly_cloudy primary
file_4636,clear primary agriculture cultivation road
file_4637,clear primary
file_4638,clear primary water road
file_4639,partly_cloudy primary agriculture water
file_4640,clear primary
file_4641,clear primary agriculture habitation road
file_4642,clear primary
file_4643,clear primary agriculture water bare_ground artisinal_mine
file_4644,clear primary
file_4645,clear primary agriculture habitation road
file_4646,clear primary agriculture water
file_4647,clear primary agriculture cultivation road
file_4648,clear primary
file_4649,clear primary
file_4650,clear primary agriculture road
file_4651,clear primary
file_4652,partly_cloudy primary
file_4653,clear primary
file_4654,clear primary
file_4655,clear primary agriculture water
file_4656,haze primary
file_4657,clear partly_cloudy primary
file_4658,partly_cloudy primary
file_4659,clear primary agriculture road bare_ground
file_4660,clear primary agriculture cultivation habitation road
file_4661,clear primary
file_4662,clear primary
file_4663,clear haze primary agriculture water
file_4664,clear primary agriculture cultivation
file_4665,clear primary agriculture cultivation habitation road
file_4666,clear primary agriculture
file_4667,clear primary water
file_4668,clear primary agriculture
file_4669,clear primary
file_4670,clear primary water
file_4671,clear primary agriculture cultivation
file_4672,partly_cloudy primary
file_4673,partly_cloudy primary
file_4674,clear primary
file_4675,clear primary agriculture cultivation
file_4676,clear primary
file_4677,clear primary water
file_4678,clear primary agriculture cultivation road
file_4679,clear primary agriculture cultivation road
file_4680,clear primary agriculture water habitation road bare_ground
file_4681,partly_cloudy primary
file_4682,clear primary agriculture water habitation road
file_4683,clear primary
file_4684,clear primary
file_4685,haze primary
file_4686,clear primary agriculture road
file_4687,cloudy
file_4688,clear primary agriculture habitation road
file_4689,cloudy
file_4690,clear partly_cloudy primary
file_4691,clear haze primary water road
file_4692,clear primary agriculture water cultivation habitation road
file_4693,clear primary
file_4694,clear primary
file_4695,clear primary
file_4696,partly_cloudy primary
file_4697,clear primary
file_4698,partly_cloudy primary agriculture cultivation
file_4699,clear primary agriculture water
file_4700,clear primary
file_4701,clear primary agriculture water road
file_4702,clear primary water
file_4703,clear haze primary agriculture water road
file_4704,clear primary
file_4705,clear primary
file_4706,cloudy
file_4707,clear primary water road
file_4708,clear partly_cloudy primary agriculture habitation road
file_4709,clear primary agriculture bare_ground
file_4710,clear primary agriculture water habitation road conventional_mine bare_ground
file_4711,haze primary
file_4712,clear primary
file_4713,cloudy
file_4714,clear haze primary
file_4715,partly_cloudy primary agriculture cultivation
file_4716,clear primary
file_4717,partly_cloudy primary
file_4718,clear primary
file_4719,clear primary
file_4720,clear primary
file_4721,clear primary
file_4722,clear primary water road
file_4723,clear primary agriculture water cultivation habitation
file_4724,clear primary water
file_4725,partly_cloudy primary agriculture cultivation
file_4726,clear primary
file_4727,clear cloudy water
file_4728,clear haze primary water road
file_4729,partly_cloudy primary
file_4730,clear primary agriculture cultivation habitation road
file_4731,partly_cloudy cloudy primary
file_4732,clear primary agriculture road bare_ground
file_4733,clear primary
file_4734,clear primary
file_4735,clear primary agriculture
file_4736,clear primary water
file_4737,clear primary agriculture cultivation
file_4738,partly_cloudy primary
file_4739,clear haze primary agriculture water road
file_4740,partly_cloudy primary
file_4741,clear primary water road selective_logging
file_4742,clear primary agriculture cultivation
file_4743,clear primary agriculture
file_4744,clear primary
file_4745,clear primary
file_4746,partly_cloudy primary
file_4747,cloudy
file_4748,partly_cloudy primary
file_4749,clear primary
file_4750,clear primary
file_4751,partly_cloudy primary water
file_4752,clear primary
file_4753,partly_cloudy primary
file_4754,clear primary
file_4755,partly_cloudy cloudy primary
file_4756,clear primary agriculture cultivation habitation road
file_4757,clear primary
file_4758,clear primary
file_4759,clear primary
file_4760,clear primary water road
file_4761,clear primary
file_4762,clear primary
file_4763,haze cloudy
file_4764,clear primary
file_4765,clear cloudy water
file_4766,clear primary
file_4767,clear partly_cloudy primary agriculture
file_4768,clear primary
file_4769,clear primary agriculture cultivation
file_4770,clear primary agriculture water cultivation habitation
file_4771,clear primary agriculture water road
file_4772,haze primary
file_4773,partly_cloudy primary agriculture road
file_4774,clear primary agriculture habitation road
file_4775,clear partly_cloudy primary
file_4776,clear primary agriculture water bare_ground
file_4777,clear primary
file_4778,clear primary
file_4779,clear primary
file_4780,clear primary agriculture water road
file_4781,clear primary agriculture cultivation
file_4782,clear haze primary
file_4783,clear primary
file_4784,clear cloudy water
file_4785,partly_cloudy primary
file_4786,clear primary agriculture cultivation
file_4787,clear primary
file_4788,clear primary
file_4789,partly_cloudy primary
file_4790,haze cloudy primary
file_4791,clear primary road
file_4792,clear primary
file_4793,clear primary agriculture
file_4794,clear primary
file_4795,clear primary
file_4796,clear primary agriculture road
file_4797,clear primary water road bare_ground artisinal_mine
file_4798,clear primary
file_4799,clear primary agriculture habitation road
file_4800,clear primary agriculture water cultivation
file_4801,clear primary agriculture road
file_4802,clear primary
file_4803,clear primary agriculture road
file_4804,clear primary agriculture water cultivation
file_4805,partly_cloudy primary
file_4806,partly_cloudy primary
file_4807,clear primary agriculture cultivation habitation
file_4808,cloudy
file_4809,partly_cloudy primary agriculture water road
file_4810,clear primary agriculture water
file_4811,clear primary agriculture road
file_4812,clear primary
file_4813,clear primary agriculture water
file_4814,partly_cloudy primary agriculture cultivation
file_4815,clear primary habitation road
file_4816,clear primary agriculture water
file_4817,clear primary
file_4818,partly_cloudy primary agriculture
file_4819,clear cloudy primary water
file_4820,clear partly_cloudy primary agriculture cultivation habitation
file_4821,clear primary agriculture road
file_4822,clear haze primary
file_4823,cloudy
file_4824,clear primary agriculture cultivation
file_4825,clear haze primary agriculture water road
file_4826,clear primary
file_4827,clear partly_cloudy primary agriculture cultivation
file_4828,partly_cloudy primary agriculture water
file_4829,clear primary
file_4830,clear primary
file_4831,cloudy
file_4832,haze cloudy primary
file_4833,clear primary agriculture water
file_4834,clear primary agriculture water habitation road bare_ground artisinal_mine
file_4835,clear primary
file_4836,partly_cloudy primary agriculture cultivation
file_4837,clear primary agriculture habitation road
file_4838,clear haze primary agriculture water
file_4839,clear primary agriculture water habitation road
file_4840,clear primary agriculture cultivation
file_4841,clear primary
file_4842,clear primary agriculture road
file_4843,clear cloudy water
file_4844,clear primary agriculture
file_4845,clear primary
file_4846,clear primary agriculture water cultivation road
file_4847,clear primary road selective_logging
file_4848,clear primary habitation road
file_4849,clear primary
file_4850,clear primary agriculture road
file_4851,clear primary agriculture road
file_4852,partly_cloudy primary agriculture road
file_4853,clear primary
file_4854,clear primary agriculture cultivation habitation road
file_4855,clear cloudy water
file_4856,clear primary
file_4857,clear primary water
file_4858,clear primary agriculture road bare_ground
file_4859,cloudy
file_4860,clear primary agriculture water habitation road
file_4861,haze cloudy primary
file_4862,partly_cloudy primary agriculture cultivation
file_4863,clear haze primary agriculture cultivation habitation road
file_4864,partly_cloudy primary agriculture water cultivation
file_4865,clear primary agriculture water road
file_4866,clear primary water
file_4867,clear primary blooming
file_4868,clear primary agriculture cultivation
file_4869,clear primary agriculture cultivation
file_4870,clear primary agriculture water habitation road
file_4871,clear primary
file_4872,clear primary agriculture cultivation road
file_4873,partly_cloudy primary water
file_4874,clear primary agriculture habitation road
file_4875,clear primary
file_4876,cloudy
file_4877,haze primary
file_4878,partly_cloudy primary agriculture cultivation habitation road
file_4879,clear primary
file_4880,clear primary
file_4881,clear primary
file_4882,clear primary water
file_4883,clear primary
file_4884,clear primary
file_4885,clear cloudy primary water
file_4886,clear primary agriculture cultivation habitation road
file_4887,partly_cloudy primary
file_4888,clear primary
file_4889,haze cloudy
file_4890,clear primary
file_4891,clear primary
file_4892,partly_cloudy primary agriculture cultivation
file_4893,cloudy
file_4894,clear primary agriculture cultivation
file_4895,clear primary agriculture cultivation habitation road
file_4896,clear primary
file_4897,clear primary agriculture water habitation road bare_ground artisinal_mine
file_4898,clear primary agriculture water cultivation
file_4899,haze cloudy primary
file_4900,clear primary
file_4901,clear primary agriculture road
file_4902,clear primary agriculture cultivation
file_4903,partly_cloudy primary agriculture cultivation road
file_4904,clear primary water
file_4905,clear primary
file_4906,clear primary
file_4907,clear primary
file_4908,partly_cloudy primary
file_4909,clear primary
file_4910,clear primary agriculture
file_4911,clear primary agriculture water
file_4912,clear primary agriculture water habitation road
file_4913,clear primary
file_4914,clear primary agriculture water
file_4915,clear primary water
file_4916,clear primary
file_4917,haze partly_cloudy primary agriculture
file_4918,clear primary
file_4919,clear primary agriculture water road
file_4920,clear primary water
file_4921,clear primary
file_4922,clear primary agriculture road bare_ground
file_4923,clear primary agriculture road
file_4924,clear primary
file_4925,clear primary agriculture water cultivation habitation road
file_4926,clear primary agriculture water road
file_4927,clear primary
file_4928,clear partly_cloudy primary water
file_4929,partly_cloudy primary water road
file_4930,clear primary agriculture habitation road
file_4931,clear primary agriculture cultivation habitation road
file_4932,haze primary
file_4933,partly_cloudy primary
file_4934,clear primary
file_4935,partly_cloudy primary agriculture cultivation habitation road
file_4936,clear primary
file_4937,partly_cloudy primary
file_4938,clear primary agriculture cultivation habitation road
file_4939,clear primary
file_4940,clear primary
file_4941,cloudy
file_4942,partly_cloudy primary water
file_4943,clear primary water
file_4944,clear primary water
file_4945,clear primary
file_4946,clear primary
file_4947,clear primary agriculture cultivation
file_4948,partly_cloudy primary agriculture road
file_4949,partly_cloudy primary agriculture
file_4950,clear primary
file_4951,partly_cloudy primary agriculture road
file_4952,partly_cloudy primary
file_4953,clear haze primary agriculture water
file_4954,clear primary agriculture habitation road
file_4955,clear primary agriculture road
file_4956,clear primary
file_4957,clear primary agriculture road
file_4958,partly_cloudy cloudy
file_4959,clear primary agriculture cultivation
file_4960,partly_cloudy primary
file_4961,clear primary
file_4962,clear partly_cloudy primary
file_4963,clear partly_cloudy primary
file_4964,clear primary agriculture habitation road
file_4965,clear haze primary agriculture water road
file_4966,cloudy
file_4967,clear primary
file_4968,clear primary agriculture water
file_4969,clear primary
file_4970,partly_cloudy primary agriculture water road
file_4971,partly_cloudy primary
file_4972,clear primary
file_4973,clear primary agriculture cultivation
file_4974,cloudy
file_4975,clear primary agriculture water road
file_4976,clear primary
file_4977,clear primary
file_4978,clear primary
file_4979,clear partly_cloudy primary agriculture water cultivation road
file_4980,clear primary selective_logging
file_4981,clear primary agriculture cultivation habitation
file_4982,clear partly_cloudy primary agriculture water road
file_4983,clear primary
file_4984,clear primary
file_4985,clear primary water
file_4986,clear partly_cloudy primary agriculture
file_4987,clear primary
file_4988,haze cloudy primary
file_4989,partly_cloudy primary
file_4990,clear primary agriculture water cultivation
file_4991,clear partly_cloudy primary agriculture habitation road
file_4992,partly_cloudy primary agriculture cultivation
file_4993,clear primary agriculture water
file_4994,partly_cloudy cloudy primary
file_4995,partly_cloudy cloudy
file_4996,partly_cloudy primary
file_4997,clear primary agriculture water cultivation
file_4998,clear primary
file_4999,clear primary
file_5000,clear primary
file_5001,clear primary
file_5002,partly_cloudy cloudy primary
file_5003,clear primary agriculture water road
file_5004,clear primary
file_5005,clear primary agriculture
file_5006,partly_cloudy primary agriculture
file_5007,haze primary water
file_5008,clear primary
file_5009,clear primary
file_5010,haze primary water
file_5011,clear primary
file_5012,clear primary water
file_5013,partly_cloudy primary
file_5014,clear primary
file_5015,partly_cloudy primary agriculture water road
file_5016,clear primary water road bare_ground artisinal_mine
file_5017,clear primary
file_5018,haze primary water
file_5019,clear primary agriculture habitation road bare_ground
file_5020,clear primary
file_5021,haze primary
file_5022,clear primary
file_5023,partly_cloudy cloudy primary
file_5024,partly_cloudy primary agriculture water
file_5025,partly_cloudy primary
file_5026,partly_cloudy primary agriculture road
file_5027,partly_cloudy primary
file_5028,clear primary
file_5029,clear primary
file_5030,partly_cloudy primary water
file_5031,clear primary
file_5032,clear primary agriculture cultivation habitation road
file_5033,clear primary
file_5034,cloudy
file_5035,clear primary agriculture water cultivation
file_5036,partly_cloudy primary agriculture cultivation
file_5037,clear primary
file_5038,clear primary
file_5039,cloudy
file_5040,clear partly_cloudy primary
file_5041,clear primary water
file_5042,clear primary agriculture cultivation
file_5043,clear primary
file_5044,clear haze primary
file_5045,clear primary water road
file_5046,clear primary agriculture water road
file_5047,clear primary
file_5048,partly_cloudy primary
file_5049,clear primary agriculture road
file_5050,partly_cloudy primary agriculture cultivation road
file_5051,partly_cloudy primary
file_5052,clear primary
file_5053,clear primary water road
file_5054,clear primary agriculture road
file_5055,clear primary agriculture road
file_5056,partly_cloudy primary water
file_5057,clear primary
file_5058,haze primary
file_5059,partly_cloudy primary water road
file_5060,clear primary
file_5061,clear primary
file_5062,clear partly_cloudy primary
file_5063,partly_cloudy primary
file_5064,partly_cloudy primary
file_5065,clear haze primary
file_5066,partly_cloudy primary
file_5067,clear primary
file_5068,partly_cloudy primary
file_5069,clear primary
file_5070,clear primary agriculture cultivation
file_5071,haze primary
file_5072,cloudy
file_5073,clear primary agriculture cultivation
file_5074,clear primary
file_5075,haze primary
file_5076,clear primary agriculture water habitation road bare_ground
file_5077,clear primary agriculture road
file_5078,partly_cloudy primary
file_5079,partly_cloudy primary agriculture water road
file_5080,clear primary habitation road
file_5081,clear primary
file_5082,clear primary water
file_5083,clear partly_cloudy primary
file_5084,clear primary water
file_5085,clear primary water
file_5086,partly_cloudy primary agriculture
file_5087,clear primary agriculture cultivation habitation
file_5088,clear primary agriculture cultivation habitation road
file_5089,haze primary
file_5090,clear primary
file_5091,clear primary agriculture
file_5092,clear primary
file_5093,clear primary agriculture cultivation habitation
file_5094,clear primary agriculture cultivation
file_5095,clear primary
file_5096,clear primary water
file_5097,partly_cloudy primary agriculture cultivation
file_5098,clear primary water
file_5099,partly_cloudy primary
file_5100,clear primary
file_5101,clear primary
file_5102,clear primary agriculture habitation road
file_5103,clear partly_cloudy primary
file_5104,partly_cloudy primary water road
file_5105,clear primary agriculture habitation road
file_5106,clear primary
file_5107,clear primary agriculture water
file_5108,clear primary
file_5109,clear primary agriculture road
file_5110,haze cloudy primary
file_5111,clear primary
file_5112,clear primary agriculture habitation road
file_5113,haze primary water road
file_5114,clear primary
file_5115,clear primary
file_5116,partly_cloudy primary agriculture
file_5117,clear haze primary agriculture cultivation
file_5118,partly_cloudy primary agriculture cultivation
file_5119,clear primary
file_5120,clear cloudy water
file_5121,clear primary water
file_5122,clear primary agriculture water habitation road
file_5123,partly_cloudy primary agriculture habitation road
file_5124,clear primary agriculture habitation road
file_5125,clear primary
file_5126,clear primary agriculture cultivation road
file_5127,clear primary
file_5128,clear primary
file_5129,partly_cloudy primary agriculture water habitation road
file_5130,partly_cloudy primary
file_5131,partly_cloudy primary agriculture cultivation habitation road
file_5132,clear primary agriculture road
file_5133,clear primary
file_5134,clear primary agriculture cultivation
file_5135,clear primary
file_5136,clear primary agriculture cultivation road
file_5137,clear primary blooming selective_logging
file_5138,clear primary
file_5139,partly_cloudy primary
file_5140,haze primary agriculture cultivation
file_5141,clear partly_cloudy primary
file_5142,partly_cloudy primary agriculture road
file_5143,clear primary agriculture
file_5144,clear primary agriculture water cultivation habitation road
file_5145,clear primary agriculture water road
file_5146,clear primary agriculture cultivation habitation road
file_5147,partly_cloudy primary agriculture
file_5148,clear primary
file_5149,clear primary agriculture cultivation
file_5150,clear primary
file_5151,clear primary agriculture cultivation habitation road
file_5152,clear primary agriculture habitation road
file_5153,haze primary
file_5154,clear primary
file_5155,clear haze primary agriculture water cultivation habitation road
file_5156,clear primary agriculture water cultivation
file_5157,clear primary agriculture cultivation habitation road
file_5158,clear primary agriculture water
file_5159,clear primary
file_5160,clear primary agriculture cultivation habitation
file_5161,clear primary road selective_logging
file_5162,clear primary agriculture habitation road
file_5163,partly_cloudy primary agriculture water road
file_5164,clear primary
file_5165,clear primary agriculture cultivation habitation road
file_5166,clear primary
file_5167,clear primary
file_5168,clear primary agriculture cultivation
file_5169,clear primary agriculture habitation road
file_5170,clear primary agriculture water cultivation habitation road
file_5171,clear primary
file_5172,partly_cloudy cloudy primary
file_5173,clear primary
file_5174,clear primary agriculture cultivation
file_5175,clear primary water bare_ground artisinal_mine
file_5176,clear primary water road
file_5177,clear primary agriculture road bare_ground
file_5178,clear primary
file_5179,clear primary
file_5180,partly_cloudy primary agriculture water road
file_5181,clear primary agriculture water road
file_5182,clear primary agriculture bare_ground
file_5183,clear primary water
file_5184,clear haze primary
file_5185,clear primary agriculture road
file_5186,clear primary agriculture water cultivation
file_5187,partly_cloudy primary
file_5188,clear primary blooming selective_logging
file_5189,clear cloudy water
file_5190,clear partly_cloudy primary water habitation road conventional_mine selective_logging
file_5191,clear primary agriculture cultivation
file_5192,clear primary
file_5193,clear partly_cloudy primary water
file_5194,partly_cloudy primary agriculture
file_5195,clear primary agriculture habitation road
file_5196,clear primary
file_5197,clear primary
file_5198,partly_cloudy primary agriculture road
file_5199,clear primary agriculture road
file_5200,clear primary agriculture road
file_5201,clear primary
file_5202,partly_cloudy primary
file_5203,clear primary
file_5204,clear primary agriculture road
file_5205,haze primary water
file_5206,clear primary agriculture cultivation habitation road
file_5207,clear primary
file_5208,clear primary agriculture cultivation
file_5209,clear cloudy primary water
file_5210,clear primary
file_5211,clear primary agriculture water cultivation habitation road
file_5212,partly_cloudy primary
file_5213,clear primary water
file_5214,clear primary
file_5215,cloudy
file_5216,clear primary agriculture cultivation
file_5217,partly_cloudy primary
file_5218,clear primary
file_5219,cloudy
file_5220,partly_cloudy primary
file_5221,partly_cloudy primary
file_5222,partly_cloudy primary
file_5223,clear primary agriculture water cultivation
file_5224,clear primary
file_5225,partly_cloudy primary
file_5226,clear primary agriculture cultivation
file_5227,clear primary
file_5228,clear primary agriculture road
file_5229,clear primary
file_5230,clear primary agriculture habitation road
file_5231,clear primary
file_5232,haze primary
file_5233,clear primary
file_5234,clear primary
file_5235,clear primary
file_5236,clear primary
file_5237,haze cloudy primary
file_5238,haze primary
file_5239,clear primary agriculture water bare_ground
file_5240,clear primary
file_5241,clear primary
file_5242,partly_cloudy primary agriculture water road
file_5243,haze partly_cloudy primary agriculture water
file_5244,clear primary agriculture cultivation habitation road
file_5245,clear primary agriculture water
file_5246,partly_cloudy primary agriculture water
file_5247,clear primary agriculture cultivation
file_5248,clear primary water
file_5249,clear primary
file_5250,clear primary agriculture cultivation habitation
file_5251,clear primary
file_5252,clear primary agriculture water road bare_ground
file_5253,clear primary agriculture cultivation habitation road
file_5254,clear primary agriculture
file_5255,partly_cloudy primary
file_5256,clear primary
file_5257,clear primary
file_5258,clear primary agriculture habitation road
file_5259,partly_cloudy primary
file_5260,clear primary water road
file_5261,clear primary
file_5262,partly_cloudy cloudy primary water
file_5263,cloudy
file_5264,clear haze primary
file_5265,partly_cloudy primary
file_5266,cloudy
file_5267,clear primary agriculture cultivation
file_5268,clear primary
file_5269,clear primary
file_5270,clear primary
file_5271,clear primary agriculture habitation road
file_5272,clear primary agriculture cultivation habitation
file_5273,clear primary water
file_5274,clear primary agriculture
file_5275,clear primary
file_5276,partly_cloudy primary agriculture water road
file_5277,clear primary water
file_5278,clear primary
file_5279,partly_cloudy primary agriculture cultivation
file_5280,clear primary agriculture water
file_5281,clear primary agriculture water cultivation
file_5282,clear primary
file_5283,clear primary agriculture habitation road bare_ground
file_5284,partly_cloudy primary agriculture cultivation
file_5285,haze primary water
file_5286,clear haze primary agriculture cultivation
file_5287,clear primary
file_5288,clear primary agriculture water
file_5289,partly_cloudy primary agriculture cultivation
file_5290,clear primary
file_5291,clear primary water habitation road bare_ground artisinal_mine
file_5292,clear haze primary
file_5293,clear primary agriculture
file_5294,partly_cloudy primary agriculture water road
file_5295,haze primary water
file_5296,clear primary agriculture road
file_5297,clear primary agriculture water
file_5298,clear primary agriculture water bare_ground
file_5299,clear primary
file_5300,partly_cloudy primary
file_5301,cloudy water
file_5302,clear primary
file_5303,clear primary
file_5304,clear primary
file_5305,clear primary
file_5306,partly_cloudy primary
file_5307,clear primary
file_5308,clear primary agriculture habitation road
file_5309,clear haze primary agriculture water
file_5310,clear primary water road selective_logging
file_5311,clear primary
file_5312,clear primary
file_5313,clear primary agriculture road
file_5314,clear primary agriculture cultivation
file_5315,partly_cloudy primary agriculture road
file_5316,clear primary agriculture water road
file_5317,partly_cloudy primary agriculture habitation road
file_5318,partly_cloudy cloudy primary
file_5319,partly_cloudy primary agriculture road
file_5320,partly_cloudy primary agriculture habitation road
file_5321,haze primary
file_5322,clear primary agriculture water cultivation
file_5323,clear primary habitation road
file_5324,clear primary agriculture water habitation road
file_5325,clear primary agriculture road
file_5326,haze cloudy
file_5327,clear primary
file_5328,clear primary
file_5329,clear primary
file_5330,clear primary agriculture habitation road
file_5331,clear primary water
file_5332,clear primary
file_5333,clear primary water
file_5334,clear partly_cloudy primary water road
file_5335,partly_cloudy primary agriculture
file_5336,clear haze primary agriculture cultivation
file_5337,clear primary agriculture habitation road
file_5338,clear primary agriculture water
file_5339,clear primary
file_5340,clear primary
file_5341,clear primary agriculture road
file_5342,clear primary
file_5343,clear cloudy primary water
file_5344,clear primary agriculture road
file_5345,clear cloudy water
file_5346,clear haze primary
file_5347,partly_cloudy primary agriculture habitation road
file_5348,clear primary water road selective_logging
file_5349,clear primary agriculture water cultivation
file_5350,clear primary water
file_5351,clear primary agriculture water habitation road
file_5352,clear partly_cloudy primary agriculture water cultivation
file_5353,clear primary
file_5354,clear primary
file_5355,clear primary water road
file_5356,clear primary
file_5357,partly_cloudy primary
file_5358,clear primary
file_5359,partly_cloudy primary
file_5360,clear primary
file_5361,clear primary water
file_5362,partly_cloudy primary
file_5363,clear primary water
file_5364,clear primary
file_5365,clear primary agriculture road
file_5366,partly_cloudy primary
file_5367,partly_cloudy primary
file_5368,clear primary
file_5369,clear primary
file_5370,clear primary agriculture cultivation habitation road
file_5371,haze primary water
file_5372,clear partly_cloudy primary agriculture water cultivation road
file_5373,clear primary agriculture cultivation
file_5374,clear primary
file_5375,haze primary
file_5376,clear primary
file_5377,clear primary
file_5378,clear primary agriculture water bare_ground
file_5379,clear primary agriculture cultivation
file_5380,clear primary water
file_5381,partly_cloudy primary agriculture
file_5382,clear primary agriculture habitation road
file_5383,clear primary agriculture habitation road
file_5384,clear partly_cloudy primary agriculture cultivation
file_5385,clear primary
file_5386,partly_cloudy primary
file_5387,clear primary
file_5388,cloudy
file_5389,clear primary agriculture road
file_5390,partly_cloudy cloudy primary
file_5391,clear partly_cloudy primary water
file_5392,clear primary agriculture cultivation habitation
file_5393,partly_cloudy primary
file_5394,clear primary
file_5395,partly_cloudy primary
file_5396,clear primary agriculture habitation road
file_5397,clear primary
file_5398,clear primary
file_5399,clear partly_cloudy primary
file_5400,clear partly_cloudy primary water road conventional_mine bare_ground artisinal_mine
file_5401,partly_cloudy primary
file_5402,clear primary
file_5403,clear haze primary agriculture water
file_5404,haze cloudy primary
file_5405,clear primary
file_5406,partly_cloudy primary water
file_5407,clear primary
file_5408,clear primary
file_5409,clear primary
file_5410,clear primary agriculture road
file_5411,clear primary
file_5412,clear primary water
file_5413,partly_cloudy primary
file_5414,clear primary agriculture water habitation road
file_5415,clear primary
file_5416,clear primary
file_5417,clear primary agriculture cultivation road
file_5418,clear primary
file_5419,clear primary agriculture cultivation
file_5420,clear primary agriculture habitation road
file_5421,clear primary agriculture
file_5422,clear haze primary agriculture water road
file_5423,clear primary agriculture habitation road
file_5424,clear primary
file_5425,clear primary agriculture cultivation habitation road
file_5426,clear primary
file_5427,clear primary water
file_5428,partly_cloudy primary agriculture cultivation
file_5429,clear primary agriculture habitation road
file_5430,clear primary agriculture road bare_ground
file_5431,clear primary
file_5432,cloudy
file_5433,clear primary agriculture cultivation habitation road
file_5434,clear primary
file_5435,clear primary
file_5436,clear primary
file_5437,partly_cloudy primary
file_5438,clear primary water
file_5439,clear primary water road
file_5440,clear primary agriculture cultivation
file_5441,clear primary
file_5442,clear partly_cloudy primary agriculture cultivation
file_5443,clear primary
file_5444,clear primary
file_5445,clear haze primary agriculture cultivation
file_5446,clear primary
file_5447,clear primary agriculture cultivation
file_5448,clear primary water artisinal_mine
file_5449,clear primary agriculture road
file_5450,clear primary
file_5451,clear primary
file_5452,partly_cloudy primary agriculture cultivation
file_5453,clear primary
file_5454,clear primary agriculture cultivation
file_5455,partly_cloudy primary
file_5456,clear primary agriculture
file_5457,clear primary
file_5458,clear primary
file_5459,partly_cloudy primary
file_5460,clear primary agriculture water bare_ground artisinal_mine
file_5461,clear primary
file_5462,clear haze primary agriculture cultivation habitation
file_5463,clear primary
file_5464,clear primary agriculture cultivation habitation road
file_5465,partly_cloudy primary agriculture water road
file_5466,clear primary
file_5467,partly_cloudy primary
file_5468,clear haze primary
file_5469,clear primary
file_5470,clear primary agriculture road
file_5471,clear primary water road
file_5472,haze cloudy primary
file_5473,clear cloudy primary water
file_5474,clear primary water
file_5475,clear primary
file_5476,clear primary water road
file_5477,partly_cloudy primary water
file_5478,clear haze primary agriculture cultivation
file_5479,partly_cloudy primary
file_5480,clear primary water road artisinal_mine selective_logging
file_5481,partly_cloudy primary
file_5482,clear primary agriculture road
file_5483,clear primary agriculture cultivation road
file_5484,clear primary agriculture water cultivation
file_5485,clear primary agriculture water road
file_5486,clear primary agriculture water road
file_5487,clear primary agriculture water road
file_5488,partly_cloudy primary
file_5489,partly_cloudy primary
file_5490,clear primary
file_5491,clear primary
file_5492,clear partly_cloudy primary agriculture water road
file_5493,clear primary agriculture habitation road
file_5494,clear primary agriculture water cultivation habitation road
file_5495,clear primary
file_5496,clear primary
file_5497,clear primary
file_5498,clear primary agriculture cultivation
file_5499,clear primary water road selective_logging
file_5500,haze primary water
file_5501,clear primary agriculture water
file_5502,haze primary
file_5503,clear primary agriculture water
file_5504,clear primary agriculture cultivation habitation
file_5505,clear primary agriculture water cultivation
file_5506,clear primary agriculture cultivation habitation road
file_5507,haze cloudy primary
file_5508,clear primary agriculture habitation road
file_5509,clear primary
file_5510,clear primary
file_5511,clear primary agriculture water
file_5512,partly_cloudy primary
file_5513,clear primary
file_5514,clear primary agriculture habitation road
file_5515,clear primary
file_5516,clear primary agriculture
file_5517,cloudy
file_5518,clear primary
file_5519,clear primary agriculture cultivation habitation
file_5520,clear primary water
file_5521,partly_cloudy primary agriculture water road
file_5522,clear primary
file_5523,clear primary
file_5524,clear primary
file_5525,clear primary agriculture water cultivation
file_5526,clear primary water road
file_5527,clear primary agriculture cultivation habitation road
file_5528,clear primary
file_5529,clear cloudy primary agriculture water bare_ground
file_5530,partly_cloudy primary agriculture road
file_5531,partly_cloudy primary agriculture cultivation
file_5532,haze primary
file_5533,clear primary
file_5534,clear primary
file_5535,clear primary
file_5536,clear primary agriculture habitation road
file_5537,clear primary
file_5538,partly_cloudy primary
file_5539,clear primary agriculture cultivation habitation road
file_5540,haze primary agriculture water road
file_5541,clear primary
file_5542,clear primary
file_5543,clear partly_cloudy cloudy primary agriculture water habitation road conventional_mine bare_ground
file_5544,clear primary
file_5545,clear primary habitation road
file_5546,clear primary
file_5547,clear primary agriculture water cultivation
file_5548,clear primary agriculture cultivation
file_5549,clear primary agriculture water habitation road
file_5550,clear partly_cloudy primary agriculture road
file_5551,clear primary
file_5552,partly_cloudy primary
file_5553,clear primary agriculture cultivation
file_5554,clear primary water
file_5555,clear haze primary agriculture water cultivation road conventional_mine
file_5556,clear primary
file_5557,clear primary water
file_5558,clear primary agriculture habitation road
file_5559,clear primary
file_5560,clear primary water road
file_5561,clear primary water
file_5562,clear primary agriculture cultivation
file_5563,clear primary
file_5564,clear primary
file_5565,clear primary
file_5566,partly_cloudy primary
file_5567,partly_cloudy primary agriculture
file_5568,clear primary
file_5569,clear haze primary agriculture
file_5570,clear primary agriculture habitation road
file_5571,clear primary
file_5572,partly_cloudy primary agriculture cultivation road
file_5573,partly_cloudy primary agriculture water road
file_5574,partly_cloudy primary
file_5575,clear primary
file_5576,clear primary agriculture road
file_5577,clear primary
file_5578,clear primary agriculture cultivation
file_5579,partly_cloudy primary
file_5580,clear primary agriculture habitation road
file_5581,clear primary
file_5582,clear primary
file_5583,cloudy
file_5584,clear primary
file_5585,partly_cloudy primary agriculture water cultivation road
file_5586,clear primary
file_5587,clear primary agriculture water road
file_5588,clear primary agriculture cultivation
file_5589,clear primary
file_5590,partly_cloudy primary agriculture
file_5591,clear primary
file_5592,clear primary
file_5593,clear primary water artisinal_mine
file_5594,clear primary
file_5595,clear primary
file_5596,clear primary water
file_5597,partly_cloudy primary
file_5598,clear primary
file_5599,clear primary
file_5600,partly_cloudy primary agriculture
file_5601,clear primary
file_5602,clear primary agriculture cultivation road
file_5603,clear primary
file_5604,clear primary agriculture cultivation
file_5605,clear primary agriculture water habitation
file_5606,clear primary agriculture bare_ground
file_5607,partly_cloudy primary
file_5608,clear primary agriculture water
file_5609,haze primary
file_5610,clear primary agriculture cultivation
file_5611,clear primary agriculture habitation road
file_5612,partly_cloudy primary agriculture cultivation
file_5613,clear primary
file_5614,clear primary
file_5615,clear primary
file_5616,clear primary
file_5617,clear partly_cloudy primary water road
file_5618,partly_cloudy primary
file_5619,clear primary agriculture cultivation habitation
file_5620,clear primary
file_5621,clear primary agriculture water bare_ground
file_5622,clear primary
file_5623,clear primary
file_5624,clear primary agriculture habitation road
file_5625,clear primary
file_5626,clear primary
file_5627,clear primary blooming
file_5628,clear primary
file_5629,clear primary agriculture cultivation habitation road
file_5630,clear primary
file_5631,clear primary water artisinal_mine
file_5632,partly_cloudy primary agriculture road
file_5633,partly_cloudy primary
file_5634,clear primary
file_5635,clear primary
file_5636,clear primary
file_5637,clear primary
file_5638,clear primary
file_5639,clear primary
file_5640,clear primary
file_5641,clear primary
file_5642,clear primary
file_5643,clear primary
file_5644,clear primary agriculture water cultivation
file_5645,clear primary
file_5646,clear primary
file_5647,clear primary agriculture cultivation habitation road
file_5648,clear primary agriculture habitation road
file_5649,clear primary
file_5650,clear primary
file_5651,clear haze primary agriculture cultivation
file_5652,clear primary
file_5653,clear primary
file_5654,cloudy
file_5655,partly_cloudy primary agriculture water
file_5656,clear primary agriculture cultivation
file_5657,partly_cloudy primary agriculture water cultivation road
file_5658,clear primary
file_5659,clear primary agriculture habitation road
file_5660,clear primary
file_5661,clear primary
file_5662,clear primary
file_5663,clear primary agriculture water road
file_5664,clear primary agriculture cultivation
file_5665,partly_cloudy primary agriculture
file_5666,partly_cloudy cloudy primary
file_5667,partly_cloudy primary agriculture cultivation
file_5668,haze primary
file_5669,partly_cloudy cloudy primary
file_5670,clear primary agriculture
file_5671,clear partly_cloudy primary
file_5672,clear primary agriculture road
file_5673,clear primary
file_5674,clear primary
file_5675,clear primary agriculture habitation road
file_5676,clear primary agriculture water
file_5677,partly_cloudy primary water
file_5678,clear primary agriculture habitation road
file_5679,haze primary
file_5680,haze primary
file_5681,clear primary agriculture road
file_5682,clear primary agriculture habitation road
file_5683,cloudy
file_5684,clear primary
file_5685,clear primary agriculture water road
file_5686,clear haze primary agriculture water road
file_5687,clear primary
file_5688,clear primary agriculture water habitation road
file_5689,clear primary agriculture water habitation road
file_5690,clear primary
file_5691,haze primary
file_5692,clear partly_cloudy primary agriculture water cultivation road
file_5693,clear primary
file_5694,clear primary
file_5695,clear primary agriculture cultivation
file_5696,clear primary
file_5697,partly_cloudy primary agriculture cultivation
file_5698,clear primary agriculture
file_5699,clear primary agriculture habitation road
file_5700,partly_cloudy primary
file_5701,partly_cloudy primary agriculture cultivation habitation
file_5702,clear primary agriculture habitation road
file_5703,clear primary agriculture cultivation
file_5704,clear partly_cloudy primary water
file_5705,clear partly_cloudy primary agriculture cultivation
file_5706,clear haze cloudy primary water
file_5707,clear primary water
file_5708,clear primary agriculture water cultivation road
file_5709,clear partly_cloudy primary
file_5710,clear primary agriculture water road
file_5711,cloudy
file_5712,clear primary
file_5713,partly_cloudy primary
file_5714,clear primary agriculture cultivation
file_5715,clear primary agriculture cultivation
file_5716,clear primary agriculture cultivation
file_5717,clear primary agriculture water road bare_ground artisinal_mine
file_5718,clear primary water road
file_5719,clear primary agriculture cultivation
file_5720,clear primary agriculture water habitation road artisinal_mine
file_5721,clear primary
file_5722,clear primary agriculture habitation road
file_5723,cloudy
file_5724,haze primary
file_5725,clear primary agriculture cultivation habitation
file_5726,clear primary
file_5727,partly_cloudy primary agriculture water
file_5728,clear primary agriculture road bare_ground
file_5729,clear primary agriculture water road
file_5730,clear primary
file_5731,clear primary
file_5732,clear primary agriculture cultivation habitation road
file_5733,clear primary
file_5734,clear primary
file_5735,partly_cloudy cloudy primary
file_5736,clear primary
file_5737,partly_cloudy primary
file_5738,clear primary agriculture water cultivation habitation
file_5739,clear primary agriculture cultivation habitation road
file_5740,clear primary
file_5741,clear haze primary agriculture cultivation road
file_5742,clear primary
file_5743,clear primary road selective_logging
file_5744,clear primary water road
file_5745,clear primary
file_5746,clear primary
file_5747,clear primary agriculture water cultivation habitation road
file_5748,clear haze primary
file_5749,cloudy
file_5750,clear primary agriculture cultivation road
file_5751,clear primary water
file_5752,partly_cloudy primary
file_5753,partly_cloudy primary
file_5754,clear primary
file_5755,clear primary
file_5756,clear primary agriculture water cultivation
file_5757,clear primary agriculture cultivation
file_5758,clear primary agriculture cultivation
file_5759,clear haze primary agriculture cultivation
file_5760,partly_cloudy primary agriculture road
file_5761,partly_cloudy primary
file_5762,clear primary
file_5763,clear primary water
file_5764,clear primary water road
file_5765,partly_cloudy primary
file_5766,clear primary agriculture habitation road
file_5767,clear primary agriculture water habitation road
file_5768,clear primary agriculture cultivation habitation road
file_5769,clear haze partly_cloudy primary agriculture road
file_5770,clear primary agriculture water
file_5771,partly_cloudy primary agriculture cultivation
file_5772,clear partly_cloudy primary water
file_5773,clear primary agriculture cultivation
file_5774,clear primary
file_5775,clear primary agriculture cultivation habitation
file_5776,clear primary
file_5777,clear primary
file_5778,clear primary agriculture water cultivation
file_5779,clear primary agriculture water road
file_5780,clear primary water road artisinal_mine
file_5781,clear haze primary water
file_5782,clear primary
file_5783,clear haze primary agriculture cultivation
file_5784,partly_cloudy primary
file_5785,clear partly_cloudy primary
file_5786,cloudy
file_5787,clear primary
file_5788,clear primary
file_5789,clear primary
file_5790,clear primary agriculture road bare_ground
file_5791,clear primary agriculture habitation road
file_5792,clear primary
file_5793,clear primary
file_5794,clear primary water
file_5795,clear primary agriculture cultivation
file_5796,clear primary agriculture water habitation road
file_5797,clear primary agriculture road
file_5798,clear primary
file_5799,clear primary
file_5800,clear primary
file_5801,partly_cloudy primary agriculture
file_5802,clear primary agriculture cultivation habitation road
file_5803,clear primary
file_5804,clear haze primary agriculture water road
file_5805,clear primary
file_5806,clear primary agriculture habitation road
file_5807,clear primary
file_5808,clear primary agriculture road
file_5809,clear primary agriculture
file_5810,clear primary
file_5811,haze cloudy primary
file_5812,partly_cloudy primary agriculture water road
file_5813,clear partly_cloudy primary agriculture habitation road
file_5814,clear primary
file_5815,clear primary
file_5816,clear primary
file_5817,clear primary agriculture water road
file_5818,clear primary
file_5819,clear primary agriculture water road
file_5820,clear primary agriculture cultivation
file_5821,cloudy
file_5822,clear primary
file_5823,clear primary road selective_logging
file_5824,clear partly_cloudy primary water
file_5825,partly_cloudy primary agriculture cultivation habitation
file_5826,clear primary agriculture road
file_5827,clear primary
file_5828,clear primary
file_5829,clear primary agriculture cultivation habitation
file_5830,clear primary
file_5831,clear primary agriculture cultivation
file_5832,partly_cloudy primary
file_5833,clear primary
file_5834,clear primary
file_5835,clear primary
file_5836,clear primary
file_5837,partly_cloudy primary agriculture road
file_5838,haze cloudy
file_5839,clear primary
file_5840,clear primary agriculture water cultivation habitation road
file_5841,cloudy
file_5842,clear primary road
file_5843,partly_cloudy primary agriculture water
file_5844,clear primary
file_5845,clear primary agriculture cultivation
file_5846,clear haze primary agriculture cultivation habitation
file_5847,clear primary agriculture road
file_5848,clear primary agriculture cultivation habitation
file_5849,clear primary agriculture bare_ground
file_5850,clear primary agriculture cultivation
file_5851,clear primary agriculture cultivation
file_5852,clear primary
file_5853,clear primary
file_5854,clear primary water
file_5855,clear primary agriculture road
file_5856,clear primary agriculture cultivation
file_5857,clear primary
file_5858,clear primary agriculture cultivation
file_5859,haze cloudy primary
file_5860,clear primary agriculture habitation road
file_5861,partly_cloudy primary
file_5862,clear primary agriculture cultivation habitation
file_5863,clear primary water road
file_5864,partly_cloudy primary agriculture
file_5865,clear primary
file_5866,partly_cloudy primary agriculture water cultivation
file_5867,cloudy
file_5868,clear primary agriculture cultivation habitation
file_5869,partly_cloudy primary
file_5870,clear primary agriculture cultivation
file_5871,partly_cloudy primary water
file_5872,clear primary agriculture water cultivation habitation
file_5873,clear primary
file_5874,clear primary blooming
file_5875,cloudy
file_5876,partly_cloudy primary water road
file_5877,clear primary
file_5878,clear primary
file_5879,partly_cloudy primary agriculture cultivation habitation road
file_5880,clear primary water artisinal_mine
file_5881,clear primary water road
file_5882,clear primary
file_5883,clear primary
file_5884,clear primary agriculture habitation road
file_5885,clear primary
file_5886,clear primary
file_5887,partly_cloudy primary agriculture road
file_5888,clear primary agriculture cultivation
file_5889,clear primary agriculture cultivation
file_5890,partly_cloudy primary
file_5891,clear primary agriculture road bare_ground
file_5892,clear primary agriculture habitation road
file_5893,clear primary
file_5894,clear primary agriculture cultivation
file_5895,haze primary
file_5896,clear primary agriculture cultivation
file_5897,clear primary
file_5898,clear primary
file_5899,clear primary agriculture cultivation habitation road
file_5900,clear primary
file_5901,clear primary agriculture water cultivation
file_5902,clear primary
file_5903,clear primary
file_5904,partly_cloudy primary agriculture habitation road
file_5905,partly_cloudy cloudy primary water
file_5906,haze cloudy
file_5907,clear primary agriculture water habitation road
file_5908,clear primary
file_5909,clear primary agriculture water
file_5910,clear primary
file_5911,clear primary agriculture cultivation habitation road
file_5912,clear partly_cloudy primary agriculture road
file_5913,clear primary agriculture road bare_ground
file_5914,clear haze primary water road
file_5915,clear haze primary water
file_5916,clear primary
file_5917,clear primary water road
file_5918,clear primary agriculture road
file_5919,clear primary
file_5920,clear primary agriculture road
file_5921,clear primary
file_5922,partly_cloudy primary water
file_5923,clear primary agriculture water
file_5924,clear primary
file_5925,clear primary agriculture cultivation
file_5926,clear primary
file_5927,clear primary road blooming selective_logging
file_5928,clear haze primary
file_5929,clear primary agriculture water
file_5930,clear primary agriculture habitation road
file_5931,clear primary
file_5932,clear primary
file_5933,partly_cloudy primary agriculture cultivation
file_5934,clear primary
file_5935,clear primary agriculture cultivation habitation road
file_5936,clear primary agriculture water
file_5937,clear cloudy water
file_5938,clear primary agriculture habitation road
file_5939,clear primary water
file_5940,partly_cloudy primary
file_5941,clear partly_cloudy primary agriculture cultivation
file_5942,clear primary
file_5943,haze primary
file_5944,clear primary water
file_5945,partly_cloudy primary agriculture road
file_5946,clear primary
file_5947,clear primary
file_5948,clear primary agriculture cultivation
file_5949,partly_cloudy primary agriculture water road
file_5950,partly_cloudy primary
file_5951,clear haze primary agriculture cultivation habitation road
file_5952,clear primary agriculture cultivation
file_5953,clear haze partly_cloudy primary agriculture water road
file_5954,clear partly_cloudy primary agriculture water cultivation habitation road
file_5955,clear primary
file_5956,clear primary agriculture water bare_ground
file_5957,clear primary agriculture road
file_5958,partly_cloudy primary
file_5959,clear primary agriculture habitation road
file_5960,clear primary
file_5961,clear partly_cloudy primary agriculture
file_5962,clear primary agriculture cultivation
file_5963,clear primary agriculture
file_5964,partly_cloudy cloudy primary
file_5965,clear haze primary
file_5966,clear primary agriculture cultivation
file_5967,clear primary water habitation road
file_5968,clear partly_cloudy primary
file_5969,clear partly_cloudy primary agriculture cultivation habitation road
file_5970,clear primary
file_5971,partly_cloudy primary
file_5972,cloudy
file_5973,partly_cloudy primary water
file_5974,clear primary
file_5975,clear primary
file_5976,clear primary
file_5977,clear primary
file_5978,clear partly_cloudy primary agriculture road
file_5979,partly_cloudy primary
file_5980,clear primary agriculture water habitation road
file_5981,clear primary
file_5982,clear primary agriculture habitation road
file_5983,clear primary
file_5984,clear primary agriculture
file_5985,clear primary agriculture cultivation habitation road
file_5986,haze cloudy
file_5987,clear primary
file_5988,clear primary agriculture habitation road
file_5989,clear primary
file_5990,clear partly_cloudy primary agriculture cultivation
file_5991,clear primary agriculture cultivation
file_5992,partly_cloudy primary agriculture
file_5993,partly_cloudy primary agriculture road
file_5994,partly_cloudy primary
file_5995,clear cloudy water
file_5996,clear primary water
file_5997,clear primary agriculture water cultivation
file_5998,clear primary agriculture cultivation habitation road
file_5999,clear primary
file_6000,clear primary
file_6001,clear primary
file_6002,clear primary
file_6003,clear primary water road
file_6004,clear primary
file_6005,clear primary
file_6006,partly_cloudy primary
file_6007,partly_cloudy primary
file_6008,clear primary
file_6009,clear primary
file_6010,clear primary
file_6011,clear primary agriculture habitation road
file_6012,cloudy
file_6013,clear primary
file_6014,partly_cloudy primary agriculture road
file_6015,partly_cloudy primary water
file_6016,clear primary
file_6017,clear primary
file_6018,partly_cloudy primary
file_6019,clear primary agriculture habitation road
file_6020,clear haze primary agriculture cultivation road
file_6021,clear primary water
file_6022,clear primary water
file_6023,clear primary agriculture water habitation road
file_6024,partly_cloudy primary agriculture water road
file_6025,clear primary
file_6026,clear primary agriculture cultivation
file_6027,clear primary
file_6028,clear primary water
file_6029,clear primary agriculture cultivation
file_6030,clear primary agriculture cultivation road
file_6031,clear cloudy water
file_6032,clear primary
file_6033,clear primary agriculture cultivation
file_6034,clear primary
file_6035,haze primary
file_6036,clear primary agriculture cultivation
file_6037,partly_cloudy primary
file_6038,clear primary agriculture cultivation habitation road
file_6039,clear haze primary agriculture water road
file_6040,clear primary
file_6041,clear primary agriculture habitation road
file_6042,clear primary agriculture water
file_6043,clear primary agriculture
file_6044,clear primary
file_6045,clear primary agriculture cultivation
file_6046,clear primary agriculture water cultivation
file_6047,clear primary
file_6048,clear primary agriculture cultivation habitation road
file_6049,clear primary agriculture road
file_6050,clear primary
file_6051,clear primary
file_6052,clear primary
file_6053,clear primary
file_6054,clear primary agriculture cultivation habitation
file_6055,haze cloudy primary agriculture water
file_6056,clear primary agriculture cultivation
file_6057,clear primary
file_6058,clear haze primary agriculture road
file_6059,clear primary
file_6060,clear primary agriculture cultivation
file_6061,clear primary agriculture cultivation
file_6062,cloudy
file_6063,clear primary agriculture water road
file_6064,clear primary agriculture cultivation
file_6065,clear haze primary water
file_6066,clear primary
file_6067,clear primary agriculture cultivation
file_6068,clear primary agriculture habitation road bare_ground
file_6069,clear primary agriculture water cultivation road
file_6070,clear primary
file_6071,clear primary
file_6072,clear haze primary
file_6073,clear primary agriculture habitation road
file_6074,partly_cloudy primary
file_6075,clear primary agriculture water habitation road
file_6076,cloudy
file_6077,clear primary agriculture habitation road
file_6078,clear primary water
file_6079,clear primary
file_6080,haze primary
file_6081,clear primary agriculture water cultivation road
file_6082,clear haze primary
file_6083,clear haze cloudy primary water
file_6084,clear primary
file_6085,partly_cloudy primary agriculture
file_6086,clear primary agriculture water habitation road
file_6087,haze primary
file_6088,haze primary
file_6089,clear primary agriculture road
file_6090,clear primary
file_6091,clear primary
file_6092,clear primary water
file_6093,haze primary water
file_6094,clear primary water road
file_6095,clear primary agriculture cultivation
file_6096,clear primary
file_6097,clear primary habitation road
file_6098,clear primary agriculture water cultivation habitation road
file_6099,clear primary
file_6100,clear haze primary
file_6101,partly_cloudy primary
file_6102,clear primary agriculture cultivation road
file_6103,clear primary water road selective_logging
file_6104,clear primary
file_6105,partly_cloudy primary
file_6106,clear primary
file_6107,clear primary
file_6108,clear primary
file_6109,partly_cloudy cloudy primary
file_6110,clear primary
file_6111,partly_cloudy primary
file_6112,clear primary
file_6113,clear primary
file_6114,haze primary agriculture cultivation
file_6115,clear primary
file_6116,clear primary
file_6117,clear primary
file_6118,partly_cloudy primary
file_6119,haze cloudy primary
file_6120,haze partly_cloudy primary water
file_6121,clear primary agriculture cultivation
file_6122,partly_cloudy primary
file_6123,clear primary
file_6124,haze cloudy primary
file_6125,clear primary agriculture cultivation habitation road
file_6126,partly_cloudy primary agriculture water
file_6127,partly_cloudy primary agriculture cultivation
file_6128,cloudy
file_6129,clear primary
file_6130,clear primary
file_6131,clear primary agriculture water cultivation road
file_6132,partly_cloudy primary agriculture cultivation habitation road
file_6133,clear primary
file_6134,partly_cloudy primary
file_6135,clear primary
file_6136,clear primary agriculture cultivation habitation road
file_6137,partly_cloudy primary
file_6138,partly_cloudy primary agriculture cultivation
file_6139,partly_cloudy primary agriculture cultivation
file_6140,clear primary agriculture habitation road
file_6141,partly_cloudy cloudy
file_6142,clear primary water road
file_6143,clear primary
file_6144,clear primary
file_6145,clear primary agriculture water habitation road
file_6146,clear haze primary agriculture cultivation
file_6147,clear primary agriculture water road
file_6148,haze cloudy primary
file_6149,clear primary agriculture cultivation
file_6150,clear primary agriculture cultivation
file_6151,clear partly_cloudy primary agriculture water
file_6152,clear primary
file_6153,clear primary
file_6154,clear primary blooming selective_logging
file_6155,clear primary
file_6156,haze cloudy
file_6157,clear primary
file_6158,clear primary agriculture
file_6159,clear primary agriculture cultivation
file_6160,clear primary agriculture cultivation road
file_6161,partly_cloudy primary agriculture road
file_6162,clear primary
file_6163,clear primary
file_6164,partly_cloudy cloudy
file_6165,clear primary
file_6166,clear primary water
file_6167,clear primary
file_6168,clear primary agriculture habitation road
file_6169,clear partly_cloudy primary agriculture cultivation
file_6170,clear primary
file_6171,cloudy
file_6172,haze cloudy primary water
file_6173,clear primary
file_6174,clear primary
file_6175,partly_cloudy primary agriculture habitation road
file_6176,clear partly_cloudy primary
file_6177,clear primary
file_6178,clear primary agriculture habitation road
file_6179,clear haze primary agriculture water road
file_6180,clear primary agriculture water habitation road
file_6181,haze cloudy primary
file_6182,clear primary agriculture road
file_6183,clear primary agriculture water road
file_6184,clear primary
file_6185,clear primary
file_6186,partly_cloudy primary agriculture
file_6187,clear primary
file_6188,clear primary water
file_6189,clear primary
file_6190,clear primary agriculture
file_6191,clear primary water
file_6192,clear primary agriculture water cultivation habitation
file_6193,clear primary agriculture habitation road
file_6194,partly_cloudy primary
file_6195,clear primary agriculture water habitation road
file_6196,clear primary
file_6197,clear primary agriculture habitation road
file_6198,clear primary water
file_6199,cloudy
file_6200,clear primary agriculture cultivation
file_6201,clear primary water
file_6202,clear primary water artisinal_mine
file_6203,clear primary
file_6204,clear primary agriculture cultivation habitation
file_6205,clear primary
file_6206,clear primary agriculture habitation road bare_ground
file_6207,clear primary agriculture habitation road bare_ground
file_6208,clear primary agriculture road
file_6209,partly_cloudy primary water
file_6210,partly_cloudy primary water
file_6211,clear primary agriculture
file_6212,clear primary agriculture cultivation
file_6213,clear primary agriculture road
file_6214,clear primary
file_6215,clear primary water road
file_6216,clear primary
file_6217,clear primary agriculture water road
file_6218,clear primary agriculture road
file_6219,partly_cloudy primary
file_6220,clear primary
file_6221,haze primary
file_6222,clear partly_cloudy primary
file_6223,clear primary
file_6224,clear primary
file_6225,clear primary road selective_logging
file_6226,clear primary
file_6227,clear primary agriculture cultivation
file_6228,clear primary agriculture habitation road
file_6229,clear primary agriculture cultivation habitation road
file_6230,clear primary
file_6231,clear primary agriculture water cultivation habitation
file_6232,haze primary agriculture water
file_6233,clear primary agriculture habitation road
file_6234,clear haze primary
file_6235,clear primary water
file_6236,clear primary agriculture cultivation
file_6237,haze cloudy
file_6238,haze primary
file_6239,clear primary agriculture cultivation
file_6240,clear primary agriculture cultivation
file_6241,partly_cloudy cloudy primary agriculture
file_6242,partly_cloudy primary agriculture cultivation
file_6243,clear primary
file_6244,clear primary
file_6245,clear primary water
file_6246,cloudy
file_6247,clear primary
file_6248,clear primary agriculture water habitation road
file_6249,clear primary
file_6250,partly_cloudy primary agriculture water
file_6251,haze cloudy primary
file_6252,clear primary agriculture cultivation
file_6253,partly_cloudy primary water
file_6254,clear primary agriculture water
file_6255,cloudy
file_6256,clear partly_cloudy primary agriculture cultivation habitation road
file_6257,clear primary
file_6258,clear primary agriculture habitation road
file_6259,clear primary
file_6260,clear primary blooming selective_logging
file_6261,partly_cloudy primary agriculture road
file_6262,clear primary agriculture bare_ground
file_6263,clear primary
file_6264,clear primary agriculture road
file_6265,clear primary agriculture road
file_6266,clear primary
file_6267,clear primary water road
file_6268,clear primary agriculture bare_ground
file_6269,haze primary agriculture road
file_6270,clear primary
file_6271,clear primary water
file_6272,partly_cloudy primary agriculture cultivation habitation road
file_6273,clear primary agriculture habitation road
file_6274,clear primary agriculture cultivation
file_6275,clear partly_cloudy primary
file_6276,clear primary agriculture cultivation road
file_6277,clear primary
file_6278,clear primary
file_6279,clear primary agriculture road
file_6280,clear primary
file_6281,partly_cloudy primary
file_6282,clear primary
file_6283,clear primary
file_6284,clear haze primary
file_6285,partly_cloudy cloudy primary agriculture
file_6286,clear primary
file_6287,partly_cloudy primary agriculture habitation road
file_6288,clear primary agriculture water
file_6289,clear primary agriculture water cultivation habitation
file_6290,clear primary
file_6291,partly_cloudy primary agriculture water road
file_6292,clear primary agriculture habitation road
file_6293,partly_cloudy primary
file_6294,partly_cloudy primary
file_6295,clear primary
file_6296,clear primary agriculture road
file_6297,clear primary water
file_6298,clear primary agriculture cultivation
file_6299,partly_cloudy primary agriculture
file_6300,clear primary
file_6301,clear primary
file_6302,partly_cloudy cloudy primary
file_6303,clear primary agriculture water habitation road bare_ground
file_6304,clear primary
file_6305,clear primary water habitation road
file_6306,clear primary
file_6307,cloudy
file_6308,clear partly_cloudy primary
file_6309,haze primary agriculture water road
file_6310,clear primary
file_6311,partly_cloudy primary agriculture habitation road
file_6312,partly_cloudy primary
file_6313,clear haze primary agriculture water
file_6314,clear primary blooming selective_logging
file_6315,haze partly_cloudy primary agriculture
file_6316,clear primary water road
file_6317,clear cloudy primary water
file_6318,clear primary
file_6319,clear primary agriculture water cultivation habitation road
file_6320,partly_cloudy primary
file_6321,clear primary agriculture cultivation
file_6322,haze primary
file_6323,clear primary
file_6324,clear primary agriculture cultivation habitation road
file_6325,clear primary
file_6326,clear haze primary agriculture habitation road
file_6327,clear primary
file_6328,haze cloudy primary
file_6329,partly_cloudy primary
file_6330,clear primary
file_6331,clear primary
file_6332,clear primary
file_6333,partly_cloudy primary agriculture road
file_6334,clear primary water
file_6335,clear primary
file_6336,clear primary
file_6337,partly_cloudy primary
file_6338,partly_cloudy primary
file_6339,clear cloudy water
file_6340,clear primary
file_6341,clear primary
file_6342,clear primary agriculture cultivation habitation road
file_6343,partly_cloudy primary
file_6344,partly_cloudy cloudy primary agriculture
file_6345,clear primary agriculture road
file_6346,haze cloudy
file_6347,partly_cloudy primary
file_6348,clear primary
file_6349,clear primary agriculture cultivation road
file_6350,clear primary agriculture water bare_ground
file_6351,clear primary
file_6352,clear primary agriculture water
file_6353,clear cloudy water
file_6354,clear primary
file_6355,clear primary
file_6356,clear primary
file_6357,clear primary agriculture water habitation
file_6358,clear primary
file_6359,clear primary agriculture water road
file_6360,clear primary habitation road
file_6361,clear primary agriculture road
file_6362,clear primary water road
file_6363,clear primary water road
file_6364,clear primary
file_6365,clear primary agriculture road
file_6366,partly_cloudy primary agriculture
file_6367,clear primary
file_6368,clear primary agriculture water cultivation
file_6369,clear primary agriculture habitation road
file_6370,clear primary
file_6371,clear primary agriculture cultivation road
file_6372,clear primary agriculture cultivation habitation road
file_6373,partly_cloudy primary
file_6374,clear primary agriculture habitation road
file_6375,clear primary water
file_6376,clear primary
file_6377,clear primary
file_6378,clear primary
file_6379,clear primary agriculture water cultivation habitation road
file_6380,partly_cloudy primary agriculture cultivation
file_6381,clear primary
file_6382,clear primary agriculture cultivation
file_6383,clear primary
file_6384,clear primary
file_6385,cloudy
file_6386,clear primary
file_6387,clear primary
file_6388,haze primary agriculture water road
file_6389,clear primary
file_6390,partly_cloudy primary agriculture
file_6391,haze primary
file_6392,clear primary agriculture cultivation
file_6393,clear cloudy primary water
file_6394,clear primary
file_6395,clear primary agriculture road
file_6396,cloudy
file_6397,clear primary agriculture water cultivation road
file_6398,clear primary
file_6399,clear partly_cloudy primary
file_6400,clear primary
file_6401,clear primary agriculture
file_6402,clear primary
file_6403,clear primary
file_6404,haze cloudy primary
file_6405,clear primary
file_6406,clear primary agriculture water cultivation
file_6407,partly_cloudy cloudy primary
file_6408,clear primary agriculture water cultivation
file_6409,clear primary water road selective_logging
file_6410,clear primary
file_6411,clear primary
file_6412,clear primary
file_6413,clear primary
file_6414,clear primary
file_6415,partly_cloudy cloudy primary
file_6416,clear primary agriculture cultivation habitation road
file_6417,clear primary agriculture
file_6418,partly_cloudy primary agriculture water road
file_6419,partly_cloudy cloudy primary
file_6420,partly_cloudy primary agriculture
file_6421,clear primary agriculture cultivation habitation road
file_6422,clear primary road blooming selective_logging
file_6423,clear primary
file_6424,clear primary agriculture habitation road
file_6425,clear haze partly_cloudy primary agriculture cultivation road
file_6426,clear primary
file_6427,clear primary
file_6428,clear primary
file_6429,clear partly_cloudy primary agriculture habitation road
file_6430,clear primary agriculture cultivation road
file_6431,clear primary
file_6432,partly_cloudy primary water
file_6433,haze primary agriculture water
file_6434,clear primary
file_6435,cloudy
file_6436,haze primary agriculture water road
file_6437,clear primary agriculture cultivation
file_6438,clear primary agriculture
file_6439,clear primary
file_6440,clear primary
file_6441,partly_cloudy primary agriculture cultivation
file_6442,clear primary agriculture cultivation habitation road
file_6443,partly_cloudy cloudy primary
file_6444,cloudy
file_6445,clear primary
file_6446,partly_cloudy primary
file_6447,cloudy
file_6448,clear primary agriculture cultivation
file_6449,clear primary
file_6450,clear primary water
file_6451,clear primary
file_6452,clear primary
file_6453,clear primary
file_6454,partly_cloudy primary agriculture cultivation
file_6455,clear primary
file_6456,partly_cloudy primary
file_6457,clear primary water
file_6458,partly_cloudy primary
file_6459,clear primary water
file_6460,clear partly_cloudy primary agriculture cultivation
file_6461,partly_cloudy primary
file_6462,clear primary
file_6463,clear primary agriculture habitation road
file_6464,clear primary
file_6465,clear primary
file_6466,partly_cloudy primary agriculture
file_6467,clear primary
file_6468,clear primary
file_6469,clear primary agriculture cultivation habitation
file_6470,partly_cloudy primary
file_6471,cloudy
file_6472,clear primary agriculture water cultivation road
file_6473,clear primary
file_6474,clear primary agriculture
file_6475,clear primary agriculture road
file_6476,partly_cloudy primary
file_6477,partly_cloudy primary agriculture water
file_6478,clear primary water road
file_6479,partly_cloudy primary agriculture cultivation road
file_6480,cloudy
file_6481,clear primary
file_6482,clear primary
file_6483,clear primary agriculture habitation road bare_ground
file_6484,clear primary
file_6485,clear primary
file_6486,clear primary
file_6487,clear primary road selective_logging
file_6488,clear primary agriculture habitation road
file_6489,partly_cloudy primary
file_6490,partly_cloudy primary
file_6491,clear primary agriculture cultivation
file_6492,clear primary
file_6493,clear primary
file_6494,partly_cloudy primary
file_6495,clear haze primary
file_6496,clear primary
file_6497,clear primary agriculture cultivation road
file_6498,clear primary agriculture water road
file_6499,partly_cloudy primary agriculture water
file_6500,clear primary agriculture cultivation
file_6501,clear primary
file_6502,clear primary
file_6503,clear primary
file_6504,partly_cloudy primary agriculture water road
file_6505,clear primary
file_6506,clear primary agriculture road
file_6507,clear primary agriculture
file_6508,clear haze primary water
file_6509,clear primary agriculture habitation road
file_6510,clear partly_cloudy primary
file_6511,partly_cloudy primary agriculture cultivation
file_6512,clear primary water
file_6513,clear primary
file_6514,clear primary
file_6515,clear primary agriculture cultivation habitation road
file_6516,clear primary water
file_6517,cloudy
file_6518,clear primary habitation road
file_6519,clear primary
file_6520,partly_cloudy primary water
file_6521,clear primary agriculture cultivation
file_6522,clear primary
file_6523,clear primary
file_6524,partly_cloudy primary agriculture road
file_6525,clear haze primary
file_6526,clear primary agriculture habitation road
file_6527,clear primary
file_6528,clear primary
file_6529,clear primary agriculture water
file_6530,cloudy
file_6531,clear primary agriculture cultivation habitation
file_6532,clear primary
file_6533,clear primary agriculture habitation road bare_ground
file_6534,haze partly_cloudy primary
file_6535,haze cloudy
file_6536,clear primary
file_6537,clear primary
file_6538,cloudy
file_6539,partly_cloudy primary
file_6540,partly_cloudy primary
file_6541,clear primary agriculture cultivation habitation
file_6542,partly_cloudy primary agriculture habitation road
file_6543,partly_cloudy primary
file_6544,clear haze primary agriculture habitation road
file_6545,clear primary
file_6546,clear primary agriculture water
file_6547,clear primary agriculture water cultivation
file_6548,clear primary
file_6549,clear primary
file_6550,clear primary agriculture water cultivation habitation
file_6551,clear primary agriculture
file_6552,clear primary agriculture water cultivation
file_6553,clear primary
file_6554,clear primary
file_6555,clear primary water road
file_6556,clear primary water road
file_6557,clear primary
file_6558,clear primary
file_6559,clear primary
file_6560,clear primary water
file_6561,clear primary
file_6562,clear primary
file_6563,partly_cloudy primary agriculture cultivation
file_6564,clear primary
file_6565,partly_cloudy primary agriculture cultivation
file_6566,haze primary
file_6567,clear haze primary agriculture cultivation road
file_6568,clear partly_cloudy primary agriculture water cultivation
file_6569,clear primary
file_6570,clear haze primary agriculture water
file_6571,clear primary
file_6572,clear primary agriculture cultivation habitation road
file_6573,cloudy
file_6574,clear primary agriculture water
file_6575,clear primary agriculture habitation road
file_6576,clear primary agriculture road bare_ground
file_6577,clear partly_cloudy primary agriculture road
file_6578,partly_cloudy primary
file_6579,clear primary
file_6580,partly_cloudy primary
file_6581,clear primary agriculture water cultivation road
file_6582,clear primary water
file_6583,cloudy
file_6584,clear primary
file_6585,clear primary
file_6586,partly_cloudy primary agriculture cultivation
file_6587,haze primary
file_6588,clear primary
file_6589,clear primary
file_6590,partly_cloudy primary
file_6591,clear primary agriculture water road
file_6592,clear primary
file_6593,clear primary
file_6594,clear primary agriculture water cultivation habitation road
file_6595,cloudy
file_6596,clear primary
file_6597,partly_cloudy primary
file_6598,clear primary agriculture habitation road
file_6599,clear primary
file_6600,clear haze primary
file_6601,partly_cloudy primary
file_6602,clear primary
file_6603,clear primary
file_6604,clear primary agriculture cultivation
file_6605,clear primary agriculture habitation road
file_6606,clear primary agriculture road
file_6607,clear primary agriculture cultivation road
file_6608,haze primary
file_6609,cloudy
file_6610,clear primary
file_6611,partly_cloudy primary
file_6612,clear primary agriculture
file_6613,clear primary
file_6614,clear primary habitation road
file_6615,clear primary
file_6616,clear primary agriculture cultivation
file_6617,clear primary water
file_6618,clear primary agriculture cultivation
file_6619,clear primary
file_6620,clear primary agriculture cultivation habitation
file_6621,clear partly_cloudy primary agriculture cultivation
file_6622,clear primary agriculture water road
file_6623,clear primary
file_6624,clear primary
file_6625,clear primary
file_6626,haze partly_cloudy primary
file_6627,clear primary
file_6628,clear primary agriculture cultivation road
file_6629,clear primary agriculture cultivation
file_6630,clear primary
file_6631,clear primary water bare_ground artisinal_mine
file_6632,partly_cloudy primary water road
file_6633,partly_cloudy primary agriculture water road
file_6634,clear primary agriculture cultivation
file_6635,clear primary
file_6636,cloudy
file_6637,clear primary
file_6638,clear primary agriculture cultivation
file_6639,clear partly_cloudy primary
file_6640,clear primary
file_6641,partly_cloudy primary agriculture water
file_6642,clear primary
file_6643,clear primary agriculture cultivation
file_6644,clear primary agriculture road
file_6645,clear primary
file_6646,clear primary agriculture road
file_6647,clear primary
file_6648,haze primary
file_6649,clear primary agriculture water bare_ground
file_6650,clear primary
file_6651,partly_cloudy primary agriculture water
file_6652,clear primary agriculture road
file_6653,partly_cloudy cloudy
file_6654,clear primary blooming selective_logging
file_6655,clear primary
file_6656,clear primary agriculture water road
file_6657,clear primary agriculture road
file_6658,clear primary
file_6659,partly_cloudy cloudy primary
file_6660,clear primary
file_6661,haze partly_cloudy primary agriculture water
file_6662,clear primary agriculture cultivation habitation road
file_6663,haze primary agriculture road
file_6664,clear primary
file_6665,clear primary agriculture cultivation road
file_6666,clear primary water
file_6667,clear primary
file_6668,clear primary
file_6669,clear primary agriculture cultivation habitation road
file_6670,clear primary agriculture road
file_6671,partly_cloudy cloudy primary
file_6672,clear haze primary agriculture
file_6673,haze primary
file_6674,clear primary
file_6675,clear primary
file_6676,clear primary water road selective_logging
file_6677,clear primary agriculture water cultivation road
file_6678,clear primary
file_6679,clear cloudy water
file_6680,partly_cloudy primary agriculture road
file_6681,clear primary agriculture
file_6682,haze primary agriculture water road
file_6683,clear primary agriculture road
file_6684,clear primary agriculture cultivation
file_6685,clear primary blooming
file_6686,haze primary
file_6687,clear primary agriculture cultivation road
file_6688,clear primary
file_6689,partly_cloudy primary agriculture water cultivation road
file_6690,clear primary agriculture road
file_6691,clear primary
file_6692,clear primary
file_6693,clear primary
file_6694,clear primary
file_6695,clear primary
file_6696,clear primary
file_6697,haze partly_cloudy primary agriculture
file_6698,clear primary
file_6699,clear primary agriculture cultivation habitation road
file_6700,clear primary
file_6701,partly_cloudy primary
file_6702,clear agriculture water bare_ground
file_6703,partly_cloudy primary
file_6704,partly_cloudy primary agriculture water
file_6705,clear primary water bare_ground artisinal_mine
file_6706,partly_cloudy primary agriculture water cultivation habitation road
file_6707,clear primary
file_6708,clear primary agriculture cultivation
file_6709,clear partly_cloudy primary water
file_6710,clear primary
file_6711,clear cloudy primary water
file_6712,clear primary agriculture water
file_6713,clear primary
file_6714,clear haze primary agriculture habitation road
file_6715,clear primary habitation road
file_6716,clear primary water cultivation road selective_logging
file_6717,clear primary agriculture water cultivation road
file_6718,partly_cloudy primary
file_6719,clear primary
file_6720,clear primary agriculture water
file_6721,clear primary
file_6722,cloudy
file_6723,clear primary agriculture water
file_6724,partly_cloudy primary
file_6725,cloudy
file_6726,cloudy
file_6727,clear primary water road selective_logging
file_6728,clear primary
file_6729,cloudy
file_6730,haze cloudy primary
file_6731,clear primary
file_6732,clear partly_cloudy primary water
file_6733,clear primary water bare_ground artisinal_mine
file_6734,clear primary habitation road
file_6735,partly_cloudy primary
file_6736,clear primary agriculture habitation road
file_6737,clear primary agriculture cultivation road
file_6738,clear partly_cloudy primary agriculture cultivation
file_6739,cloudy
file_6740,clear primary
file_6741,clear primary agriculture cultivation road
file_6742,haze primary water
file_6743,cloudy
file_6744,clear primary
file_6745,partly_cloudy primary agriculture road
file_6746,partly_cloudy primary agriculture cultivation road
file_6747,clear primary agriculture cultivation habitation road
file_6748,partly_cloudy primary
file_6749,clear primary
file_6750,clear primary
file_6751,partly_cloudy primary agriculture road
file_6752,haze primary water
file_6753,clear primary agriculture road bare_ground
file_6754,clear primary
file_6755,clear partly_cloudy primary
file_6756,clear primary
file_6757,clear primary agriculture water cultivation habitation
file_6758,clear primary agriculture habitation road
file_6759,clear primary
file_6760,partly_cloudy primary agriculture cultivation
file_6761,clear primary
file_6762,clear primary water
file_6763,clear primary agriculture water cultivation habitation road
file_6764,clear primary agriculture cultivation
file_6765,clear primary agriculture water road
file_6766,clear partly_cloudy primary agriculture habitation road
file_6767,clear primary agriculture road
file_6768,clear primary
file_6769,clear primary agriculture cultivation habitation road
file_6770,clear primary water road selective_logging
file_6771,partly_cloudy primary agriculture
file_6772,clear primary agriculture water cultivation road
file_6773,clear primary habitation road
file_6774,clear primary
file_6775,clear partly_cloudy primary agriculture
file_6776,clear primary
file_6777,clear primary water
file_6778,clear primary blooming selective_logging
file_6779,partly_cloudy primary agriculture road
file_6780,clear partly_cloudy primary agriculture road
file_6781,partly_cloudy primary
file_6782,clear primary agriculture road
file_6783,clear primary agriculture water
file_6784,clear haze primary agriculture road
file_6785,clear primary water
file_6786,clear haze primary agriculture water road
file_6787,clear primary water road selective_logging
file_6788,clear primary
file_6789,clear haze primary
file_6790,clear primary agriculture habitation road
file_6791,partly_cloudy primary
file_6792,clear primary road selective_logging
file_6793,clear primary
file_6794,clear primary agriculture water cultivation
file_6795,partly_cloudy primary
file_6796,haze cloudy primary agriculture road
file_6797,clear primary agriculture road bare_ground
file_6798,clear haze primary water road
file_6799,partly_cloudy cloudy primary
file_6800,partly_cloudy cloudy primary
file_6801,clear primary water
file_6802,clear primary
file_6803,clear primary agriculture road
file_6804,partly_cloudy primary agriculture water
file_6805,partly_cloudy primary agriculture water cultivation
file_6806,clear haze primary
file_6807,clear primary
file_6808,clear primary
file_6809,clear partly_cloudy primary agriculture road
file_6810,clear primary water bare_ground artisinal_mine
file_6811,clear primary agriculture cultivation
file_6812,clear primary
file_6813,clear primary agriculture road
file_6814,partly_cloudy primary
file_6815,partly_cloudy primary
file_6816,clear primary
file_6817,clear primary
file_6818,clear primary agriculture water cultivation road
file_6819,clear primary
file_6820,clear primary road selective_logging
file_6821,clear primary
file_6822,clear primary agriculture cultivation road
file_6823,clear primary
file_6824,clear haze primary agriculture water habitation road
file_6825,clear primary
file_6826,clear primary water
file_6827,clear primary
file_6828,clear primary agriculture cultivation
file_6829,clear primary agriculture cultivation
file_6830,clear primary agriculture cultivation
file_6831,partly_cloudy primary
file_6832,clear primary
file_6833,clear primary agriculture habitation road bare_ground
file_6834,clear primary
file_6835,clear primary
file_6836,clear primary water road
file_6837,haze cloudy primary
file_6838,clear primary agriculture cultivation road
file_6839,clear primary agriculture water habitation road
file_6840,partly_cloudy primary
file_6841,clear primary agriculture water habitation road
file_6842,clear primary agriculture habitation road
file_6843,clear primary agriculture water cultivation
file_6844,clear primary agriculture water habitation road
file_6845,clear primary agriculture road
file_6846,clear primary agriculture cultivation
file_6847,clear primary agriculture cultivation
file_6848,clear primary
file_6849,clear primary agriculture water road
file_6850,partly_cloudy primary
file_6851,partly_cloudy primary agriculture road
file_6852,partly_cloudy primary agriculture road
file_6853,clear primary agriculture road
file_6854,clear primary water road
file_6855,clear primary
file_6856,clear primary
file_6857,clear partly_cloudy primary agriculture road
file_6858,clear haze primary agriculture water cultivation habitation
file_6859,clear primary
file_6860,partly_cloudy primary
file_6861,clear primary agriculture cultivation
file_6862,clear primary
file_6863,clear haze primary
file_6864,clear primary agriculture cultivation habitation road
file_6865,clear primary
file_6866,clear primary agriculture cultivation
file_6867,clear primary
file_6868,clear partly_cloudy primary agriculture habitation road
file_6869,clear primary
file_6870,cloudy
file_6871,haze primary
file_6872,clear primary agriculture water bare_ground
file_6873,clear primary agriculture cultivation
file_6874,clear primary habitation road
file_6875,clear primary
file_6876,clear primary
file_6877,clear primary agriculture habitation road
file_6878,partly_cloudy primary
file_6879,clear primary
file_6880,clear primary water
file_6881,clear primary cultivation
file_6882,haze cloudy primary water
file_6883,clear primary agriculture cultivation habitation road
file_6884,clear primary
file_6885,clear primary
file_6886,clear primary water
file_6887,clear primary agriculture cultivation
file_6888,clear primary water
file_6889,clear partly_cloudy primary agriculture cultivation
file_6890,clear primary agriculture cultivation
file_6891,clear primary
file_6892,clear primary agriculture cultivation road
file_6893,clear primary agriculture water
file_6894,haze cloudy primary
file_6895,partly_cloudy primary agriculture cultivation habitation
file_6896,clear primary
file_6897,partly_cloudy primary
file_6898,haze primary
file_6899,clear partly_cloudy cloudy primary road conventional_mine bare_ground
file_6900,clear primary
file_6901,haze primary agriculture cultivation
file_6902,partly_cloudy primary
file_6903,clear primary
file_6904,clear primary
file_6905,clear primary agriculture water
file_6906,partly_cloudy primary
file_6907,clear primary
file_6908,clear primary
file_6909,clear primary
file_6910,clear primary
file_6911,clear primary agriculture road
file_6912,clear primary water
file_6913,clear primary
file_6914,partly_cloudy primary agriculture
file_6915,clear primary
file_6916,haze primary
file_6917,cloudy
file_6918,haze primary
file_6919,clear primary agriculture cultivation
file_6920,clear primary agriculture water cultivation
file_6921,clear primary agriculture cultivation road
file_6922,partly_cloudy primary agriculture road
file_6923,clear partly_cloudy primary agriculture water road
file_6924,clear haze primary agriculture water road
file_6925,cloudy
file_6926,partly_cloudy primary agriculture cultivation
file_6927,clear primary agriculture water
file_6928,partly_cloudy primary agriculture road
file_6929,clear primary agriculture water cultivation habitation road
file_6930,clear primary agriculture habitation road
file_6931,clear haze primary agriculture cultivation road
file_6932,clear primary
file_6933,clear primary agriculture road
file_6934,partly_cloudy primary agriculture water road
file_6935,clear primary agriculture habitation road
file_6936,clear primary agriculture cultivation
file_6937,clear primary agriculture cultivation
file_6938,haze primary
file_6939,clear primary agriculture water cultivation habitation road
file_6940,clear primary
file_6941,clear primary
file_6942,clear primary agriculture cultivation habitation road
file_6943,clear primary
file_6944,clear primary
file_6945,clear primary
file_6946,haze partly_cloudy cloudy primary
file_6947,clear primary
file_6948,clear primary agriculture water habitation road
file_6949,partly_cloudy primary
file_6950,clear primary
file_6951,partly_cloudy primary
file_6952,clear primary
file_6953,clear primary agriculture water road
file_6954,clear primary agriculture cultivation
file_6955,haze primary
file_6956,haze cloudy primary
file_6957,cloudy
file_6958,clear primary agriculture water cultivation
file_6959,clear primary agriculture water cultivation habitation road
file_6960,clear haze primary agriculture water
file_6961,clear partly_cloudy primary agriculture water habitation road
file_6962,clear primary agriculture cultivation
file_6963,cloudy
file_6964,clear primary agriculture water cultivation habitation
file_6965,partly_cloudy primary agriculture
file_6966,clear primary water road selective_logging
file_6967,partly_cloudy primary
file_6968,partly_cloudy primary agriculture cultivation
file_6969,clear primary agriculture cultivation
file_6970,cloudy
file_6971,clear cloudy primary water
file_6972,clear primary agriculture road bare_ground
file_6973,clear haze primary agriculture cultivation
file_6974,haze cloudy primary
file_6975,clear primary water
file_6976,clear primary
file_6977,clear primary agriculture cultivation
file_6978,clear primary agriculture
file_6979,clear primary water
file_6980,clear primary
file_6981,clear primary
file_6982,partly_cloudy primary
file_6983,partly_cloudy primary agriculture road
file_6984,clear primary
file_6985,clear primary water road selective_logging
file_6986,partly_cloudy primary
file_6987,clear primary
file_6988,clear primary
file_6989,clear primary
file_6990,clear primary
file_6991,clear primary
file_6992,clear primary agriculture road
file_6993,clear primary agriculture cultivation
file_6994,partly_cloudy primary agriculture cultivation habitation road
file_6995,partly_cloudy primary agriculture habitation road
file_6996,clear primary blooming
file_6997,clear primary agriculture habitation road
file_6998,clear primary
file_6999,clear primary
file_7000,partly_cloudy primary
file_7001,clear primary agriculture road
file_7002,clear haze primary
file_7003,clear primary agriculture cultivation habitation road
file_7004,partly_cloudy primary agriculture
file_7005,haze primary agriculture water
file_7006,clear primary agriculture cultivation
file_7007,clear primary
file_7008,partly_cloudy primary agriculture road
file_7009,clear primary agriculture road
file_7010,clear partly_cloudy primary agriculture water
file_7011,partly_cloudy primary agriculture water
file_7012,clear primary
file_7013,clear primary water road
file_7014,partly_cloudy primary
file_7015,partly_cloudy primary
file_7016,partly_cloudy cloudy
file_7017,clear primary
file_7018,clear primary
file_7019,partly_cloudy primary
file_7020,clear primary agriculture water road
file_7021,clear primary
file_7022,partly_cloudy primary agriculture cultivation
file_7023,partly_cloudy primary agriculture
file_7024,clear primary
file_7025,clear primary
file_7026,partly_cloudy primary
file_7027,clear primary agriculture water
file_7028,clear primary
file_7029,clear primary
file_7030,partly_cloudy primary
file_7031,clear primary
file_7032,clear primary agriculture cultivation
file_7033,clear primary
file_7034,partly_cloudy primary
file_7035,clear haze primary
file_7036,clear primary agriculture cultivation
file_7037,clear primary water road
file_7038,haze cloudy primary
file_7039,clear primary agriculture habitation road
file_7040,clear primary agriculture water cultivation
file_7041,clear primary agriculture bare_ground
file_7042,clear primary
file_7043,clear primary
file_7044,clear primary agriculture habitation road
file_7045,clear primary
file_7046,clear primary
file_7047,clear primary agriculture road
file_7048,clear primary agriculture habitation road
file_7049,clear primary
file_7050,clear primary agriculture road
file_7051,partly_cloudy primary
file_7052,clear primary agriculture water road
file_7053,clear primary
file_7054,clear primary agriculture water habitation road
file_7055,clear primary agriculture
file_7056,clear primary
file_7057,haze cloudy
file_7058,partly_cloudy primary agriculture road
file_7059,clear primary
file_7060,clear primary road selective_logging
file_7061,partly_cloudy primary
file_7062,partly_cloudy primary
file_7063,haze primary
file_7064,clear primary
file_7065,clear primary water
file_7066,clear primary
file_7067,clear primary agriculture road
file_7068,clear primary agriculture water
file_7069,clear primary
file_7070,partly_cloudy primary
file_7071,clear haze primary water
file_7072,clear primary agriculture cultivation
file_7073,partly_cloudy primary
file_7074,clear primary
file_7075,clear primary
file_7076,clear primary
file_7077,clear haze primary agriculture water
file_7078,clear primary agriculture habitation road
file_7079,clear primary
file_7080,clear primary agriculture water cultivation habitation road
file_7081,clear primary
file_7082,partly_cloudy primary agriculture cultivation habitation road
file_7083,clear primary agriculture water road
file_7084,clear primary
file_7085,clear primary agriculture cultivation
file_7086,partly_cloudy primary
file_7087,clear primary agriculture cultivation habitation road
file_7088,clear primary
file_7089,partly_cloudy primary water road
file_7090,clear primary
file_7091,clear primary
file_7092,clear primary water
file_7093,clear primary water road
file_7094,clear cloudy primary water
file_7095,clear primary water
file_7096,haze primary water
file_7097,cloudy
file_7098,partly_cloudy primary
file_7099,partly_cloudy primary
file_7100,clear primary
file_7101,partly_cloudy primary agriculture cultivation
file_7102,clear primary
file_7103,cloudy
file_7104,clear primary water
file_7105,clear primary agriculture road
file_7106,clear primary
file_7107,clear primary agriculture road
file_7108,haze cloudy primary
file_7109,clear primary agriculture water
file_7110,clear primary water
file_7111,clear primary
file_7112,clear primary water habitation
file_7113,clear primary
file_7114,haze cloudy
file_7115,partly_cloudy primary water
file_7116,clear partly_cloudy primary water road artisinal_mine
file_7117,clear primary
file_7118,clear partly_cloudy primary
file_7119,clear primary water
file_7120,partly_cloudy primary agriculture habitation road
file_7121,clear primary
file_7122,clear primary
file_7123,clear primary water road
file_7124,clear primary agriculture habitation road
file_7125,partly_cloudy cloudy primary
file_7126,clear primary
file_7127,clear primary
file_7128,clear primary agriculture cultivation
file_7129,partly_cloudy primary
file_7130,partly_cloudy primary
file_7131,clear primary
file_7132,partly_cloudy primary agriculture water road
file_7133,clear primary agriculture water cultivation bare_ground
file_7134,clear primary agriculture water cultivation
file_7135,clear primary agriculture cultivation habitation road
file_7136,clear primary agriculture water road
file_7137,clear primary
file_7138,clear primary
file_7139,clear primary
file_7140,clear primary agriculture water habitation road
file_7141,clear primary agriculture cultivation habitation road
file_7142,clear haze primary agriculture water
file_7143,clear primary agriculture cultivation road
file_7144,clear primary
file_7145,clear primary agriculture water cultivation
file_7146,clear primary agriculture road
file_7147,clear primary agriculture water
file_7148,partly_cloudy primary
file_7149,clear partly_cloudy primary agriculture habitation road
file_7150,clear primary agriculture water
file_7151,clear primary agriculture water road
file_7152,partly_cloudy primary agriculture road
file_7153,clear haze primary agriculture habitation road
file_7154,clear primary
file_7155,clear haze primary agriculture water road
file_7156,clear primary agriculture water cultivation
file_7157,clear primary blooming
file_7158,clear haze primary agriculture water
file_7159,clear haze primary agriculture cultivation
file_7160,clear haze primary
file_7161,clear primary
file_7162,clear primary agriculture habitation road
file_7163,partly_cloudy primary agriculture cultivation
file_7164,clear primary
file_7165,clear primary
file_7166,cloudy
file_7167,clear primary water
file_7168,partly_cloudy primary agriculture cultivation
file_7169,clear primary agriculture cultivation
file_7170,haze cloudy primary
file_7171,clear primary agriculture water cultivation
file_7172,clear primary
file_7173,cloudy
file_7174,clear partly_cloudy primary
file_7175,clear primary agriculture cultivation habitation road
file_7176,clear primary water
file_7177,clear primary agriculture habitation road
file_7178,clear primary cultivation
file_7179,clear primary
file_7180,clear primary agriculture habitation road
file_7181,clear primary
file_7182,haze cloudy primary water
file_7183,clear primary agriculture water
file_7184,partly_cloudy primary
file_7185,partly_cloudy primary
file_7186,clear primary
file_7187,clear primary agriculture cultivation habitation
file_7188,clear primary
file_7189,clear primary
file_7190,clear primary
file_7191,clear primary agriculture water cultivation habitation road
file_7192,clear primary
file_7193,clear primary water
file_7194,clear primary agriculture water road
file_7195,cloudy
file_7196,partly_cloudy cloudy primary
file_7197,clear primary agriculture road
file_7198,partly_cloudy primary agriculture cultivation habitation
file_7199,clear primary
file_7200,clear primary
file_7201,clear primary agriculture water
file_7202,clear primary
file_7203,clear primary agriculture water road
file_7204,clear primary
file_7205,clear primary agriculture habitation road
file_7206,clear partly_cloudy primary
file_7207,haze partly_cloudy primary
file_7208,clear primary
file_7209,clear primary
file_7210,clear primary agriculture road
file_7211,partly_cloudy primary
file_7212,clear primary
file_7213,clear primary agriculture water
file_7214,partly_cloudy primary
file_7215,clear primary agriculture water cultivation habitation road
file_7216,clear primary agriculture water road
file_7217,clear primary
file_7218,partly_cloudy primary
file_7219,clear primary
file_7220,clear primary
file_7221,clear primary
file_7222,clear primary agriculture water cultivation
file_7223,clear primary
file_7224,clear primary agriculture cultivation
file_7225,clear primary
file_7226,clear primary
file_7227,partly_cloudy primary agriculture road
file_7228,clear primary
file_7229,haze primary agriculture water
file_7230,clear primary
file_7231,partly_cloudy primary
file_7232,clear primary
file_7233,clear primary agriculture cultivation
file_7234,clear primary
file_7235,clear primary water road bare_ground artisinal_mine
file_7236,clear primary agriculture water habitation road
file_7237,partly_cloudy primary agriculture water road
file_7238,clear primary agriculture cultivation road
file_7239,clear primary
file_7240,haze cloudy
file_7241,clear primary
file_7242,partly_cloudy primary
file_7243,clear primary agriculture
file_7244,clear primary
file_7245,cloudy
file_7246,clear primary
file_7247,clear primary
file_7248,haze cloudy primary
file_7249,clear primary agriculture water
file_7250,clear primary
file_7251,partly_cloudy primary agriculture habitation road
file_7252,clear primary
file_7253,partly_cloudy primary agriculture habitation road
file_7254,clear primary cultivation
file_7255,clear primary agriculture cultivation
file_7256,clear haze primary agriculture water road
file_7257,clear haze primary
file_7258,clear primary agriculture water cultivation habitation road
file_7259,clear primary
file_7260,cloudy
file_7261,partly_cloudy cloudy primary agriculture water
file_7262,clear partly_cloudy primary agriculture cultivation habitation
file_7263,clear primary
file_7264,clear primary
file_7265,clear primary agriculture habitation road
file_7266,clear primary agriculture water habitation road
file_7267,haze primary agriculture cultivation
file_7268,clear primary water road
file_7269,partly_cloudy primary
file_7270,clear primary agriculture cultivation road
file_7271,clear primary water road
file_7272,haze primary
file_7273,clear primary
file_7274,clear primary agriculture habitation road
file_7275,clear primary agriculture habitation road
file_7276,clear cloudy water
file_7277,cloudy
file_7278,clear primary
file_7279,partly_cloudy primary
file_7280,partly_cloudy primary agriculture water road
file_7281,clear primary
file_7282,haze partly_cloudy primary
file_7283,clear primary blooming
file_7284,clear partly_cloudy primary agriculture cultivation habitation road
file_7285,clear primary
file_7286,clear primary
file_7287,partly_cloudy primary
file_7288,clear primary
file_7289,clear cloudy water
file_7290,clear primary agriculture road
file_7291,clear primary agriculture
file_7292,clear primary
file_7293,clear primary water
file_7294,clear primary
file_7295,partly_cloudy primary
file_7296,clear primary water
file_7297,clear primary agriculture water road
file_7298,clear primary agriculture habitation road bare_ground
file_7299,clear primary agriculture habitation road
file_7300,clear primary
file_7301,clear primary agriculture habitation road
file_7302,cloudy
file_7303,clear primary water road
file_7304,clear primary water
file_7305,clear primary
file_7306,clear primary
file_7307,clear primary
file_7308,clear primary agriculture water cultivation
file_7309,clear primary
file_7310,partly_cloudy primary agriculture cultivation
file_7311,clear primary
file_7312,clear primary agriculture bare_ground
file_7313,clear primary
file_7314,partly_cloudy primary road
file_7315,clear primary agriculture road
file_7316,clear primary blooming
file_7317,clear primary
file_7318,cloudy
file_7319,clear primary
file_7320,clear primary
file_7321,clear primary agriculture water road
file_7322,clear primary
file_7323,clear primary agriculture road
file_7324,clear primary
file_7325,clear primary
file_7326,clear primary
file_7327,clear primary
file_7328,partly_cloudy primary agriculture cultivation
file_7329,clear primary agriculture habitation road
file_7330,clear primary
file_7331,haze primary
file_7332,clear primary agriculture water road
file_7333,partly_cloudy primary agriculture road
file_7334,partly_cloudy primary agriculture water
file_7335,clear primary agriculture road
file_7336,clear primary
file_7337,clear primary
file_7338,clear primary agriculture cultivation
file_7339,clear primary
file_7340,clear primary agriculture cultivation
file_7341,clear primary
file_7342,cloudy
file_7343,clear primary agriculture water road
file_7344,partly_cloudy primary
file_7345,clear primary
file_7346,partly_cloudy primary agriculture
file_7347,clear primary
file_7348,haze cloudy primary
file_7349,clear primary
file_7350,clear primary agriculture cultivation
file_7351,clear primary
file_7352,clear primary agriculture cultivation road
file_7353,clear primary agriculture water
file_7354,clear primary
file_7355,clear primary
file_7356,clear primary
file_7357,clear primary
file_7358,clear primary agriculture habitation road
file_7359,clear primary agriculture water cultivation
file_7360,partly_cloudy primary
file_7361,partly_cloudy primary water
file_7362,clear primary
file_7363,cloudy
file_7364,clear primary water
file_7365,clear primary
file_7366,clear primary
file_7367,clear primary agriculture habitation road
file_7368,clear primary agriculture water habitation road
file_7369,partly_cloudy primary
file_7370,clear cloudy water
file_7371,clear primary agriculture cultivation habitation road
file_7372,clear primary
file_7373,clear primary agriculture cultivation
file_7374,clear primary
file_7375,clear primary agriculture bare_ground
file_7376,clear primary
file_7377,clear primary agriculture cultivation
file_7378,clear primary
file_7379,clear primary
file_7380,clear primary
file_7381,clear primary
file_7382,clear primary water
file_7383,clear primary agriculture
file_7384,clear primary
file_7385,clear primary agriculture cultivation habitation road
file_7386,clear primary agriculture
file_7387,clear primary
file_7388,clear primary agriculture cultivation habitation road
file_7389,clear primary
file_7390,clear primary
file_7391,haze cloudy primary
file_7392,clear primary
file_7393,clear primary water road
file_7394,partly_cloudy primary agriculture cultivation
file_7395,clear primary
file_7396,clear haze primary
file_7397,clear primary
file_7398,clear primary
file_7399,clear primary agriculture water cultivation habitation
file_7400,clear primary water conventional_mine bare_ground artisinal_mine
file_7401,clear primary
file_7402,clear primary agriculture cultivation
file_7403,clear primary
file_7404,clear primary agriculture water cultivation habitation road
file_7405,clear primary agriculture cultivation
file_7406,clear primary agriculture habitation road
file_7407,partly_cloudy primary
file_7408,clear primary agriculture road
file_7409,clear primary habitation road
file_7410,cloudy
file_7411,partly_cloudy primary agriculture road
file_7412,cloudy
file_7413,clear primary habitation road
file_7414,clear primary agriculture water
file_7415,clear primary
file_7416,clear primary agriculture road
file_7417,clear primary water
file_7418,haze partly_cloudy primary water
file_7419,clear primary agriculture water habitation
file_7420,clear primary
file_7421,clear primary
file_7422,clear primary agriculture
file_7423,clear primary agriculture water road
file_7424,clear primary agriculture cultivation habitation road
file_7425,cloudy
file_7426,clear haze primary
file_7427,clear primary agriculture water road
file_7428,clear primary agriculture cultivation
file_7429,clear primary
file_7430,clear primary
file_7431,clear primary
file_7432,clear cloudy primary water
file_7433,clear primary agriculture cultivation
file_7434,clear primary agriculture cultivation habitation road
file_7435,clear primary
file_7436,clear primary water road
file_7437,clear primary water
file_7438,clear primary water habitation road artisinal_mine
file_7439,clear primary agriculture road
file_7440,clear cloudy primary water
file_7441,clear primary agriculture cultivation
file_7442,clear primary agriculture road bare_ground
file_7443,clear primary
file_7444,clear primary
file_7445,partly_cloudy primary
file_7446,clear primary agriculture water
file_7447,clear primary
file_7448,clear primary
file_7449,clear primary
file_7450,clear primary
file_7451,clear primary
file_7452,partly_cloudy primary
file_7453,clear primary
file_7454,clear primary
file_7455,haze primary
file_7456,clear primary
file_7457,haze primary agriculture water road
file_7458,clear primary agriculture water
file_7459,partly_cloudy primary
file_7460,clear primary water
file_7461,clear haze primary water
file_7462,clear primary agriculture cultivation
file_7463,haze cloudy primary
file_7464,clear primary
file_7465,clear primary agriculture habitation road
file_7466,partly_cloudy primary
file_7467,clear primary agriculture habitation road bare_ground
file_7468,clear primary agriculture road
file_7469,clear primary
file_7470,clear primary agriculture cultivation
file_7471,clear primary
file_7472,clear primary agriculture cultivation
file_7473,clear primary agriculture road
file_7474,haze cloudy primary
file_7475,haze cloudy primary
file_7476,clear primary
file_7477,clear primary
file_7478,clear primary
file_7479,clear primary
file_7480,haze primary
file_7481,clear primary water
file_7482,haze primary
file_7483,haze primary
file_7484,clear primary
file_7485,clear primary
file_7486,partly_cloudy primary
file_7487,clear primary agriculture water habitation road conventional_mine bare_ground
file_7488,clear haze primary
file_7489,haze primary
file_7490,clear primary agriculture water road
file_7491,clear primary
file_7492,clear primary agriculture cultivation road
file_7493,clear partly_cloudy primary agriculture road
file_7494,clear primary agriculture water habitation road
file_7495,clear primary
file_7496,clear primary
file_7497,partly_cloudy primary
file_7498,clear primary
file_7499,clear primary
file_7500,haze cloudy
file_7501,clear primary
file_7502,haze primary
file_7503,partly_cloudy primary
file_7504,clear primary agriculture cultivation
file_7505,clear primary
file_7506,haze partly_cloudy primary agriculture
file_7507,cloudy
file_7508,clear primary
file_7509,cloudy
file_7510,partly_cloudy primary water
file_7511,clear primary agriculture cultivation habitation road
file_7512,partly_cloudy primary agriculture
file_7513,clear partly_cloudy primary
file_7514,haze cloudy primary water
file_7515,clear primary agriculture
file_7516,clear primary agriculture water
file_7517,clear primary agriculture road
file_7518,clear primary
file_7519,clear haze primary
file_7520,clear primary
file_7521,clear primary agriculture cultivation habitation road
file_7522,clear primary agriculture habitation road
file_7523,clear primary agriculture habitation road
file_7524,haze primary
file_7525,clear haze primary agriculture cultivation
file_7526,clear primary
file_7527,clear primary
file_7528,haze primary agriculture cultivation
file_7529,partly_cloudy primary water
file_7530,partly_cloudy cloudy primary agriculture water
file_7531,haze cloudy primary
file_7532,clear primary water
file_7533,clear primary blooming
file_7534,clear primary
file_7535,partly_cloudy cloudy
file_7536,clear partly_cloudy primary agriculture cultivation
file_7537,partly_cloudy primary agriculture water road
file_7538,clear primary agriculture water habitation road
file_7539,clear primary agriculture road
file_7540,cloudy
file_7541,clear primary agriculture road
file_7542,clear cloudy water
file_7543,haze cloudy primary
file_7544,cloudy
file_7545,partly_cloudy cloudy primary water
file_7546,partly_cloudy primary
file_7547,clear primary
file_7548,clear primary agriculture cultivation
file_7549,clear primary agriculture cultivation habitation
file_7550,clear primary
file_7551,haze primary water
file_7552,clear primary agriculture
file_7553,clear primary agriculture habitation road
file_7554,clear primary
file_7555,partly_cloudy primary
file_7556,clear primary
file_7557,clear primary
file_7558,clear primary agriculture cultivation road
file_7559,clear primary agriculture water habitation road
file_7560,clear primary water
file_7561,clear primary
file_7562,clear primary
file_7563,clear primary
file_7564,partly_cloudy primary
file_7565,haze cloudy primary
file_7566,clear primary
file_7567,clear primary agriculture water habitation road
file_7568,clear primary
file_7569,clear primary
file_7570,clear partly_cloudy primary agriculture
file_7571,partly_cloudy primary
file_7572,clear primary
file_7573,clear primary agriculture
file_7574,partly_cloudy primary
file_7575,cloudy
file_7576,partly_cloudy primary
file_7577,clear primary agriculture road
file_7578,clear primary
file_7579,clear primary agriculture road
file_7580,clear primary water road
file_7581,clear primary water
file_7582,partly_cloudy primary
file_7583,clear primary
file_7584,clear primary agriculture cultivation
file_7585,clear primary
file_7586,clear primary agriculture cultivation habitation road
file_7587,partly_cloudy primary
file_7588,clear primary
file_7589,haze primary agriculture water
file_7590,partly_cloudy primary agriculture cultivation
file_7591,clear primary
file_7592,clear primary agriculture habitation road
file_7593,clear partly_cloudy primary agriculture habitation road
file_7594,clear primary agriculture road
file_7595,clear primary
file_7596,clear primary agriculture water habitation road
file_7597,clear primary
file_7598,clear primary
file_7599,partly_cloudy primary agriculture cultivation habitation road
file_7600,partly_cloudy primary agriculture road
file_7601,clear primary
file_7602,partly_cloudy primary
file_7603,clear primary
file_7604,haze cloudy primary
file_7605,clear primary agriculture cultivation road
file_7606,clear haze primary
file_7607,clear primary blooming
file_7608,clear primary
file_7609,clear primary agriculture water road
file_7610,clear primary agriculture cultivation habitation road
file_7611,clear primary water
file_7612,clear primary
file_7613,clear partly_cloudy primary
file_7614,partly_cloudy primary
file_7615,clear primary
file_7616,haze cloudy primary
file_7617,clear primary agriculture cultivation road
file_7618,clear primary agriculture cultivation habitation road
file_7619,clear primary agriculture cultivation
file_7620,clear primary agriculture habitation road
file_7621,clear primary agriculture water cultivation habitation
file_7622,clear primary agriculture habitation road
file_7623,clear haze primary
file_7624,clear primary
file_7625,partly_cloudy primary agriculture water
file_7626,clear primary agriculture habitation road
file_7627,partly_cloudy primary
file_7628,partly_cloudy primary
file_7629,clear primary
file_7630,clear cloudy primary water
file_7631,clear primary agriculture habitation road conventional_mine
file_7632,partly_cloudy primary
file_7633,partly_cloudy primary
file_7634,clear primary agriculture cultivation habitation road
file_7635,clear primary agriculture water
file_7636,clear primary
file_7637,clear primary agriculture habitation road
file_7638,clear primary agriculture cultivation
file_7639,partly_cloudy primary agriculture habitation road
file_7640,partly_cloudy primary
file_7641,clear primary agriculture habitation road
file_7642,clear primary
file_7643,clear primary agriculture water cultivation
file_7644,clear haze primary
file_7645,clear primary agriculture cultivation
file_7646,partly_cloudy primary water
file_7647,clear primary agriculture cultivation
file_7648,clear primary agriculture water
file_7649,partly_cloudy primary agriculture water
file_7650,clear primary agriculture
file_7651,clear primary
file_7652,clear primary
file_7653,clear primary water
file_7654,partly_cloudy primary
file_7655,clear primary
file_7656,clear primary
file_7657,partly_cloudy primary
file_7658,clear primary agriculture habitation road
file_7659,clear primary
file_7660,clear primary
file_7661,partly_cloudy primary agriculture road
file_7662,clear partly_cloudy primary agriculture water habitation road
file_7663,clear primary
file_7664,clear primary water
file_7665,clear primary
file_7666,clear primary agriculture water cultivation habitation road
file_7667,clear primary
file_7668,clear primary
file_7669,partly_cloudy primary
file_7670,clear primary agriculture cultivation
file_7671,clear primary water road
file_7672,partly_cloudy primary agriculture road
file_7673,clear primary agriculture habitation road
file_7674,clear partly_cloudy primary water road
file_7675,clear primary
file_7676,clear primary agriculture cultivation habitation road
file_7677,clear primary
file_7678,clear primary agriculture cultivation
file_7679,clear primary
file_7680,clear primary water road
file_7681,partly_cloudy primary
file_7682,clear primary water
file_7683,clear primary
file_7684,clear primary
file_7685,clear primary water road selective_logging
file_7686,clear primary agriculture road
file_7687,clear primary agriculture cultivation
file_7688,clear primary agriculture habitation road
file_7689,partly_cloudy primary
file_7690,partly_cloudy primary agriculture
file_7691,clear haze primary
file_7692,cloudy
file_7693,clear partly_cloudy primary
file_7694,clear agriculture water bare_ground
file_7695,cloudy
file_7696,clear primary
file_7697,clear primary agriculture cultivation
file_7698,clear primary agriculture cultivation habitation road
file_7699,clear primary
file_7700,clear primary
file_7701,partly_cloudy primary
file_7702,clear primary
file_7703,haze cloudy primary water
file_7704,clear primary agriculture cultivation
file_7705,clear primary agriculture cultivation habitation road
file_7706,clear primary
file_7707,clear primary
file_7708,clear primary agriculture water cultivation habitation road
file_7709,clear primary agriculture road
file_7710,clear primary agriculture road
file_7711,clear primary agriculture road
file_7712,clear primary
file_7713,clear primary
file_7714,clear primary
file_7715,partly_cloudy primary water road
file_7716,partly_cloudy primary
file_7717,clear primary agriculture cultivation
file_7718,clear primary agriculture road bare_ground
file_7719,clear primary
file_7720,clear primary agriculture cultivation road
file_7721,clear primary agriculture water
file_7722,clear primary agriculture road
file_7723,clear primary water road selective_logging
file_7724,clear haze primary water
file_7725,clear primary
file_7726,haze cloudy primary
file_7727,clear primary water road bare_ground artisinal_mine
file_7728,clear haze primary agriculture habitation road
file_7729,partly_cloudy primary water
file_7730,clear primary
file_7731,clear primary
file_7732,haze primary agriculture cultivation
file_7733,partly_cloudy primary water
file_7734,clear primary agriculture cultivation
file_7735,clear primary water road
file_7736,clear primary agriculture
file_7737,cloudy
file_7738,clear primary
file_7739,clear primary agriculture habitation road
file_7740,clear primary agriculture road
file_7741,clear primary agriculture habitation road
file_7742,clear primary
file_7743,clear primary water
file_7744,partly_cloudy primary agriculture road
file_7745,clear primary water
file_7746,clear primary water road
file_7747,clear primary
file_7748,haze primary agriculture water road
file_7749,clear primary agriculture cultivation
file_7750,clear primary
file_7751,clear primary
file_7752,clear primary
file_7753,partly_cloudy primary
file_7754,clear primary agriculture water cultivation
file_7755,partly_cloudy primary
file_7756,clear primary
file_7757,cloudy
file_7758,partly_cloudy primary agriculture
file_7759,clear primary agriculture water habitation road
file_7760,clear primary
file_7761,clear primary water
file_7762,clear primary
file_7763,clear primary
file_7764,clear primary water
file_7765,clear partly_cloudy primary
file_7766,clear primary
file_7767,clear primary
file_7768,clear primary agriculture cultivation
file_7769,clear primary agriculture habitation bare_ground
file_7770,clear primary
file_7771,partly_cloudy primary
file_7772,clear primary
file_7773,haze primary
file_7774,clear primary agriculture cultivation
file_7775,clear primary
file_7776,clear cloudy water
file_7777,clear primary agriculture cultivation
file_7778,clear primary agriculture cultivation
file_7779,haze cloudy
file_7780,clear primary agriculture habitation road bare_ground
file_7781,clear partly_cloudy primary
file_7782,partly_cloudy primary
file_7783,partly_cloudy primary
file_7784,clear haze primary agriculture
file_7785,clear primary
file_7786,partly_cloudy primary agriculture
file_7787,clear primary
file_7788,partly_cloudy primary water
file_7789,clear primary
file_7790,clear primary
file_7791,clear primary water road selective_logging
file_7792,clear primary
file_7793,clear primary
file_7794,partly_cloudy primary
file_7795,partly_cloudy primary
file_7796,cloudy
file_7797,clear primary agriculture water road
file_7798,clear primary
file_7799,clear primary
file_7800,clear primary water
file_7801,clear primary
file_7802,clear primary agriculture cultivation
file_7803,haze primary water
file_7804,clear primary agriculture road
file_7805,clear cloudy primary water
file_7806,partly_cloudy cloudy primary
file_7807,partly_cloudy primary
file_7808,clear primary
file_7809,clear primary agriculture cultivation
file_7810,clear primary
file_7811,clear primary agriculture cultivation
file_7812,haze primary
file_7813,partly_cloudy primary
file_7814,clear primary
file_7815,haze cloudy primary
file_7816,haze primary
file_7817,partly_cloudy primary agriculture water cultivation road
file_7818,clear primary agriculture cultivation
file_7819,clear primary agriculture cultivation
file_7820,clear primary
file_7821,clear haze primary agriculture water cultivation habitation road
file_7822,clear primary
file_7823,clear primary
file_7824,clear primary agriculture habitation road
file_7825,clear primary
file_7826,partly_cloudy primary
file_7827,haze primary
file_7828,clear primary
file_7829,clear primary
file_7830,clear primary agriculture water cultivation
file_7831,clear primary
file_7832,clear primary agriculture cultivation
file_7833,clear primary agriculture cultivation road
file_7834,clear haze primary
file_7835,partly_cloudy primary agriculture
file_7836,clear primary agriculture cultivation habitation road
file_7837,clear primary habitation road
file_7838,clear primary
file_7839,clear primary
file_7840,partly_cloudy primary agriculture cultivation habitation road
file_7841,clear partly_cloudy primary agriculture water cultivation
file_7842,clear cloudy water
file_7843,clear primary
file_7844,clear primary agriculture
file_7845,clear primary agriculture water habitation road
file_7846,partly_cloudy primary
file_7847,clear primary
file_7848,clear primary
file_7849,clear primary
file_7850,clear primary agriculture water habitation road
file_7851,partly_cloudy primary
file_7852,clear primary
file_7853,partly_cloudy cloudy primary
file_7854,clear primary water
file_7855,clear primary agriculture road
file_7856,clear primary agriculture cultivation
file_7857,cloudy
file_7858,cloudy
file_7859,clear primary agriculture road
file_7860,clear primary
file_7861,haze primary
file_7862,clear primary agriculture habitation road bare_ground
file_7863,partly_cloudy primary
file_7864,cloudy
file_7865,partly_cloudy primary
file_7866,clear primary agriculture habitation road
file_7867,clear primary
file_7868,clear primary agriculture road
file_7869,clear primary agriculture cultivation
file_7870,clear primary
file_7871,partly_cloudy primary agriculture
file_7872,clear primary agriculture cultivation
file_7873,clear primary
file_7874,clear primary agriculture water cultivation road
file_7875,clear primary
file_7876,clear primary
file_7877,cloudy
file_7878,clear primary water road
file_7879,clear partly_cloudy primary
file_7880,clear primary water road
file_7881,clear primary
file_7882,clear primary
file_7883,clear partly_cloudy primary agriculture bare_ground
file_7884,clear partly_cloudy primary
file_7885,clear primary agriculture water habitation road
file_7886,haze primary agriculture
file_7887,clear primary
file_7888,partly_cloudy primary agriculture cultivation
file_7889,partly_cloudy primary agriculture water
file_7890,clear primary agriculture water habitation road
file_7891,partly_cloudy primary
file_7892,clear primary agriculture water cultivation
file_7893,clear primary water road selective_logging
file_7894,clear primary blooming
file_7895,partly_cloudy primary water
file_7896,clear primary
file_7897,haze primary
file_7898,clear primary agriculture habitation road
file_7899,partly_cloudy primary agriculture cultivation
file_7900,clear primary
file_7901,clear haze primary agriculture
file_7902,clear primary
file_7903,clear primary
file_7904,partly_cloudy primary water road
file_7905,clear primary
file_7906,partly_cloudy primary agriculture cultivation habitation road
file_7907,partly_cloudy cloudy
file_7908,clear primary agriculture habitation road
file_7909,clear primary
file_7910,clear primary agriculture water road bare_ground
file_7911,clear primary
file_7912,cloudy water
file_7913,clear primary water
file_7914,clear primary
file_7915,haze primary
file_7916,clear primary
file_7917,clear primary agriculture water cultivation habitation
file_7918,partly_cloudy primary water road
file_7919,clear primary agriculture cultivation habitation road
file_7920,partly_cloudy primary
file_7921,partly_cloudy cloudy primary
file_7922,clear primary
file_7923,clear primary
file_7924,clear primary water road
file_7925,clear primary
file_7926,partly_cloudy primary
file_7927,clear primary
file_7928,cloudy
file_7929,clear primary agriculture road
file_7930,clear primary agriculture water habitation road
file_7931,haze cloudy primary
file_7932,partly_cloudy primary
file_7933,haze cloudy primary water
file_7934,clear primary
file_7935,clear primary
file_7936,clear primary
file_7937,clear primary
file_7938,clear primary
file_7939,clear primary agriculture cultivation
file_7940,cloudy
file_7941,partly_cloudy primary
file_7942,clear primary cultivation blooming selective_logging
file_7943,clear primary
file_7944,clear primary
file_7945,clear primary
file_7946,partly_cloudy cloudy primary
file_7947,clear primary
file_7948,partly_cloudy primary
file_7949,partly_cloudy primary
file_7950,partly_cloudy primary
file_7951,clear primary water
file_7952,partly_cloudy cloudy primary agriculture
file_7953,clear primary
file_7954,clear primary
file_7955,partly_cloudy primary
file_7956,clear primary agriculture water road
file_7957,clear primary agriculture bare_ground
file_7958,clear primary
file_7959,clear primary
file_7960,partly_cloudy primary
file_7961,clear primary agriculture habitation road
file_7962,clear partly_cloudy primary
file_7963,partly_cloudy primary
file_7964,clear primary agriculture water cultivation habitation
file_7965,clear haze primary agriculture cultivation road
file_7966,clear primary agriculture water
file_7967,clear primary water
file_7968,clear primary
file_7969,clear primary agriculture cultivation habitation
file_7970,clear primary agriculture habitation road bare_ground
file_7971,clear primary
file_7972,clear haze primary water
file_7973,clear primary agriculture cultivation
file_7974,clear primary habitation road
file_7975,clear primary water bare_ground artisinal_mine
file_7976,clear primary agriculture habitation road
file_7977,clear primary
file_7978,partly_cloudy primary agriculture cultivation
file_7979,partly_cloudy primary agriculture
file_7980,clear cloudy agriculture water bare_ground
file_7981,partly_cloudy primary
file_7982,partly_cloudy primary
file_7983,clear primary agriculture habitation road
file_7984,clear primary
file_7985,clear primary agriculture cultivation habitation road
file_7986,clear primary
file_7987,clear primary
file_7988,clear cloudy primary agriculture bare_ground
file_7989,partly_cloudy primary agriculture cultivation
file_7990,clear primary agriculture water road
file_7991,clear primary
file_7992,clear haze primary agriculture habitation road
file_7993,clear primary
file_7994,partly_cloudy primary
file_7995,partly_cloudy cloudy primary
file_7996,partly_cloudy cloudy primary
file_7997,clear partly_cloudy primary agriculture water road
file_7998,clear primary agriculture road bare_ground
file_7999,clear primary
file_8000,clear primary
file_8001,clear primary
file_8002,haze primary
file_8003,clear partly_cloudy primary agriculture cultivation
file_8004,clear haze primary agriculture cultivation
file_8005,clear primary
file_8006,clear primary agriculture bare_ground
file_8007,partly_cloudy primary agriculture cultivation
file_8008,clear primary
file_8009,clear primary water
file_8010,clear cloudy primary agriculture water
file_8011,clear primary agriculture road
file_8012,partly_cloudy primary
file_8013,clear primary
file_8014,clear primary water
file_8015,partly_cloudy cloudy primary
file_8016,clear primary
file_8017,cloudy
file_8018,clear primary agriculture cultivation road
file_8019,clear primary
file_8020,clear primary
file_8021,partly_cloudy primary water
file_8022,partly_cloudy primary agriculture road
file_8023,clear primary agriculture
file_8024,haze primary agriculture water road
file_8025,clear primary
file_8026,cloudy
file_8027,clear primary agriculture water cultivation habitation road
file_8028,clear primary agriculture road
file_8029,clear primary agriculture water
file_8030,partly_cloudy primary agriculture road
file_8031,haze cloudy primary
file_8032,haze primary agriculture water road
file_8033,clear primary
file_8034,clear primary agriculture cultivation
file_8035,partly_cloudy primary
file_8036,clear primary agriculture road bare_ground
file_8037,partly_cloudy primary
file_8038,clear primary agriculture cultivation
file_8039,clear primary
file_8040,cloudy
file_8041,clear partly_cloudy primary water
file_8042,clear primary water
file_8043,clear primary agriculture road
file_8044,clear partly_cloudy primary agriculture water cultivation habitation road
file_8045,clear primary agriculture habitation road
file_8046,cloudy water
file_8047,partly_cloudy primary agriculture cultivation habitation
file_8048,clear primary blooming
file_8049,clear primary agriculture cultivation
file_8050,partly_cloudy primary
file_8051,partly_cloudy primary agriculture cultivation
file_8052,clear primary agriculture road
file_8053,clear haze primary
file_8054,clear primary agriculture water road
file_8055,clear primary
file_8056,clear primary
file_8057,haze cloudy primary
file_8058,clear primary
file_8059,clear primary
file_8060,clear primary
file_8061,clear primary agriculture road
file_8062,clear primary
file_8063,clear primary agriculture water road
file_8064,clear partly_cloudy primary
file_8065,clear primary
file_8066,clear primary agriculture habitation road
file_8067,partly_cloudy primary agriculture road
file_8068,clear primary
file_8069,partly_cloudy primary
file_8070,clear primary agriculture cultivation
file_8071,cloudy
file_8072,clear primary water
file_8073,haze cloudy primary
file_8074,clear primary water road
file_8075,clear primary agriculture water habitation road
file_8076,clear primary
file_8077,clear primary agriculture road
file_8078,clear primary
file_8079,partly_cloudy cloudy primary agriculture water
file_8080,clear primary
file_8081,clear primary
file_8082,clear primary
file_8083,clear primary
file_8084,clear primary agriculture
file_8085,clear primary
file_8086,clear primary
file_8087,clear primary agriculture cultivation road
file_8088,clear primary
file_8089,clear primary agriculture road
file_8090,clear primary water road
file_8091,partly_cloudy primary agriculture cultivation
file_8092,clear primary
file_8093,partly_cloudy cloudy primary water
file_8094,clear primary
file_8095,clear primary
file_8096,clear primary agriculture water cultivation habitation
file_8097,partly_cloudy primary
file_8098,clear primary agriculture road
file_8099,clear primary agriculture cultivation road
file_8100,haze cloudy primary
file_8101,partly_cloudy primary agriculture road
file_8102,partly_cloudy primary
file_8103,partly_cloudy primary agriculture road
file_8104,clear primary habitation road
file_8105,haze primary agriculture cultivation
file_8106,clear primary
file_8107,clear primary blooming
file_8108,clear primary agriculture cultivation
file_8109,clear primary
file_8110,clear primary
file_8111,clear primary agriculture cultivation road
file_8112,clear primary
file_8113,partly_cloudy primary
file_8114,haze cloudy
file_8115,clear primary
file_8116,clear primary agriculture road bare_ground
file_8117,clear primary
file_8118,clear primary agriculture cultivation
file_8119,clear primary
file_8120,clear primary water
file_8121,clear primary
file_8122,clear primary
file_8123,partly_cloudy primary
file_8124,haze cloudy primary
file_8125,clear primary
file_8126,clear primary water
file_8127,clear primary
file_8128,clear primary
file_8129,clear primary
file_8130,clear primary
file_8131,cloudy
file_8132,clear primary
file_8133,partly_cloudy primary
file_8134,clear primary agriculture road
file_8135,clear primary
file_8136,clear partly_cloudy primary
file_8137,clear primary agriculture cultivation road
file_8138,clear primary
file_8139,clear haze primary
file_8140,clear cloudy primary water
file_8141,clear primary
file_8142,clear primary
file_8143,partly_cloudy primary agriculture
file_8144,haze cloudy primary
file_8145,clear primary agriculture cultivation habitation road
file_8146,clear primary
file_8147,clear primary water
file_8148,partly_cloudy primary agriculture cultivation
file_8149,clear primary water
file_8150,clear primary
file_8151,clear primary agriculture water cultivation habitation road
file_8152,partly_cloudy primary agriculture cultivation
file_8153,clear primary agriculture road
file_8154,cloudy
file_8155,partly_cloudy primary agriculture cultivation
file_8156,cloudy
file_8157,clear primary
file_8158,clear primary
file_8159,clear primary agriculture water
file_8160,cloudy
file_8161,clear primary agriculture road
file_8162,partly_cloudy primary
file_8163,clear primary water road
file_8164,clear primary
file_8165,clear primary
file_8166,clear primary water
file_8167,clear primary water conventional_mine bare_ground artisinal_mine
file_8168,clear primary
file_8169,clear primary agriculture
file_8170,haze cloudy primary
file_8171,clear primary water road
file_8172,clear primary agriculture cultivation road
file_8173,clear primary
file_8174,clear primary agriculture water road
file_8175,clear primary
file_8176,haze primary agriculture water road
file_8177,clear primary water habitation road bare_ground artisinal_mine
file_8178,clear primary
file_8179,clear primary
file_8180,clear primary agriculture habitation road
file_8181,partly_cloudy primary water road
file_8182,clear primary road selective_logging
file_8183,clear primary agriculture habitation road
file_8184,clear partly_cloudy primary
file_8185,clear partly_cloudy primary water
file_8186,clear primary agriculture cultivation habitation road
file_8187,clear primary agriculture habitation road
file_8188,haze primary agriculture water road
file_8189,clear primary
file_8190,partly_cloudy primary agriculture road
file_8191,clear primary
file_8192,clear primary agriculture cultivation
file_8193,clear cloudy water
file_8194,clear primary
file_8195,clear primary agriculture habitation road
file_8196,clear primary water
file_8197,partly_cloudy primary agriculture water road
file_8198,partly_cloudy primary
file_8199,clear primary
file_8200,clear primary
file_8201,partly_cloudy primary agriculture cultivation
file_8202,clear primary agriculture cultivation
file_8203,clear primary agriculture road
file_8204,clear primary
file_8205,clear primary water
file_8206,clear primary agriculture water
file_8207,clear primary
file_8208,clear primary
file_8209,clear primary agriculture
file_8210,clear primary
file_8211,clear primary agriculture cultivation
file_8212,clear primary cultivation
file_8213,partly_cloudy primary
file_8214,clear primary agriculture cultivation
file_8215,clear primary water
file_8216,clear primary agriculture water
file_8217,clear primary
file_8218,clear primary
file_8219,clear primary agriculture cultivation habitation road
file_8220,clear primary blooming
file_8221,clear primary water
file_8222,clear primary agriculture water bare_ground artisinal_mine
file_8223,clear primary
file_8224,haze primary
file_8225,clear primary
file_8226,clear haze primary agriculture
file_8227,clear primary
file_8228,clear primary
file_8229,partly_cloudy cloudy
file_8230,clear primary
file_8231,partly_cloudy primary
file_8232,clear primary
file_8233,clear primary agriculture road
file_8234,clear primary
file_8235,clear primary water
file_8236,partly_cloudy primary
file_8237,clear haze primary agriculture cultivation
file_8238,clear primary
file_8239,haze cloudy primary
file_8240,cloudy
file_8241,partly_cloudy primary
file_8242,partly_cloudy cloudy primary
file_8243,clear primary
file_8244,clear primary water
file_8245,clear partly_cloudy primary
file_8246,clear primary
file_8247,clear primary
file_8248,clear primary agriculture cultivation
file_8249,clear cloudy water
file_8250,partly_cloudy primary agriculture water
file_8251,clear primary agriculture habitation road
file_8252,partly_cloudy primary water
file_8253,cloudy
file_8254,clear primary
file_8255,partly_cloudy primary
file_8256,clear primary agriculture road bare_ground
file_8257,clear primary
file_8258,partly_cloudy primary
file_8259,clear primary water
file_8260,partly_cloudy primary
file_8261,clear primary
file_8262,clear haze primary agriculture water road
file_8263,clear primary water habitation road
file_8264,clear primary
file_8265,clear primary
file_8266,partly_cloudy primary
file_8267,clear primary agriculture habitation road
file_8268,clear primary agriculture road
file_8269,haze cloudy
file_8270,clear primary agriculture cultivation
file_8271,clear primary
file_8272,clear primary
file_8273,clear primary
file_8274,clear primary water road
file_8275,clear primary
file_8276,clear primary
file_8277,clear primary agriculture habitation road
file_8278,clear primary
file_8279,partly_cloudy primary agriculture road
file_8280,clear primary water
file_8281,clear primary agriculture cultivation
file_8282,clear primary
file_8283,clear primary agriculture cultivation
file_8284,clear primary agriculture road
file_8285,clear primary agriculture water
file_8286,clear primary
file_8287,clear primary agriculture cultivation
file_8288,clear primary agriculture water
file_8289,clear primary agriculture habitation road
file_8290,clear primary
file_8291,clear primary
file_8292,partly_cloudy primary
file_8293,clear primary agriculture habitation road
file_8294,cloudy
file_8295,clear primary agriculture water habitation road
file_8296,clear primary agriculture
file_8297,haze primary
file_8298,clear primary
file_8299,haze partly_cloudy primary agriculture
file_8300,clear partly_cloudy primary
file_8301,clear primary
file_8302,clear primary
file_8303,partly_cloudy primary
file_8304,clear primary
file_8305,clear primary
file_8306,partly_cloudy primary
file_8307,clear primary
file_8308,clear primary
file_8309,partly_cloudy primary
file_8310,haze primary
file_8311,clear primary water
file_8312,clear primary
file_8313,clear primary agriculture water habitation road bare_ground artisinal_mine
file_8314,clear primary
file_8315,clear primary
file_8316,partly_cloudy primary
file_8317,clear primary agriculture cultivation habitation
file_8318,cloudy
file_8319,clear primary
file_8320,cloudy
file_8321,clear primary agriculture cultivation
file_8322,clear primary
file_8323,clear primary
file_8324,clear primary
file_8325,cloudy
file_8326,clear cloudy primary water
file_8327,clear primary agriculture road
file_8328,haze primary
file_8329,clear primary agriculture
file_8330,cloudy
file_8331,partly_cloudy primary agriculture cultivation
file_8332,clear primary
file_8333,partly_cloudy primary agriculture water road
file_8334,haze primary agriculture water
file_8335,clear primary agriculture water habitation road
file_8336,haze primary agriculture water cultivation
file_8337,clear primary
file_8338,clear primary
file_8339,clear primary agriculture water cultivation habitation road
file_8340,clear primary water habitation road bare_ground artisinal_mine
file_8341,clear primary
file_8342,clear primary
file_8343,clear primary
file_8344,clear primary agriculture habitation road
file_8345,clear primary water
file_8346,clear primary
file_8347,clear partly_cloudy primary agriculture cultivation
file_8348,clear primary agriculture water road
file_8349,clear primary
file_8350,partly_cloudy primary agriculture habitation road
file_8351,clear primary agriculture cultivation habitation road
file_8352,clear primary
file_8353,partly_cloudy primary
file_8354,partly_cloudy primary water road
file_8355,clear primary
file_8356,clear primary agriculture cultivation habitation road
file_8357,clear primary agriculture water cultivation habitation road
file_8358,cloudy
file_8359,partly_cloudy primary
file_8360,clear primary
file_8361,clear primary agriculture cultivation habitation
file_8362,clear primary water road
file_8363,clear primary
file_8364,clear primary
file_8365,clear haze primary
file_8366,clear primary
file_8367,partly_cloudy primary agriculture cultivation
file_8368,clear primary water
file_8369,clear primary water road
file_8370,clear primary
file_8371,clear cloudy primary water
file_8372,clear primary
file_8373,clear primary
file_8374,clear partly_cloudy primary
file_8375,clear primary agriculture water road
file_8376,clear primary agriculture water cultivation bare_ground
file_8377,clear haze primary
file_8378,partly_cloudy primary
file_8379,clear primary agriculture water habitation road
file_8380,clear primary
file_8381,clear primary agriculture road
file_8382,clear primary agriculture water
file_8383,haze cloudy primary
file_8384,clear primary water
file_8385,clear primary
file_8386,clear primary
file_8387,clear primary agriculture cultivation habitation road
file_8388,clear primary water
file_8389,partly_cloudy cloudy primary
file_8390,clear primary agriculture water
file_8391,clear primary
file_8392,partly_cloudy primary agriculture water
file_8393,clear primary agriculture water cultivation road
file_8394,clear primary water
file_8395,clear primary agriculture habitation road
file_8396,partly_cloudy primary agriculture road
file_8397,clear primary
file_8398,clear primary agriculture cultivation
file_8399,cloudy water
file_8400,clear primary
file_8401,clear primary agriculture road
file_8402,clear primary
file_8403,partly_cloudy primary agriculture cultivation road
file_8404,clear primary
file_8405,clear primary
file_8406,clear primary agriculture cultivation habitation road
file_8407,clear partly_cloudy primary
file_8408,partly_cloudy primary agriculture water
file_8409,clear haze primary agriculture water cultivation habitation road
file_8410,clear primary agriculture water cultivation
file_8411,clear primary agriculture water habitation road
file_8412,clear primary agriculture cultivation
file_8413,clear primary water
file_8414,partly_cloudy primary agriculture water cultivation
file_8415,partly_cloudy primary water road
file_8416,clear primary agriculture cultivation
file_8417,clear primary
file_8418,clear primary
file_8419,clear haze primary agriculture road
file_8420,partly_cloudy primary
file_8421,clear primary agriculture cultivation
file_8422,clear primary agriculture cultivation
file_8423,partly_cloudy primary water road
file_8424,clear primary agriculture habitation road
file_8425,clear primary water
file_8426,clear primary
file_8427,clear primary agriculture cultivation
file_8428,clear primary
file_8429,clear primary agriculture cultivation road
file_8430,clear primary
file_8431,clear primary
file_8432,clear primary
file_8433,clear primary
file_8434,clear primary water road
file_8435,clear primary
file_8436,partly_cloudy primary
file_8437,clear primary
file_8438,clear primary water road selective_logging
file_8439,clear primary
file_8440,haze primary agriculture water road
file_8441,clear primary water
file_8442,clear primary
file_8443,clear primary
file_8444,partly_cloudy cloudy primary road
file_8445,clear primary agriculture water cultivation
file_8446,clear primary water
file_8447,clear partly_cloudy primary
file_8448,clear primary agriculture water cultivation habitation road
file_8449,clear primary agriculture cultivation
file_8450,clear primary
file_8451,clear primary agriculture cultivation road
file_8452,clear primary agriculture water cultivation habitation
file_8453,cloudy
file_8454,clear primary
file_8455,clear primary
file_8456,clear haze primary agriculture water
file_8457,partly_cloudy primary agriculture water road
file_8458,partly_cloudy primary agriculture road
file_8459,partly_cloudy primary agriculture road
file_8460,clear primary
file_8461,clear cloudy primary water
file_8462,clear primary
file_8463,haze cloudy
file_8464,partly_cloudy cloudy primary agriculture road conventional_mine
file_8465,haze primary
file_8466,clear primary
file_8467,partly_cloudy primary agriculture cultivation
file_8468,clear primary agriculture bare_ground
file_8469,clear primary agriculture cultivation
file_8470,clear haze primary
file_8471,partly_cloudy primary agriculture water cultivation habitation road
file_8472,clear primary agriculture water
file_8473,clear primary
file_8474,clear primary
file_8475,clear primary
file_8476,clear primary
file_8477,clear primary
file_8478,clear primary habitation road
file_8479,clear primary water road
file_8480,clear primary
file_8481,partly_cloudy primary
file_8482,haze partly_cloudy primary agriculture water road
file_8483,clear primary
file_8484,clear primary water road
file_8485,haze primary agriculture water
file_8486,clear partly_cloudy primary agriculture water cultivation
file_8487,clear primary agriculture habitation road
file_8488,clear primary agriculture cultivation
file_8489,clear primary
file_8490,clear primary
file_8491,clear primary
file_8492,clear primary agriculture water
file_8493,clear primary water
file_8494,clear primary agriculture cultivation habitation road
file_8495,clear primary
file_8496,clear partly_cloudy primary agriculture cultivation
file_8497,clear primary
file_8498,clear primary agriculture water road
file_8499,clear primary agriculture cultivation
file_8500,clear partly_cloudy primary
file_8501,clear primary
file_8502,clear primary agriculture cultivation road
file_8503,clear primary agriculture cultivation
file_8504,clear primary
file_8505,clear primary
file_8506,clear primary
file_8507,clear primary water
file_8508,haze primary agriculture water habitation road
file_8509,haze cloudy
file_8510,clear primary agriculture road
file_8511,haze cloudy
file_8512,clear primary water artisinal_mine
file_8513,clear primary agriculture cultivation
file_8514,clear primary
file_8515,clear primary water road
file_8516,clear primary water habitation
file_8517,haze cloudy
file_8518,partly_cloudy primary
file_8519,clear partly_cloudy primary agriculture
file_8520,haze primary
file_8521,clear primary
file_8522,clear primary
file_8523,clear primary
file_8524,clear primary agriculture cultivation road
file_8525,clear primary agriculture cultivation
file_8526,partly_cloudy primary
file_8527,clear primary agriculture habitation road
file_8528,clear primary agriculture cultivation habitation road
file_8529,clear primary water road conventional_mine bare_ground artisinal_mine
file_8530,clear primary agriculture cultivation
file_8531,clear primary agriculture habitation road bare_ground
file_8532,clear primary agriculture road
file_8533,partly_cloudy primary agriculture water
file_8534,clear primary
file_8535,clear primary agriculture water cultivation habitation road
file_8536,clear primary agriculture habitation road
file_8537,partly_cloudy primary
file_8538,clear primary
file_8539,clear primary
file_8540,haze partly_cloudy primary
file_8541,clear primary agriculture cultivation
file_8542,partly_cloudy primary
file_8543,cloudy
file_8544,partly_cloudy primary agriculture
file_8545,clear primary
file_8546,clear cloudy water
file_8547,haze primary agriculture water cultivation habitation
file_8548,clear primary agriculture habitation road
file_8549,clear primary water road
file_8550,clear primary
file_8551,clear primary habitation road
file_8552,clear primary agriculture
file_8553,clear primary agriculture water
file_8554,clear primary
file_8555,clear primary agriculture road
file_8556,clear primary
file_8557,clear primary agriculture cultivation
file_8558,clear primary agriculture cultivation habitation road
file_8559,clear primary
file_8560,clear primary
file_8561,partly_cloudy primary water
file_8562,partly_cloudy primary agriculture water habitation road
file_8563,clear primary agriculture
file_8564,clear primary
file_8565,clear primary
file_8566,clear primary
file_8567,clear primary water
file_8568,partly_cloudy primary
file_8569,clear primary agriculture road
file_8570,partly_cloudy primary agriculture water
file_8571,clear primary agriculture water habitation road selective_logging
file_8572,partly_cloudy primary agriculture road
file_8573,clear primary
file_8574,clear primary water
file_8575,clear primary agriculture road
file_8576,clear primary
file_8577,clear primary
file_8578,partly_cloudy primary agriculture
file_8579,partly_cloudy primary agriculture water road
file_8580,clear primary blooming selective_logging
file_8581,partly_cloudy primary
file_8582,clear primary agriculture road
file_8583,clear primary agriculture road
file_8584,clear primary agriculture habitation road
file_8585,partly_cloudy primary
file_8586,partly_cloudy primary agriculture water cultivation habitation road
file_8587,clear primary
file_8588,clear primary agriculture water habitation road
file_8589,clear primary
file_8590,clear primary
file_8591,clear primary
file_8592,haze primary agriculture water
file_8593,clear primary agriculture habitation road bare_ground
file_8594,clear primary
file_8595,clear primary agriculture cultivation
file_8596,haze partly_cloudy primary water road
file_8597,clear haze primary
file_8598,clear primary
file_8599,clear primary
file_8600,partly_cloudy primary agriculture cultivation road
file_8601,clear primary agriculture water cultivation habitation road
file_8602,partly_cloudy primary agriculture water road
file_8603,clear primary
file_8604,clear primary agriculture
file_8605,clear primary agriculture water cultivation
file_8606,cloudy
file_8607,clear haze primary
file_8608,clear primary agriculture water road
file_8609,clear primary
file_8610,haze partly_cloudy primary agriculture water road
file_8611,clear primary
file_8612,partly_cloudy primary agriculture road
file_8613,partly_cloudy primary
file_8614,clear primary agriculture water road
file_8615,clear primary agriculture cultivation
file_8616,clear primary agriculture road
file_8617,clear primary agriculture cultivation
file_8618,haze cloudy primary
file_8619,haze cloudy primary
file_8620,clear primary
file_8621,partly_cloudy primary agriculture habitation road
file_8622,clear primary
file_8623,clear primary water bare_ground artisinal_mine
file_8624,cloudy
file_8625,clear primary
file_8626,partly_cloudy primary
file_8627,clear primary agriculture road
file_8628,clear primary water
file_8629,clear primary agriculture road
file_8630,clear primary
file_8631,clear primary
file_8632,clear primary
file_8633,clear primary habitation road
file_8634,partly_cloudy primary
file_8635,clear primary agriculture road
file_8636,clear primary agriculture cultivation
file_8637,clear primary
file_8638,clear primary
file_8639,haze cloudy
file_8640,clear primary agriculture cultivation road
file_8641,clear primary agriculture cultivation habitation road
file_8642,clear primary agriculture cultivation
file_8643,clear primary
file_8644,partly_cloudy primary
file_8645,clear primary agriculture habitation road
file_8646,clear primary agriculture water cultivation
file_8647,clear primary agriculture water road
file_8648,clear primary
file_8649,partly_cloudy primary
file_8650,clear primary blooming
file_8651,clear primary agriculture cultivation
file_8652,partly_cloudy primary agriculture
file_8653,clear primary
file_8654,clear primary
file_8655,clear primary agriculture road bare_ground
file_8656,partly_cloudy primary
file_8657,clear primary
file_8658,clear primary
file_8659,clear primary agriculture cultivation road
file_8660,partly_cloudy primary agriculture cultivation
file_8661,partly_cloudy primary agriculture water road
file_8662,haze primary
file_8663,clear primary
file_8664,clear primary agriculture water cultivation habitation
file_8665,clear primary agriculture water
file_8666,clear primary agriculture road
file_8667,clear primary agriculture cultivation
file_8668,partly_cloudy cloudy primary
file_8669,clear partly_cloudy primary
file_8670,partly_cloudy cloudy primary water
file_8671,clear primary
file_8672,clear primary agriculture habitation road
file_8673,partly_cloudy primary agriculture cultivation
file_8674,clear primary agriculture water cultivation
file_8675,clear primary
file_8676,clear primary agriculture road
file_8677,clear primary agriculture water road bare_ground artisinal_mine
file_8678,clear primary agriculture
file_8679,clear primary agriculture cultivation habitation
file_8680,clear primary road
file_8681,clear primary agriculture cultivation
file_8682,partly_cloudy primary
file_8683,clear primary
file_8684,clear primary
file_8685,clear primary
file_8686,clear haze primary
file_8687,clear primary
file_8688,clear primary
file_8689,clear primary
file_8690,clear primary
file_8691,clear primary
file_8692,clear primary
file_8693,clear primary
file_8694,partly_cloudy primary
file_8695,clear primary
file_8696,partly_cloudy primary
file_8697,partly_cloudy primary agriculture
file_8698,clear primary agriculture cultivation road
file_8699,clear primary agriculture habitation road bare_ground
file_8700,clear primary water
file_8701,clear primary
file_8702,clear primary
file_8703,clear primary
file_8704,clear primary
file_8705,clear primary agriculture cultivation
file_8706,clear primary
file_8707,partly_cloudy primary agriculture
file_8708,clear cloudy water
file_8709,cloudy
file_8710,clear primary
file_8711,haze primary
file_8712,haze cloudy
file_8713,clear primary agriculture water cultivation habitation
file_8714,partly_cloudy cloudy primary
file_8715,clear primary
file_8716,clear partly_cloudy primary water road
file_8717,clear primary
file_8718,partly_cloudy primary agriculture road
file_8719,clear primary water
file_8720,clear primary
file_8721,clear primary
file_8722,partly_cloudy primary
file_8723,clear primary agriculture cultivation
file_8724,partly_cloudy primary agriculture cultivation
file_8725,partly_cloudy primary
file_8726,clear primary
file_8727,haze primary agriculture water
file_8728,clear primary agriculture water road
file_8729,clear cloudy water
file_8730,clear primary agriculture habitation road
file_8731,clear primary
file_8732,cloudy
file_8733,clear primary
file_8734,partly_cloudy primary
file_8735,clear primary agriculture water cultivation road
file_8736,partly_cloudy primary agriculture
file_8737,clear primary
file_8738,clear primary
file_8739,clear primary agriculture cultivation habitation road
file_8740,clear primary
file_8741,clear cloudy water
file_8742,clear primary
file_8743,partly_cloudy primary agriculture cultivation
file_8744,clear haze primary
file_8745,clear primary
file_8746,partly_cloudy primary
file_8747,clear primary agriculture cultivation
file_8748,clear primary
file_8749,clear haze primary water
file_8750,clear primary
file_8751,clear primary agriculture water cultivation road
file_8752,clear primary
file_8753,partly_cloudy primary
file_8754,clear primary
file_8755,clear primary
file_8756,clear primary agriculture cultivation
file_8757,clear primary
file_8758,partly_cloudy cloudy primary water
file_8759,clear cloudy water
file_8760,clear primary
file_8761,clear primary
file_8762,clear primary agriculture cultivation road
file_8763,clear primary agriculture cultivation
file_8764,clear primary
file_8765,clear primary
file_8766,clear primary agriculture cultivation
file_8767,clear primary
file_8768,clear primary
file_8769,clear primary agriculture water cultivation
file_8770,partly_cloudy primary water
file_8771,partly_cloudy primary agriculture water
file_8772,clear primary agriculture cultivation
file_8773,clear primary agriculture road
file_8774,haze cloudy primary
file_8775,clear primary agriculture cultivation
file_8776,clear primary
file_8777,haze cloudy primary
file_8778,clear primary
file_8779,partly_cloudy cloudy primary agriculture
file_8780,clear primary
file_8781,clear primary agriculture cultivation habitation road
file_8782,clear primary
file_8783,clear primary agriculture water cultivation habitation road
file_8784,partly_cloudy primary agriculture
file_8785,clear primary agriculture
file_8786,clear primary
file_8787,clear primary agriculture cultivation
file_8788,clear haze primary agriculture water road
file_8789,clear primary
file_8790,partly_cloudy primary
file_8791,clear primary
file_8792,clear primary agriculture habitation road
file_8793,clear primary agriculture cultivation
file_8794,partly_cloudy cloudy primary agriculture
file_8795,clear primary
file_8796,clear primary agriculture habitation road
file_8797,clear primary
file_8798,clear haze primary agriculture water cultivation
file_8799,clear primary agriculture habitation road
file_8800,clear primary agriculture water habitation road bare_ground
file_8801,clear primary
file_8802,haze primary
file_8803,clear primary
file_8804,clear primary agriculture road
file_8805,clear primary
file_8806,clear primary
file_8807,clear primary
file_8808,partly_cloudy cloudy primary water
file_8809,clear primary agriculture water cultivation habitation road
file_8810,clear primary water
file_8811,haze partly_cloudy primary
file_8812,clear primary agriculture road
file_8813,clear primary agriculture road
file_8814,clear primary
file_8815,clear primary
file_8816,partly_cloudy primary agriculture cultivation
file_8817,clear primary
file_8818,partly_cloudy primary
file_8819,clear primary agriculture water cultivation road
file_8820,clear primary
file_8821,clear primary
file_8822,clear haze primary
file_8823,clear primary
file_8824,clear primary agriculture cultivation
file_8825,clear primary
file_8826,clear primary agriculture habitation road
file_8827,clear partly_cloudy primary agriculture water road conventional_mine bare_ground
file_8828,clear primary agriculture water habitation road
file_8829,clear primary water
file_8830,clear primary agriculture water cultivation
file_8831,haze primary
file_8832,clear primary agriculture bare_ground
file_8833,clear primary agriculture water habitation road bare_ground
file_8834,partly_cloudy primary agriculture habitation road
file_8835,clear primary agriculture habitation road
file_8836,haze primary
file_8837,clear primary
file_8838,partly_cloudy primary
file_8839,clear primary
file_8840,clear primary
file_8841,clear primary agriculture cultivation
file_8842,clear primary
file_8843,clear cloudy water
file_8844,partly_cloudy primary agriculture cultivation habitation road
file_8845,partly_cloudy primary agriculture water road conventional_mine
file_8846,partly_cloudy primary
file_8847,clear cloudy primary water
file_8848,partly_cloudy cloudy
file_8849,clear primary
file_8850,clear cloudy primary water
file_8851,partly_cloudy primary agriculture water
file_8852,clear primary agriculture water habitation road bare_ground artisinal_mine
file_8853,partly_cloudy primary
file_8854,partly_cloudy cloudy primary
file_8855,clear primary agriculture cultivation
file_8856,clear primary agriculture road
file_8857,partly_cloudy primary agriculture
file_8858,clear primary water
file_8859,partly_cloudy primary agriculture water road
file_8860,cloudy
file_8861,clear partly_cloudy primary agriculture cultivation
file_8862,partly_cloudy primary
file_8863,clear primary water
file_8864,clear primary blooming
file_8865,clear primary
file_8866,haze cloudy primary
file_8867,partly_cloudy primary water
file_8868,partly_cloudy primary agriculture cultivation
file_8869,clear primary agriculture cultivation
file_8870,partly_cloudy primary
file_8871,clear primary agriculture road
file_8872,clear primary
file_8873,clear primary agriculture water bare_ground
file_8874,clear primary
file_8875,clear primary
file_8876,cloudy
file_8877,clear primary agriculture habitation road
file_8878,partly_cloudy primary agriculture cultivation
file_8879,clear primary agriculture water road
file_8880,partly_cloudy primary
file_8881,clear haze primary
file_8882,haze primary agriculture water
file_8883,clear primary water
file_8884,clear primary
file_8885,clear primary
file_8886,partly_cloudy primary
file_8887,clear primary agriculture habitation road
file_8888,haze cloudy
file_8889,partly_cloudy primary
file_8890,clear primary agriculture road
file_8891,clear primary
file_8892,clear primary agriculture habitation road
file_8893,partly_cloudy primary
file_8894,clear primary
file_8895,clear primary
file_8896,clear primary
file_8897,clear primary agriculture habitation road
file_8898,clear primary agriculture road
file_8899,clear primary
file_8900,clear primary agriculture water cultivation
file_8901,clear primary
file_8902,clear primary
file_8903,clear primary agriculture water
file_8904,clear primary agriculture water
file_8905,partly_cloudy primary agriculture water cultivation habitation road
file_8906,clear primary road
file_8907,clear primary
file_8908,clear primary
file_8909,clear primary agriculture road
file_8910,clear primary agriculture habitation road
file_8911,clear primary agriculture cultivation
file_8912,cloudy
file_8913,clear primary
file_8914,clear primary
file_8915,partly_cloudy primary
file_8916,clear primary
file_8917,clear primary
file_8918,haze primary agriculture
file_8919,clear primary
file_8920,clear primary agriculture cultivation habitation road
file_8921,clear primary habitation road
file_8922,partly_cloudy primary agriculture
file_8923,clear primary
file_8924,cloudy
file_8925,clear primary agriculture habitation road
file_8926,clear haze primary agriculture
file_8927,clear primary agriculture water
file_8928,clear primary agriculture road
file_8929,clear primary agriculture cultivation habitation road
file_8930,clear primary
file_8931,clear primary water
file_8932,clear primary water bare_ground artisinal_mine
file_8933,haze primary
file_8934,clear primary agriculture habitation road
file_8935,clear primary agriculture habitation road bare_ground
file_8936,clear primary agriculture road
file_8937,clear partly_cloudy primary agriculture water road
file_8938,clear primary
file_8939,clear primary agriculture road
file_8940,clear primary agriculture habitation road
file_8941,clear primary agriculture cultivation
file_8942,clear primary agriculture cultivation habitation road bare_ground
file_8943,clear primary
file_8944,clear primary
file_8945,partly_cloudy primary
file_8946,clear primary
file_8947,clear primary
file_8948,cloudy
file_8949,clear primary agriculture habitation road
file_8950,clear primary
file_8951,clear primary water
file_8952,clear primary
file_8953,clear partly_cloudy primary
file_8954,clear primary
file_8955,clear primary agriculture cultivation
file_8956,partly_cloudy cloudy
file_8957,cloudy
file_8958,clear primary
file_8959,partly_cloudy cloudy primary
file_8960,clear partly_cloudy primary water road
file_8961,clear primary
file_8962,partly_cloudy primary agriculture water road
file_8963,clear primary agriculture cultivation
file_8964,haze primary
file_8965,clear primary
file_8966,clear primary water road
file_8967,clear primary agriculture cultivation
file_8968,clear haze primary agriculture
file_8969,partly_cloudy primary
file_8970,clear primary agriculture water cultivation
file_8971,partly_cloudy cloudy primary water
file_8972,clear primary
file_8973,clear primary
file_8974,clear primary
file_8975,clear primary
file_8976,clear primary water road
file_8977,clear primary
file_8978,partly_cloudy primary
file_8979,clear primary
file_8980,partly_cloudy primary water
file_8981,clear primary
file_8982,clear primary agriculture cultivation habitation
file_8983,haze primary
file_8984,clear primary
file_8985,clear primary agriculture cultivation
file_8986,clear primary
file_8987,clear primary
file_8988,clear primary water habitation road bare_ground artisinal_mine
file_8989,clear primary
file_8990,clear primary blooming
file_8991,clear primary agriculture water habitation road
file_8992,clear primary
file_8993,cloudy
file_8994,clear primary agriculture water road
file_8995,clear primary agriculture cultivation
file_8996,clear primary
file_8997,clear primary agriculture road
file_8998,clear primary
file_8999,clear primary
file_9000,partly_cloudy primary
file_9001,clear haze primary agriculture water road
file_9002,haze cloudy primary
file_9003,clear primary
file_9004,clear primary water
file_9005,clear primary
file_9006,clear primary
file_9007,clear primary agriculture water cultivation habitation road
file_9008,clear primary agriculture water road
file_9009,clear primary
file_9010,clear primary water
file_9011,partly_cloudy primary water road conventional_mine
file_9012,partly_cloudy primary agriculture cultivation
file_9013,clear primary
file_9014,clear primary agriculture cultivation
file_9015,partly_cloudy primary agriculture cultivation road
file_9016,partly_cloudy primary
file_9017,partly_cloudy primary
file_9018,haze cloudy primary
file_9019,clear primary water
file_9020,clear partly_cloudy primary agriculture road
file_9021,clear primary water
file_9022,clear haze primary agriculture cultivation road
file_9023,partly_cloudy primary
file_9024,partly_cloudy primary
file_9025,clear cloudy water
file_9026,clear primary
file_9027,clear primary water road artisinal_mine selective_logging
file_9028,clear haze primary
file_9029,clear primary
file_9030,clear primary agriculture water road
file_9031,clear partly_cloudy primary agriculture cultivation
file_9032,clear primary
file_9033,clear primary
file_9034,clear primary agriculture cultivation
file_9035,clear primary
file_9036,clear primary
file_9037,clear primary
file_9038,clear primary water
file_9039,clear primary
file_9040,clear primary
file_9041,clear primary
file_9042,clear primary
file_9043,clear primary agriculture water
file_9044,clear primary agriculture water road
file_9045,clear primary
file_9046,clear primary
file_9047,clear primary agriculture cultivation
file_9048,clear primary
file_9049,partly_cloudy primary agriculture habitation road
file_9050,clear primary
file_9051,clear primary agriculture water habitation road
file_9052,clear primary agriculture cultivation habitation road
file_9053,cloudy
file_9054,clear primary
file_9055,clear primary
file_9056,partly_cloudy primary agriculture
file_9057,clear primary
file_9058,clear partly_cloudy primary
file_9059,partly_cloudy primary
file_9060,clear primary
file_9061,clear primary
file_9062,partly_cloudy primary agriculture cultivation habitation
file_9063,partly_cloudy primary agriculture
file_9064,clear primary water
file_9065,clear primary
file_9066,clear primary water
file_9067,clear primary agriculture water
file_9068,clear primary agriculture road
file_9069,clear primary blooming selective_logging
file_9070,clear primary agriculture road
file_9071,partly_cloudy primary
file_9072,haze cloudy
file_9073,clear primary
file_9074,clear primary
file_9075,partly_cloudy primary agriculture
file_9076,clear primary
file_9077,clear primary agriculture cultivation
file_9078,cloudy
file_9079,clear primary agriculture habitation road
file_9080,clear primary
file_9081,clear cloudy water
file_9082,clear primary agriculture water habitation road
file_9083,clear primary
file_9084,partly_cloudy primary
file_9085,partly_cloudy primary agriculture water habitation road
file_9086,clear primary agriculture cultivation
file_9087,partly_cloudy primary
file_9088,clear primary
file_9089,clear primary agriculture water cultivation
file_9090,partly_cloudy primary
file_9091,clear primary
file_9092,clear primary
file_9093,clear primary agriculture water road
file_9094,partly_cloudy primary
file_9095,clear primary water
file_9096,clear primary
file_9097,cloudy
file_9098,clear primary
file_9099,partly_cloudy primary
file_9100,clear primary
file_9101,partly_cloudy primary agriculture cultivation
file_9102,partly_cloudy primary
file_9103,clear primary agriculture cultivation
file_9104,clear haze primary
file_9105,clear primary
file_9106,partly_cloudy primary
file_9107,cloudy
file_9108,clear primary agriculture water road bare_ground
file_9109,clear primary agriculture cultivation habitation road
file_9110,clear primary agriculture cultivation
file_9111,clear primary water
file_9112,clear primary agriculture water road
file_9113,clear primary cultivation
file_9114,cloudy
file_9115,clear primary blooming
file_9116,partly_cloudy primary agriculture cultivation
file_9117,clear primary
file_9118,clear primary
file_9119,clear primary agriculture habitation road
file_9120,clear primary
file_9121,clear primary
file_9122,clear cloudy water
file_9123,clear primary
file_9124,clear primary water
file_9125,clear primary
file_9126,partly_cloudy primary
file_9127,clear haze primary
file_9128,clear primary
file_9129,clear primary water
file_9130,cloudy
file_9131,clear primary
file_9132,clear primary agriculture habitation road
file_9133,clear partly_cloudy primary water
file_9134,clear primary agriculture cultivation road
file_9135,haze primary
file_9136,partly_cloudy primary agriculture water
file_9137,partly_cloudy primary
file_9138,clear primary water
file_9139,partly_cloudy primary agriculture water road conventional_mine
file_9140,partly_cloudy primary
file_9141,partly_cloudy primary agriculture
file_9142,clear primary agriculture cultivation road
file_9143,clear primary agriculture water road
file_9144,cloudy
file_9145,haze primary
file_9146,partly_cloudy primary agriculture water road
file_9147,clear primary agriculture water cultivation habitation
file_9148,clear primary agriculture road
file_9149,clear haze primary agriculture water
file_9150,clear primary
file_9151,clear primary
file_9152,cloudy
file_9153,clear primary water
file_9154,clear primary
file_9155,clear primary
file_9156,clear primary
file_9157,clear primary agriculture road
file_9158,clear haze primary
file_9159,partly_cloudy primary
file_9160,partly_cloudy primary agriculture
file_9161,clear primary
file_9162,clear primary
file_9163,clear primary water
file_9164,clear primary
file_9165,clear partly_cloudy primary
file_9166,clear primary agriculture water road
file_9167,partly_cloudy primary
file_9168,clear primary agriculture cultivation
file_9169,partly_cloudy primary
file_9170,clear primary
file_9171,clear primary
file_9172,clear primary agriculture water cultivation road
file_9173,clear primary
file_9174,clear primary
file_9175,clear primary
file_9176,clear primary agriculture water habitation road
file_9177,haze primary agriculture water
file_9178,clear primary agriculture cultivation
file_9179,partly_cloudy primary agriculture habitation road
file_9180,clear primary
file_9181,clear primary
file_9182,clear primary agriculture road
file_9183,clear primary agriculture water habitation road
file_9184,haze cloudy primary water
file_9185,clear primary water road
file_9186,clear primary water artisinal_mine
file_9187,clear primary
file_9188,clear primary agriculture road
file_9189,clear haze primary water
file_9190,cloudy
file_9191,clear primary
file_9192,clear primary agriculture cultivation
file_9193,clear primary
file_9194,clear partly_cloudy primary agriculture road
file_9195,clear primary
file_9196,clear primary
file_9197,clear primary
file_9198,clear primary water
file_9199,clear primary
file_9200,partly_cloudy primary
file_9201,partly_cloudy primary agriculture water road
file_9202,clear haze primary water
file_9203,clear primary
file_9204,clear primary
file_9205,clear primary agriculture habitation road
file_9206,clear primary water
file_9207,clear primary
file_9208,partly_cloudy primary
file_9209,partly_cloudy primary agriculture habitation road
file_9210,clear primary
file_9211,clear primary
file_9212,clear primary
file_9213,clear primary
file_9214,cloudy
file_9215,clear primary
file_9216,haze cloudy primary
file_9217,partly_cloudy primary
file_9218,partly_cloudy cloudy primary
file_9219,haze cloudy
file_9220,clear primary agriculture water
file_9221,clear primary agriculture cultivation
file_9222,clear primary
file_9223,haze primary
file_9224,clear primary agriculture cultivation
file_9225,clear primary
file_9226,clear primary agriculture cultivation habitation road
file_9227,clear cloudy water
file_9228,clear primary
file_9229,clear primary agriculture water cultivation
file_9230,partly_cloudy primary
file_9231,clear primary agriculture cultivation road
file_9232,clear primary water
file_9233,clear primary
file_9234,partly_cloudy primary agriculture water road
file_9235,partly_cloudy primary
file_9236,clear primary water habitation road
file_9237,clear primary agriculture cultivation
file_9238,clear primary agriculture road
file_9239,partly_cloudy primary
file_9240,clear primary agriculture road bare_ground
file_9241,clear primary
file_9242,partly_cloudy primary water
file_9243,clear primary
file_9244,clear primary
file_9245,partly_cloudy primary agriculture water
file_9246,clear partly_cloudy primary agriculture water cultivation
file_9247,clear primary
file_9248,clear primary
file_9249,clear primary
file_9250,clear primary
file_9251,partly_cloudy primary
file_9252,clear primary
file_9253,partly_cloudy primary water artisinal_mine
file_9254,clear primary agriculture cultivation
file_9255,clear primary
file_9256,partly_cloudy primary
file_9257,partly_cloudy primary
file_9258,clear primary
file_9259,clear primary agriculture water cultivation
file_9260,partly_cloudy primary water
file_9261,clear primary
file_9262,haze cloudy primary water
file_9263,clear primary
file_9264,partly_cloudy primary water
file_9265,haze primary
file_9266,clear primary agriculture
file_9267,haze cloudy primary water
file_9268,clear primary agriculture water road
file_9269,partly_cloudy primary agriculture water cultivation road
file_9270,clear primary agriculture cultivation
file_9271,clear primary agriculture road
file_9272,clear partly_cloudy primary
file_9273,clear primary agriculture cultivation habitation road
file_9274,clear primary agriculture cultivation habitation road
file_9275,partly_cloudy primary agriculture cultivation
file_9276,clear primary
file_9277,partly_cloudy primary agriculture road
file_9278,clear primary
file_9279,clear primary agriculture water cultivation habitation road
file_9280,clear primary
file_9281,partly_cloudy primary agriculture habitation road
file_9282,clear primary agriculture road
file_9283,clear primary
file_9284,partly_cloudy primary
file_9285,clear partly_cloudy primary agriculture road
file_9286,clear primary agriculture cultivation road
file_9287,cloudy
file_9288,clear primary agriculture road
file_9289,clear primary
file_9290,clear primary
file_9291,clear primary
file_9292,clear partly_cloudy primary water road
file_9293,cloudy
file_9294,clear primary
file_9295,clear haze primary
file_9296,partly_cloudy primary
file_9297,clear primary agriculture cultivation habitation road
file_9298,partly_cloudy primary
file_9299,clear primary
file_9300,clear primary
file_9301,clear cloudy primary water
file_9302,clear primary agriculture cultivation road
file_9303,partly_cloudy primary
file_9304,clear primary
file_9305,clear primary agriculture
file_9306,partly_cloudy primary agriculture water cultivation road
file_9307,clear primary
file_9308,clear primary agriculture habitation road
file_9309,clear cloudy primary water
file_9310,clear primary road
file_9311,clear haze primary water
file_9312,haze cloudy primary
file_9313,partly_cloudy primary
file_9314,clear primary
file_9315,clear primary
file_9316,cloudy
file_9317,clear primary
file_9318,haze cloudy primary
file_9319,partly_cloudy primary agriculture water road
file_9320,haze cloudy primary
file_9321,partly_cloudy primary
file_9322,partly_cloudy primary
file_9323,clear primary
file_9324,clear primary
file_9325,clear primary water
file_9326,clear primary agriculture cultivation
file_9327,clear haze primary
file_9328,clear primary
file_9329,partly_cloudy primary agriculture water road
file_9330,cloudy
file_9331,clear primary
file_9332,clear primary agriculture cultivation habitation road
file_9333,clear primary water
file_9334,clear primary
file_9335,clear primary agriculture cultivation
file_9336,clear primary agriculture cultivation habitation road
file_9337,clear primary
file_9338,clear primary
file_9339,clear primary water road
file_9340,clear primary
file_9341,clear primary agriculture water cultivation habitation road
file_9342,haze cloudy primary
file_9343,clear primary agriculture road
file_9344,clear primary agriculture water road
file_9345,partly_cloudy primary
file_9346,clear primary
file_9347,haze partly_cloudy primary
file_9348,clear primary
file_9349,partly_cloudy primary
file_9350,partly_cloudy primary
file_9351,partly_cloudy cloudy primary
file_9352,clear primary
file_9353,clear primary agriculture water cultivation habitation road
file_9354,clear primary agriculture road
file_9355,clear primary agriculture water cultivation habitation road
file_9356,clear primary agriculture road
file_9357,partly_cloudy primary agriculture cultivation
file_9358,clear primary agriculture cultivation
file_9359,partly_cloudy primary agriculture cultivation
file_9360,clear primary
file_9361,clear partly_cloudy primary agriculture cultivation
file_9362,clear primary
file_9363,clear primary blooming selective_logging
file_9364,clear primary agriculture habitation road
file_9365,clear primary agriculture water cultivation
file_9366,clear primary agriculture cultivation habitation
file_9367,clear primary
file_9368,partly_cloudy primary agriculture water road
file_9369,clear haze primary agriculture cultivation
file_9370,clear primary agriculture water
file_9371,clear primary
file_9372,partly_cloudy primary agriculture road
file_9373,clear primary
file_9374,clear primary
file_9375,clear primary
file_9376,clear primary
file_9377,clear primary
file_9378,partly_cloudy primary agriculture cultivation
file_9379,clear primary
file_9380,cloudy
file_9381,partly_cloudy primary
file_9382,clear primary agriculture habitation road
file_9383,partly_cloudy primary water
file_9384,clear primary agriculture cultivation habitation road
file_9385,clear primary agriculture water road
file_9386,partly_cloudy primary
file_9387,clear haze cloudy primary agriculture
file_9388,clear primary
file_9389,clear primary
file_9390,clear primary agriculture road bare_ground
file_9391,clear primary agriculture road
file_9392,clear primary
file_9393,clear primary agriculture
file_9394,clear haze primary water
file_9395,partly_cloudy primary agriculture water
file_9396,clear primary blooming
file_9397,haze cloudy primary
file_9398,partly_cloudy primary
file_9399,haze primary
file_9400,partly_cloudy primary
file_9401,partly_cloudy primary
file_9402,clear primary agriculture habitation road
file_9403,clear primary agriculture water road
file_9404,haze primary agriculture water
file_9405,clear primary agriculture cultivation
file_9406,partly_cloudy primary
file_9407,clear primary agriculture water habitation road
file_9408,clear primary water artisinal_mine selective_logging
file_9409,partly_cloudy primary
file_9410,partly_cloudy primary
file_9411,clear primary
file_9412,clear primary
file_9413,cloudy
file_9414,clear primary agriculture cultivation habitation road
file_9415,partly_cloudy cloudy primary
file_9416,clear primary
file_9417,haze primary
file_9418,clear primary
file_9419,haze primary agriculture water
file_9420,partly_cloudy primary
file_9421,clear primary water
file_9422,clear primary agriculture cultivation
file_9423,partly_cloudy primary
file_9424,clear primary agriculture road
file_9425,clear primary
file_9426,clear primary
file_9427,haze primary agriculture water
file_9428,clear primary water bare_ground artisinal_mine
file_9429,clear primary agriculture road
file_9430,partly_cloudy primary agriculture
file_9431,clear primary
file_9432,partly_cloudy primary
file_9433,partly_cloudy primary agriculture cultivation
file_9434,clear primary
file_9435,clear primary agriculture cultivation
file_9436,partly_cloudy primary
file_9437,clear primary road selective_logging
file_9438,clear primary
file_9439,haze partly_cloudy primary agriculture water road
file_9440,partly_cloudy primary
file_9441,clear cloudy water
file_9442,partly_cloudy primary agriculture cultivation road
file_9443,clear primary
file_9444,clear primary agriculture cultivation road
file_9445,clear primary agriculture habitation road
file_9446,partly_cloudy primary
file_9447,clear primary agriculture habitation road
file_9448,partly_cloudy cloudy primary
file_9449,clear primary
file_9450,clear primary
file_9451,clear primary agriculture cultivation
file_9452,clear primary
file_9453,clear primary
file_9454,partly_cloudy primary agriculture
file_9455,partly_cloudy primary water
file_9456,partly_cloudy cloudy primary
file_9457,clear primary
file_9458,clear primary agriculture road bare_ground
file_9459,clear primary water
file_9460,clear primary
file_9461,clear primary water road
file_9462,clear primary
file_9463,clear primary agriculture cultivation habitation road
file_9464,clear primary agriculture
file_9465,partly_cloudy cloudy primary
file_9466,clear primary
file_9467,clear primary
file_9468,clear haze primary agriculture cultivation road
file_9469,partly_cloudy primary
file_9470,clear primary
file_9471,clear primary agriculture cultivation habitation road
file_9472,clear primary
file_9473,haze partly_cloudy primary agriculture
file_9474,clear haze primary
file_9475,clear primary water road
file_9476,clear partly_cloudy primary
file_9477,clear partly_cloudy primary agriculture water cultivation road
file_9478,cloudy
file_9479,clear primary
file_9480,partly_cloudy cloudy
file_9481,clear primary
file_9482,clear primary agriculture habitation road
file_9483,clear primary
file_9484,clear primary
file_9485,clear primary
file_9486,clear primary water artisinal_mine
file_9487,clear primary
file_9488,clear primary
file_9489,clear primary
file_9490,partly_cloudy primary agriculture water
file_9491,clear primary
file_9492,clear primary water road
file_9493,clear primary
file_9494,clear primary water
file_9495,clear primary
file_9496,clear primary
file_9497,clear primary
file_9498,haze primary
file_9499,clear primary
file_9500,partly_cloudy primary agriculture
file_9501,clear primary
file_9502,partly_cloudy primary agriculture cultivation
file_9503,clear primary
file_9504,clear primary
file_9505,partly_cloudy primary
file_9506,cloudy
file_9507,partly_cloudy primary
file_9508,clear primary water road
file_9509,clear primary agriculture cultivation
file_9510,clear primary
file_9511,clear primary
file_9512,clear primary
file_9513,clear primary agriculture cultivation road
file_9514,clear primary agriculture water cultivation habitation road
file_9515,clear primary
file_9516,partly_cloudy primary
file_9517,partly_cloudy primary agriculture water cultivation
file_9518,haze cloudy
file_9519,partly_cloudy primary
file_9520,clear primary agriculture water cultivation habitation
file_9521,partly_cloudy primary agriculture road
file_9522,clear haze primary
file_9523,clear primary
file_9524,partly_cloudy primary agriculture habitation road
file_9525,clear primary agriculture water cultivation
file_9526,clear primary
file_9527,clear primary
file_9528,partly_cloudy primary agriculture road
file_9529,cloudy
file_9530,clear primary agriculture water road
file_9531,clear primary agriculture
file_9532,clear primary
file_9533,clear primary agriculture cultivation road
file_9534,clear primary agriculture
file_9535,clear primary
file_9536,clear primary water
file_9537,clear primary
file_9538,clear primary agriculture water cultivation habitation
file_9539,clear primary
file_9540,clear primary agriculture water road
file_9541,clear primary agriculture water road
file_9542,clear primary agriculture habitation road
file_9543,clear cloudy water
file_9544,clear primary agriculture cultivation
file_9545,partly_cloudy primary agriculture cultivation road
file_9546,clear primary agriculture water cultivation habitation
file_9547,partly_cloudy primary
file_9548,partly_cloudy primary agriculture cultivation
file_9549,clear primary agriculture water road
file_9550,clear primary agriculture cultivation road
file_9551,clear partly_cloudy primary water road
file_9552,cloudy
file_9553,clear primary
file_9554,clear primary water bare_ground artisinal_mine
file_9555,clear primary
file_9556,clear primary
file_9557,clear primary agriculture road
file_9558,clear primary water
file_9559,clear primary road blooming selective_logging
file_9560,partly_cloudy primary
file_9561,cloudy
file_9562,haze primary agriculture water
file_9563,clear haze primary agriculture cultivation
file_9564,clear haze primary agriculture road
file_9565,clear primary
file_9566,clear primary agriculture water habitation
file_9567,clear primary agriculture road
file_9568,clear primary
file_9569,clear primary water bare_ground artisinal_mine
file_9570,partly_cloudy primary
file_9571,clear primary agriculture cultivation
file_9572,clear partly_cloudy primary
file_9573,partly_cloudy primary
file_9574,cloudy
file_9575,partly_cloudy primary
file_9576,clear cloudy water
file_9577,clear primary agriculture water cultivation road
file_9578,clear primary water
file_9579,clear primary
file_9580,clear primary agriculture bare_ground
file_9581,clear primary
file_9582,clear primary
file_9583,clear primary
file_9584,clear primary agriculture road
file_9585,clear primary water
file_9586,partly_cloudy primary agriculture road
file_9587,cloudy
file_9588,clear primary agriculture cultivation
file_9589,clear primary agriculture cultivation
file_9590,clear primary
file_9591,clear primary agriculture water cultivation habitation road
file_9592,partly_cloudy primary agriculture cultivation
file_9593,clear primary
file_9594,clear primary water
file_9595,clear partly_cloudy primary agriculture cultivation
file_9596,clear primary
file_9597,clear partly_cloudy primary
file_9598,clear primary agriculture water cultivation road
file_9599,clear primary
file_9600,clear primary
file_9601,clear primary water road
file_9602,partly_cloudy primary
file_9603,clear primary cultivation blooming selective_logging
file_9604,clear primary
file_9605,partly_cloudy primary agriculture
file_9606,clear primary water artisinal_mine
file_9607,clear primary
file_9608,clear primary blooming
file_9609,partly_cloudy primary
file_9610,clear primary
file_9611,clear primary
file_9612,clear primary
file_9613,clear haze primary agriculture cultivation road
file_9614,haze primary water
file_9615,clear primary agriculture
file_9616,clear primary
file_9617,clear primary
file_9618,clear haze primary agriculture water
file_9619,clear primary
file_9620,clear primary agriculture water
file_9621,clear primary
file_9622,clear primary water
file_9623,partly_cloudy primary agriculture water road
file_9624,clear primary agriculture water
file_9625,partly_cloudy cloudy primary
file_9626,clear primary water
file_9627,partly_cloudy primary
file_9628,clear primary
file_9629,clear primary
file_9630,partly_cloudy primary agriculture cultivation habitation
file_9631,clear primary agriculture cultivation habitation road
file_9632,clear primary agriculture water road
file_9633,clear primary
file_9634,clear primary agriculture water habitation road
file_9635,clear cloudy water
file_9636,clear primary water artisinal_mine
file_9637,clear primary
file_9638,clear primary agriculture cultivation
file_9639,clear cloudy primary water
file_9640,clear primary agriculture habitation road
file_9641,clear primary agriculture cultivation
file_9642,clear primary
file_9643,clear primary agriculture cultivation
file_9644,clear primary agriculture cultivation
file_9645,partly_cloudy primary agriculture road
file_9646,clear primary agriculture water habitation road
file_9647,clear primary agriculture cultivation
file_9648,clear primary
file_9649,partly_cloudy cloudy primary
file_9650,clear primary water
file_9651,haze cloudy primary
file_9652,cloudy
file_9653,clear primary
file_9654,clear primary
file_9655,clear primary water
file_9656,clear primary
file_9657,clear primary
file_9658,clear primary agriculture habitation road
file_9659,clear primary agriculture cultivation
file_9660,clear primary
file_9661,clear primary
file_9662,clear primary water
file_9663,clear primary agriculture
file_9664,clear primary
file_9665,clear haze primary agriculture water cultivation
file_9666,clear primary
file_9667,haze primary
file_9668,clear primary
file_9669,partly_cloudy primary agriculture cultivation
file_9670,cloudy
file_9671,clear primary
file_9672,clear primary agriculture cultivation habitation road
file_9673,partly_cloudy primary
file_9674,partly_cloudy primary water
file_9675,haze primary agriculture water
file_9676,clear primary agriculture road bare_ground
file_9677,clear partly_cloudy primary agriculture water cultivation habitation road
file_9678,cloudy
file_9679,partly_cloudy primary agriculture water road
file_9680,clear primary
file_9681,haze primary
file_9682,clear primary
file_9683,clear primary habitation road
file_9684,clear partly_cloudy primary agriculture water road
file_9685,clear primary
file_9686,clear primary
file_9687,clear primary
file_9688,clear primary agriculture habitation road
file_9689,partly_cloudy primary
file_9690,clear primary
file_9691,clear primary water
file_9692,cloudy
file_9693,partly_cloudy primary
file_9694,partly_cloudy primary
file_9695,clear primary
file_9696,clear primary agriculture habitation road
file_9697,partly_cloudy primary
file_9698,clear primary
file_9699,clear primary agriculture habitation road
file_9700,clear primary
file_9701,clear primary agriculture water road
file_9702,clear primary agriculture road
file_9703,cloudy
file_9704,clear primary
file_9705,clear primary blooming
file_9706,clear primary water
file_9707,clear primary agriculture cultivation road
file_9708,clear partly_cloudy primary agriculture water habitation road
file_9709,partly_cloudy primary
file_9710,clear primary
file_9711,clear primary
file_9712,partly_cloudy primary agriculture road
file_9713,clear primary
file_9714,clear primary agriculture water habitation road
file_9715,partly_cloudy primary agriculture water road
file_9716,clear primary
file_9717,clear haze primary
file_9718,partly_cloudy primary
file_9719,clear cloudy water
file_9720,clear primary agriculture cultivation
file_9721,clear primary water
file_9722,cloudy
file_9723,haze cloudy primary
file_9724,clear cloudy primary agriculture bare_ground
file_9725,clear primary water
file_9726,clear primary agriculture cultivation
file_9727,clear primary
file_9728,haze primary
file_9729,partly_cloudy cloudy primary agriculture
file_9730,clear primary
file_9731,cloudy
file_9732,haze primary
file_9733,clear primary agriculture water cultivation
file_9734,clear primary water
file_9735,clear primary agriculture cultivation
file_9736,clear primary agriculture cultivation
file_9737,clear primary
file_9738,partly_cloudy primary
file_9739,clear primary
file_9740,clear primary agriculture cultivation
file_9741,clear primary agriculture cultivation habitation road
file_9742,clear primary
file_9743,cloudy
file_9744,clear primary
file_9745,cloudy
file_9746,partly_cloudy primary agriculture water road
file_9747,clear primary agriculture water cultivation habitation road
file_9748,partly_cloudy primary
file_9749,partly_cloudy primary
file_9750,clear primary agriculture road bare_ground
file_9751,clear cloudy water
file_9752,clear primary
file_9753,clear haze primary water
file_9754,clear primary agriculture water bare_ground
file_9755,cloudy
file_9756,clear primary agriculture water cultivation habitation
file_9757,partly_cloudy primary agriculture cultivation
file_9758,clear primary
file_9759,clear primary
file_9760,clear haze primary
file_9761,haze partly_cloudy primary agriculture water
file_9762,clear primary
file_9763,clear primary
file_9764,partly_cloudy primary
file_9765,clear primary agriculture water road
file_9766,clear primary
file_9767,clear primary
file_9768,clear primary
file_9769,clear primary
file_9770,clear haze primary water
file_9771,partly_cloudy primary
file_9772,cloudy water
file_9773,clear primary
file_9774,clear primary
file_9775,partly_cloudy primary
file_9776,clear primary water artisinal_mine
file_9777,partly_cloudy primary
file_9778,clear primary agriculture cultivation
file_9779,clear primary
file_9780,clear primary water bare_ground artisinal_mine
file_9781,clear primary
file_9782,partly_cloudy primary
file_9783,clear primary
file_9784,clear primary agriculture cultivation habitation road
file_9785,partly_cloudy cloudy primary
file_9786,clear primary road blooming selective_logging
file_9787,partly_cloudy primary agriculture water habitation road
file_9788,haze primary water
file_9789,clear primary
file_9790,clear primary water
file_9791,partly_cloudy primary
file_9792,clear cloudy water
file_9793,haze primary
file_9794,clear primary agriculture cultivation habitation road
file_9795,haze partly_cloudy primary agriculture water road
file_9796,partly_cloudy primary
file_9797,clear primary
file_9798,clear primary
file_9799,clear primary agriculture cultivation
file_9800,clear primary
file_9801,cloudy
file_9802,clear primary water
file_9803,partly_cloudy primary
file_9804,clear primary agriculture cultivation
file_9805,clear primary
file_9806,partly_cloudy primary
file_9807,clear primary
file_9808,clear primary agriculture road
file_9809,cloudy
file_9810,clear primary
file_9811,clear primary water road selective_logging
file_9812,haze cloudy primary
file_9813,clear primary
file_9814,cloudy
file_9815,clear primary
file_9816,clear primary agriculture cultivation
file_9817,partly_cloudy primary agriculture cultivation
file_9818,clear primary blooming selective_logging
file_9819,clear primary
file_9820,clear primary
file_9821,clear primary water
file_9822,clear primary blooming
file_9823,clear primary
file_9824,clear primary
file_9825,clear primary agriculture cultivation
file_9826,clear primary
file_9827,clear primary agriculture cultivation habitation road
file_9828,clear primary
file_9829,clear primary
file_9830,clear primary
file_9831,partly_cloudy primary
file_9832,clear primary agriculture cultivation
file_9833,clear primary
file_9834,clear haze primary agriculture water cultivation
file_9835,clear primary
file_9836,clear primary agriculture cultivation
file_9837,clear primary
file_9838,clear primary
file_9839,clear primary
file_9840,clear primary
file_9841,partly_cloudy primary
file_9842,clear primary agriculture cultivation habitation road
file_9843,clear primary agriculture cultivation habitation
file_9844,clear primary agriculture habitation road
file_9845,clear primary agriculture cultivation habitation
file_9846,clear primary
file_9847,clear primary
file_9848,clear primary agriculture water cultivation habitation
file_9849,clear primary
file_9850,clear primary habitation road
file_9851,clear primary
file_9852,clear primary agriculture cultivation
file_9853,clear partly_cloudy primary agriculture water
file_9854,clear primary agriculture bare_ground
file_9855,clear primary agriculture habitation road
file_9856,clear primary agriculture cultivation road
file_9857,haze cloudy
file_9858,clear primary agriculture road
file_9859,clear primary agriculture water cultivation road
file_9860,clear primary
file_9861,clear primary
file_9862,clear primary
file_9863,clear primary
file_9864,clear primary agriculture cultivation road
file_9865,partly_cloudy primary
file_9866,clear primary
file_9867,clear partly_cloudy primary agriculture cultivation
file_9868,clear primary
file_9869,clear primary water road
file_9870,clear primary agriculture water cultivation
file_9871,clear primary agriculture cultivation habitation road
file_9872,clear primary agriculture water habitation road
file_9873,clear primary
file_9874,clear primary agriculture road
file_9875,partly_cloudy primary
file_9876,clear haze primary agriculture water road
file_9877,clear primary water
file_9878,partly_cloudy cloudy primary
file_9879,clear primary
file_9880,partly_cloudy primary
file_9881,clear primary
file_9882,clear primary
file_9883,clear primary agriculture water cultivation road
file_9884,cloudy
file_9885,clear primary blooming selective_logging
file_9886,clear primary
file_9887,clear primary
file_9888,clear primary agriculture water cultivation habitation
file_9889,clear primary
file_9890,clear primary
file_9891,clear primary agriculture cultivation habitation road
file_9892,partly_cloudy primary agriculture cultivation
file_9893,partly_cloudy primary
file_9894,partly_cloudy cloudy
file_9895,partly_cloudy primary
file_9896,clear primary water
file_9897,clear haze primary
file_9898,clear primary
file_9899,clear primary
file_9900,clear primary agriculture cultivation habitation road
file_9901,clear primary agriculture cultivation
file_9902,clear primary
file_9903,clear primary agriculture road
file_9904,clear primary agriculture cultivation
file_9905,clear primary
file_9906,clear primary agriculture habitation road
file_9907,partly_cloudy primary agriculture habitation road
file_9908,clear primary agriculture water road
file_9909,cloudy
file_9910,clear primary agriculture water road
file_9911,clear primary water
file_9912,partly_cloudy primary
file_9913,partly_cloudy primary agriculture habitation road
file_9914,partly_cloudy primary agriculture habitation road
file_9915,clear primary
file_9916,cloudy
file_9917,clear primary
file_9918,clear primary
file_9919,clear primary agriculture cultivation
file_9920,clear primary water road
file_9921,clear primary agriculture cultivation
file_9922,partly_cloudy primary agriculture water road
file_9923,clear primary
file_9924,haze primary
file_9925,partly_cloudy primary
file_9926,clear partly_cloudy primary agriculture habitation road
file_9927,partly_cloudy primary agriculture water road
file_9928,cloudy
file_9929,clear primary
file_9930,haze cloudy primary
file_9931,partly_cloudy primary agriculture cultivation
file_9932,clear primary
file_9933,clear primary agriculture cultivation
file_9934,clear primary agriculture cultivation
file_9935,clear primary agriculture water road
file_9936,clear primary water bare_ground artisinal_mine
file_9937,clear primary
file_9938,clear primary agriculture cultivation
file_9939,clear haze cloudy primary water
file_9940,partly_cloudy primary
file_9941,clear primary
file_9942,clear primary agriculture road
file_9943,partly_cloudy primary
file_9944,clear primary water
file_9945,clear primary
file_9946,clear primary
file_9947,clear primary
file_9948,partly_cloudy primary agriculture habitation road
file_9949,clear primary agriculture cultivation road
file_9950,partly_cloudy primary
file_9951,partly_cloudy primary
file_9952,clear primary agriculture road
file_9953,clear primary
file_9954,clear primary
file_9955,partly_cloudy primary
file_9956,clear haze primary
file_9957,clear primary
file_9958,clear primary
file_9959,clear primary blooming
file_9960,clear primary
file_9961,clear primary
file_9962,clear primary blooming
file_9963,partly_cloudy cloudy primary agriculture
file_9964,clear primary
file_9965,clear primary agriculture road
file_9966,clear primary agriculture cultivation
file_9967,partly_cloudy cloudy primary
file_9968,cloudy
file_9969,clear primary
file_9970,partly_cloudy primary agriculture water
file_9971,partly_cloudy primary agriculture habitation road
file_9972,clear primary agriculture cultivation
file_9973,clear primary agriculture cultivation habitation road
file_9974,clear primary
file_9975,clear partly_cloudy primary
file_9976,clear primary agriculture cultivation
file_9977,clear primary
file_9978,partly_cloudy primary
file_9979,clear primary
file_9980,clear primary
file_9981,clear primary agriculture cultivation
file_9982,clear primary agriculture habitation road
file_9983,clear primary
file_9984,clear primary
file_9985,clear primary
file_9986,clear primary
file_9987,clear primary agriculture habitation road
file_9988,clear primary
file_9989,clear primary agriculture habitation road
file_9990,clear primary
file_9991,clear primary agriculture cultivation road
file_9992,clear primary
file_9993,clear primary water
file_9994,partly_cloudy cloudy primary water
file_9995,partly_cloudy cloudy primary
file_9996,clear primary water
file_9997,clear primary
file_9998,cloudy
file_9999,clear primary habitation road
file_10000,clear primary
file_10001,clear primary agriculture water
file_10002,clear primary agriculture habitation road
file_10003,clear primary agriculture
file_10004,partly_cloudy primary
file_10005,clear primary water
file_10006,clear primary
file_10007,partly_cloudy cloudy primary
file_10008,partly_cloudy primary
file_10009,clear primary agriculture habitation road bare_ground
file_10010,partly_cloudy primary agriculture cultivation road
file_10011,clear primary agriculture water bare_ground artisinal_mine
file_10012,clear primary agriculture habitation road
file_10013,partly_cloudy primary
file_10014,clear primary water
file_10015,partly_cloudy primary
file_10016,partly_cloudy primary
file_10017,clear primary
file_10018,clear primary
file_10019,cloudy
file_10020,clear primary
file_10021,clear primary
file_10022,clear primary water
file_10023,cloudy
file_10024,clear primary
file_10025,partly_cloudy primary
file_10026,partly_cloudy primary agriculture water road
file_10027,partly_cloudy primary
file_10028,clear primary
file_10029,partly_cloudy primary
file_10030,clear primary agriculture cultivation road
file_10031,partly_cloudy primary agriculture cultivation habitation road
file_10032,clear primary
file_10033,clear haze primary
file_10034,clear primary
file_10035,clear primary agriculture habitation road
file_10036,clear primary
file_10037,clear primary agriculture water bare_ground
file_10038,partly_cloudy primary
file_10039,clear primary agriculture road
file_10040,clear primary agriculture water cultivation road
file_10041,partly_cloudy primary
file_10042,clear primary
file_10043,haze partly_cloudy primary water
file_10044,clear cloudy water
file_10045,partly_cloudy primary agriculture water road
file_10046,clear primary agriculture cultivation
file_10047,clear primary
file_10048,clear haze primary
file_10049,clear primary agriculture water cultivation
file_10050,clear primary
file_10051,clear primary agriculture water cultivation habitation road
file_10052,partly_cloudy primary agriculture cultivation
file_10053,partly_cloudy primary agriculture road
file_10054,clear primary agriculture road
file_10055,clear partly_cloudy primary agriculture road
file_10056,clear primary
file_10057,clear primary
file_10058,haze primary
file_10059,clear primary water road
file_10060,clear primary water road
file_10061,partly_cloudy primary
file_10062,haze primary
file_10063,clear primary agriculture water cultivation
file_10064,clear primary agriculture cultivation
file_10065,clear primary
file_10066,clear primary
file_10067,partly_cloudy primary agriculture water
file_10068,partly_cloudy primary
file_10069,cloudy
file_10070,clear haze primary agriculture cultivation
file_10071,clear primary
file_10072,clear haze primary water
file_10073,clear primary
file_10074,partly_cloudy primary
file_10075,clear primary agriculture
file_10076,clear primary water
file_10077,clear primary agriculture
file_10078,clear primary agriculture
file_10079,clear primary habitation road
file_10080,clear haze primary agriculture cultivation habitation
file_10081,clear haze primary agriculture cultivation habitation road
file_10082,clear primary agriculture cultivation
file_10083,partly_cloudy primary
file_10084,clear primary agriculture
file_10085,clear primary
file_10086,clear primary water
file_10087,clear primary agriculture cultivation
file_10088,partly_cloudy cloudy primary
file_10089,partly_cloudy primary agriculture road
file_10090,clear primary blooming selective_logging
file_10091,partly_cloudy primary
file_10092,partly_cloudy cloudy primary
file_10093,clear primary water
file_10094,partly_cloudy primary
file_10095,clear primary agriculture cultivation
file_10096,clear primary
file_10097,clear primary
file_10098,clear primary agriculture road
file_10099,clear partly_cloudy primary agriculture habitation road
file_10100,haze cloudy primary
file_10101,clear primary
file_10102,clear primary agriculture habitation road
file_10103,clear primary
file_10104,clear partly_cloudy primary agriculture habitation road
file_10105,clear primary
file_10106,clear primary agriculture road bare_ground
file_10107,partly_cloudy primary
file_10108,partly_cloudy primary agriculture water
file_10109,clear haze primary agriculture habitation road
file_10110,clear primary water
file_10111,partly_cloudy primary agriculture road
file_10112,clear primary agriculture cultivation habitation road
file_10113,clear primary
file_10114,clear primary
file_10115,clear primary
file_10116,clear primary
file_10117,haze primary
file_10118,clear primary
file_10119,clear primary
file_10120,partly_cloudy primary agriculture cultivation
file_10121,haze primary
file_10122,partly_cloudy primary agriculture water road
file_10123,clear primary agriculture habitation road
file_10124,cloudy
file_10125,clear primary agriculture road
file_10126,clear primary
file_10127,clear primary agriculture road
file_10128,clear cloudy primary agriculture bare_ground
file_10129,cloudy
file_10130,clear haze primary agriculture cultivation
file_10131,clear primary agriculture cultivation habitation road
file_10132,clear primary agriculture water road
file_10133,clear primary agriculture road bare_ground
file_10134,clear primary
file_10135,clear primary agriculture water road bare_ground
file_10136,clear primary agriculture habitation road bare_ground
file_10137,clear partly_cloudy primary
file_10138,partly_cloudy primary
file_10139,clear primary agriculture road
file_10140,clear primary
file_10141,clear primary
file_10142,clear primary
file_10143,partly_cloudy primary
file_10144,clear primary
file_10145,clear primary
file_10146,clear primary agriculture cultivation
file_10147,clear primary
file_10148,clear primary
file_10149,cloudy
file_10150,partly_cloudy primary
file_10151,clear haze primary agriculture habitation road
file_10152,clear primary
file_10153,clear primary
file_10154,clear primary water
file_10155,clear primary
file_10156,clear primary agriculture road
file_10157,clear primary agriculture cultivation habitation road
file_10158,clear primary habitation road
file_10159,clear primary agriculture habitation road bare_ground
file_10160,clear primary
file_10161,clear primary agriculture
file_10162,partly_cloudy primary
file_10163,clear primary agriculture road
file_10164,clear primary agriculture water
file_10165,clear primary agriculture road
file_10166,clear primary
file_10167,clear primary water road
file_10168,clear primary
file_10169,clear primary agriculture cultivation
file_10170,partly_cloudy primary water
file_10171,clear primary
file_10172,clear primary
file_10173,clear primary agriculture habitation road
file_10174,partly_cloudy primary water
file_10175,clear primary agriculture water road bare_ground
file_10176,partly_cloudy primary
file_10177,partly_cloudy primary agriculture road
file_10178,clear primary
file_10179,clear primary agriculture water
file_10180,partly_cloudy primary
file_10181,clear primary agriculture water road
file_10182,partly_cloudy primary
file_10183,clear primary blooming
file_10184,clear primary
file_10185,clear primary
file_10186,cloudy
file_10187,partly_cloudy primary
file_10188,clear primary water road
file_10189,haze primary agriculture water
file_10190,clear primary
file_10191,partly_cloudy primary agriculture water habitation road
file_10192,clear primary
file_10193,clear primary agriculture cultivation
file_10194,clear primary
file_10195,clear primary
file_10196,clear primary agriculture water bare_ground
file_10197,clear primary
file_10198,clear primary
file_10199,clear haze primary water
file_10200,clear primary agriculture
file_10201,clear primary habitation road
file_10202,clear primary
file_10203,clear primary
file_10204,clear primary
file_10205,clear primary
file_10206,partly_cloudy primary
file_10207,clear primary water
file_10208,clear primary agriculture water road
file_10209,haze primary agriculture cultivation
file_10210,clear primary water
file_10211,clear haze primary agriculture water road
file_10212,partly_cloudy primary agriculture road
file_10213,partly_cloudy primary agriculture road
file_10214,partly_cloudy primary agriculture habitation road
file_10215,clear primary agriculture water cultivation road
file_10216,partly_cloudy primary agriculture
file_10217,clear primary
file_10218,clear primary agriculture cultivation
file_10219,clear primary agriculture road
file_10220,clear primary agriculture water habitation road
file_10221,clear partly_cloudy primary agriculture water
file_10222,clear primary agriculture water habitation road
file_10223,partly_cloudy primary
file_10224,clear haze primary water
file_10225,clear primary
file_10226,clear primary blooming selective_logging
file_10227,clear primary agriculture habitation road
file_10228,clear primary agriculture water
file_10229,clear primary agriculture cultivation
file_10230,clear primary
file_10231,partly_cloudy primary agriculture road
file_10232,clear primary agriculture water road
file_10233,clear primary agriculture habitation road
file_10234,clear primary
file_10235,clear primary
file_10236,clear primary water
file_10237,clear primary agriculture habitation road
file_10238,clear primary agriculture water cultivation
file_10239,partly_cloudy primary agriculture water
file_10240,clear primary
file_10241,clear primary water road
file_10242,clear primary agriculture road bare_ground
file_10243,clear haze primary
file_10244,clear primary
file_10245,clear primary habitation road
file_10246,clear primary agriculture water road
file_10247,clear primary agriculture water
file_10248,clear primary agriculture water habitation road
file_10249,cloudy
file_10250,clear primary
file_10251,partly_cloudy primary
file_10252,clear primary agriculture cultivation
file_10253,partly_cloudy primary
file_10254,clear primary agriculture water road
file_10255,clear primary
file_10256,clear primary agriculture road
file_10257,clear primary agriculture cultivation
file_10258,clear primary agriculture cultivation habitation road
file_10259,clear primary
file_10260,clear primary
file_10261,partly_cloudy primary
file_10262,haze primary
file_10263,partly_cloudy primary agriculture road
file_10264,clear primary
file_10265,clear haze primary agriculture road
file_10266,clear primary
file_10267,clear primary water
file_10268,clear primary agriculture road
file_10269,clear primary
file_10270,clear primary
file_10271,clear primary agriculture habitation road
file_10272,clear cloudy primary water
file_10273,clear primary
file_10274,partly_cloudy primary water
file_10275,clear primary agriculture water cultivation road
file_10276,clear partly_cloudy primary
file_10277,clear primary water
file_10278,clear haze primary agriculture road
file_10279,cloudy
file_10280,clear primary agriculture road bare_ground
file_10281,clear primary
file_10282,clear primary
file_10283,clear primary
file_10284,clear primary
file_10285,clear primary
file_10286,partly_cloudy cloudy primary agriculture road
file_10287,partly_cloudy primary
file_10288,cloudy
file_10289,clear primary
file_10290,partly_cloudy primary water
file_10291,clear primary
file_10292,clear primary agriculture
file_10293,clear primary
file_10294,clear primary agriculture water road
file_10295,clear primary agriculture habitation road
file_10296,clear primary water
file_10297,clear primary agriculture water habitation road
file_10298,clear primary agriculture road
file_10299,clear primary
file_10300,clear primary blooming
file_10301,partly_cloudy primary agriculture cultivation
file_10302,clear primary
file_10303,clear primary
file_10304,clear primary agriculture bare_ground
file_10305,haze cloudy primary
file_10306,clear primary agriculture habitation road
file_10307,clear primary
file_10308,partly_cloudy primary
file_10309,clear primary
file_10310,clear primary
file_10311,clear primary agriculture cultivation habitation road
file_10312,clear primary water road
file_10313,clear primary
file_10314,clear primary
file_10315,clear primary
file_10316,clear primary agriculture
file_10317,partly_cloudy primary agriculture water road
file_10318,clear primary agriculture cultivation
file_10319,clear primary
file_10320,clear primary
file_10321,clear partly_cloudy primary agriculture habitation road
file_10322,partly_cloudy primary agriculture water road
file_10323,clear primary
file_10324,partly_cloudy primary
file_10325,partly_cloudy cloudy primary
file_10326,partly_cloudy primary
file_10327,clear primary water
file_10328,clear primary water
file_10329,haze cloudy primary
file_10330,clear primary agriculture cultivation road
file_10331,clear primary agriculture habitation road
file_10332,haze cloudy primary
file_10333,clear primary agriculture cultivation
file_10334,clear primary
file_10335,partly_cloudy primary agriculture water
file_10336,clear primary agriculture water
file_10337,clear primary agriculture cultivation habitation road
file_10338,clear primary habitation road
file_10339,clear primary
file_10340,haze partly_cloudy primary agriculture cultivation
file_10341,clear primary
file_10342,clear primary
file_10343,clear primary
file_10344,clear primary agriculture water road
file_10345,clear primary
file_10346,clear primary blooming
file_10347,clear primary water habitation
file_10348,clear primary agriculture habitation road
file_10349,clear primary
file_10350,clear primary agriculture cultivation habitation road
file_10351,partly_cloudy primary agriculture road
file_10352,clear primary
file_10353,clear primary
file_10354,haze primary
file_10355,clear partly_cloudy primary cultivation
file_10356,clear primary agriculture
file_10357,clear primary water habitation road bare_ground artisinal_mine
file_10358,clear primary
file_10359,clear primary agriculture water cultivation
file_10360,clear primary
file_10361,haze primary agriculture water road
file_10362,clear haze primary agriculture water road
file_10363,clear primary water
file_10364,clear primary agriculture water cultivation habitation road
file_10365,clear cloudy water
file_10366,clear primary
file_10367,clear primary
file_10368,clear primary agriculture water cultivation road
file_10369,clear primary
file_10370,clear cloudy water
file_10371,haze primary agriculture water
file_10372,clear cloudy water
file_10373,clear primary agriculture habitation road
file_10374,clear primary
file_10375,cloudy
file_10376,clear primary agriculture water cultivation habitation road
file_10377,clear primary water artisinal_mine
file_10378,clear primary
file_10379,partly_cloudy primary
file_10380,clear primary
file_10381,clear partly_cloudy primary
file_10382,clear primary
file_10383,clear haze primary agriculture road
file_10384,clear primary agriculture road
file_10385,clear primary agriculture cultivation habitation road
file_10386,clear partly_cloudy primary agriculture water road
file_10387,clear partly_cloudy primary agriculture habitation road
file_10388,partly_cloudy primary
file_10389,clear primary
file_10390,clear primary water road
file_10391,clear primary agriculture road
file_10392,clear primary agriculture road bare_ground
file_10393,clear primary
file_10394,clear primary agriculture water habitation road
file_10395,partly_cloudy primary water
file_10396,clear primary
file_10397,clear primary agriculture water cultivation habitation
file_10398,clear primary
file_10399,clear haze primary agriculture water
file_10400,partly_cloudy primary agriculture water road
file_10401,partly_cloudy primary agriculture
file_10402,clear primary
file_10403,clear primary water
file_10404,partly_cloudy primary
file_10405,clear primary agriculture cultivation
file_10406,clear primary
file_10407,clear primary
file_10408,clear primary
file_10409,clear primary agriculture cultivation
file_10410,clear primary
file_10411,clear primary
file_10412,clear primary
file_10413,clear primary agriculture water cultivation
file_10414,clear primary agriculture water
file_10415,partly_cloudy primary
file_10416,clear primary agriculture road
file_10417,partly_cloudy primary agriculture water
file_10418,clear primary
file_10419,clear primary
file_10420,clear primary
file_10421,partly_cloudy primary
file_10422,clear primary agriculture cultivation habitation road
file_10423,haze partly_cloudy primary water
file_10424,cloudy
file_10425,clear primary agriculture cultivation road
file_10426,clear primary
file_10427,partly_cloudy primary agriculture habitation road
file_10428,clear primary agriculture cultivation habitation road
file_10429,clear primary
file_10430,partly_cloudy primary agriculture water
file_10431,clear primary
file_10432,haze cloudy
file_10433,clear primary agriculture cultivation
file_10434,clear primary agriculture water cultivation habitation road
file_10435,clear primary agriculture cultivation
file_10436,clear primary agriculture cultivation road
file_10437,partly_cloudy primary agriculture
file_10438,partly_cloudy primary agriculture cultivation
file_10439,clear primary agriculture road
file_10440,haze primary agriculture water road
file_10441,clear partly_cloudy primary agriculture cultivation habitation
file_10442,haze primary
file_10443,partly_cloudy primary
file_10444,clear primary
file_10445,partly_cloudy primary agriculture
file_10446,clear primary agriculture road
file_10447,clear primary
file_10448,partly_cloudy primary agriculture road
file_10449,clear cloudy water
file_10450,clear primary agriculture water
file_10451,clear primary
file_10452,clear primary
file_10453,clear primary
file_10454,haze primary agriculture cultivation
file_10455,clear primary agriculture water
file_10456,clear primary
file_10457,clear primary
file_10458,clear primary
file_10459,partly_cloudy primary
file_10460,clear primary
file_10461,clear primary water
file_10462,clear primary agriculture cultivation habitation road
file_10463,cloudy
file_10464,clear primary
file_10465,clear primary
file_10466,partly_cloudy primary
file_10467,partly_cloudy primary agriculture road
file_10468,clear primary
file_10469,clear primary water
file_10470,partly_cloudy primary
file_10471,clear primary
file_10472,clear cloudy primary water
file_10473,clear primary
file_10474,clear primary agriculture cultivation
file_10475,partly_cloudy primary
file_10476,clear primary
file_10477,clear primary agriculture cultivation habitation
file_10478,clear primary
file_10479,partly_cloudy primary
file_10480,clear haze primary water road
file_10481,partly_cloudy primary
file_10482,partly_cloudy primary agriculture
file_10483,clear primary
file_10484,haze primary
file_10485,clear primary
file_10486,clear primary agriculture water habitation road
file_10487,clear primary water
file_10488,haze primary
file_10489,haze primary
file_10490,clear primary agriculture cultivation
file_10491,clear primary
file_10492,clear partly_cloudy primary
file_10493,clear primary agriculture cultivation road
file_10494,partly_cloudy primary agriculture road
file_10495,clear primary water
file_10496,clear primary
file_10497,clear primary agriculture cultivation
file_10498,haze primary agriculture water
file_10499,clear primary
file_10500,clear primary
file_10501,partly_cloudy primary
file_10502,clear primary
file_10503,haze partly_cloudy primary agriculture water road
file_10504,clear primary agriculture water cultivation
file_10505,clear primary
file_10506,clear primary agriculture habitation road
file_10507,clear primary
file_10508,haze primary water
file_10509,partly_cloudy primary agriculture habitation road
file_10510,clear primary agriculture road
file_10511,clear primary
file_10512,partly_cloudy primary
file_10513,clear primary agriculture road
file_10514,clear primary agriculture road
file_10515,clear primary
file_10516,clear primary
file_10517,clear primary agriculture cultivation habitation road
file_10518,haze cloudy primary
file_10519,clear primary
file_10520,clear primary
file_10521,clear primary agriculture water road bare_ground
file_10522,clear primary
file_10523,clear primary agriculture water cultivation
file_10524,clear primary
file_10525,clear primary agriculture habitation road
file_10526,partly_cloudy primary
file_10527,partly_cloudy primary
file_10528,haze primary
file_10529,clear primary
file_10530,partly_cloudy primary water
file_10531,clear primary agriculture habitation road
file_10532,clear primary
file_10533,clear primary water
file_10534,partly_cloudy cloudy primary agriculture water
file_10535,clear primary agriculture water road
file_10536,partly_cloudy primary agriculture cultivation habitation road
file_10537,clear primary agriculture water cultivation road
file_10538,clear primary water road
file_10539,partly_cloudy primary
file_10540,cloudy
file_10541,clear primary
file_10542,clear primary habitation road
file_10543,clear primary
file_10544,partly_cloudy primary water
file_10545,clear primary
file_10546,clear primary water
file_10547,partly_cloudy primary agriculture habitation road
file_10548,clear primary
file_10549,haze cloudy primary
file_10550,partly_cloudy primary agriculture
file_10551,clear primary agriculture cultivation
file_10552,clear primary
file_10553,clear primary agriculture water cultivation
file_10554,cloudy
file_10555,clear primary
file_10556,clear partly_cloudy primary agriculture road
file_10557,partly_cloudy primary
file_10558,haze partly_cloudy primary
file_10559,clear primary
file_10560,clear primary agriculture
file_10561,partly_cloudy primary
file_10562,clear primary
file_10563,clear primary
file_10564,clear partly_cloudy primary agriculture cultivation
file_10565,partly_cloudy primary agriculture
file_10566,clear primary agriculture road
file_10567,clear primary
file_10568,clear primary
file_10569,clear primary agriculture water cultivation
file_10570,clear primary
file_10571,clear primary agriculture cultivation
file_10572,clear primary agriculture water road
file_10573,clear primary agriculture cultivation habitation road
file_10574,clear primary
file_10575,clear primary agriculture water cultivation
file_10576,clear primary agriculture
file_10577,clear primary agriculture water road
file_10578,clear primary agriculture water bare_ground
file_10579,haze primary
file_10580,clear primary agriculture water
file_10581,clear primary agriculture cultivation
file_10582,clear primary agriculture cultivation habitation
file_10583,haze primary
file_10584,partly_cloudy cloudy water
file_10585,haze cloudy primary
file_10586,clear primary agriculture cultivation road
file_10587,clear primary agriculture
file_10588,clear primary
file_10589,clear primary
file_10590,clear primary agriculture cultivation habitation
file_10591,clear primary agriculture road
file_10592,clear primary blooming
file_10593,clear primary agriculture road
file_10594,clear primary agriculture habitation road
file_10595,haze primary agriculture water
file_10596,clear primary agriculture cultivation
file_10597,clear partly_cloudy primary
file_10598,haze primary
file_10599,haze primary water
file_10600,partly_cloudy primary
file_10601,clear primary agriculture water habitation road
file_10602,clear primary agriculture bare_ground
file_10603,clear primary agriculture cultivation habitation road
file_10604,clear primary
file_10605,clear primary
file_10606,clear primary
file_10607,partly_cloudy primary
file_10608,clear primary agriculture habitation road
file_10609,clear primary
file_10610,clear primary agriculture water cultivation road
file_10611,clear primary agriculture water cultivation habitation road
file_10612,clear primary
file_10613,clear primary agriculture cultivation road
file_10614,clear primary water
file_10615,partly_cloudy primary agriculture road
file_10616,clear primary agriculture cultivation road
file_10617,clear primary water
file_10618,partly_cloudy primary
file_10619,clear primary
file_10620,clear primary agriculture cultivation
file_10621,clear haze primary water
file_10622,clear primary
file_10623,clear primary agriculture cultivation habitation road
file_10624,clear primary
file_10625,clear primary agriculture water cultivation habitation road
file_10626,haze primary
file_10627,clear primary agriculture water road
file_10628,clear primary water
file_10629,partly_cloudy primary agriculture water road
file_10630,clear primary agriculture cultivation
file_10631,clear primary agriculture road
file_10632,partly_cloudy primary
file_10633,partly_cloudy primary agriculture cultivation
file_10634,clear primary agriculture habitation road
file_10635,partly_cloudy primary water
file_10636,clear primary
file_10637,clear primary agriculture water
file_10638,clear primary
file_10639,clear primary
file_10640,clear primary
file_10641,clear primary
file_10642,clear primary water
file_10643,clear primary
file_10644,clear primary
file_10645,partly_cloudy primary
file_10646,haze primary water
file_10647,partly_cloudy primary
file_10648,clear primary agriculture road
file_10649,clear primary agriculture habitation road
file_10650,clear primary agriculture water
file_10651,clear primary agriculture water road
file_10652,clear primary water habitation road
file_10653,clear primary
file_10654,clear primary
file_10655,clear partly_cloudy primary
file_10656,clear primary
file_10657,clear primary agriculture cultivation
file_10658,cloudy
file_10659,clear primary agriculture cultivation
file_10660,clear primary water road
file_10661,clear primary
file_10662,clear primary agriculture cultivation habitation
file_10663,haze cloudy
file_10664,clear agriculture bare_ground
file_10665,clear primary agriculture road bare_ground
file_10666,partly_cloudy primary water road
file_10667,clear primary
file_10668,partly_cloudy primary
file_10669,clear primary agriculture habitation road bare_ground
file_10670,clear primary water
file_10671,clear primary water
file_10672,clear cloudy water
file_10673,clear primary
file_10674,clear primary
file_10675,haze primary
file_10676,clear primary water
file_10677,clear primary water
file_10678,cloudy
file_10679,clear primary
file_10680,clear primary agriculture water cultivation habitation road
file_10681,clear primary water
file_10682,partly_cloudy primary
file_10683,partly_cloudy primary agriculture cultivation
file_10684,clear primary
file_10685,partly_cloudy primary
file_10686,clear primary agriculture cultivation
file_10687,clear partly_cloudy primary agriculture cultivation road
file_10688,clear primary
file_10689,clear primary
file_10690,clear primary agriculture road
file_10691,partly_cloudy primary agriculture water cultivation habitation road
file_10692,clear primary water
file_10693,haze cloudy primary
file_10694,clear primary
file_10695,clear primary
file_10696,partly_cloudy cloudy primary agriculture
file_10697,clear primary agriculture habitation road
file_10698,clear partly_cloudy primary
file_10699,clear primary
file_10700,partly_cloudy primary
file_10701,clear primary agriculture cultivation road
file_10702,clear primary water road
file_10703,partly_cloudy primary
file_10704,partly_cloudy cloudy primary road
file_10705,clear primary agriculture habitation road
file_10706,partly_cloudy primary agriculture cultivation habitation road
file_10707,clear primary agriculture
file_10708,clear primary water road
file_10709,partly_cloudy primary agriculture water
file_10710,clear primary agriculture water
file_10711,clear primary
file_10712,cloudy
file_10713,cloudy
file_10714,clear primary water
file_10715,clear primary
file_10716,clear primary
file_10717,partly_cloudy primary
file_10718,clear primary agriculture habitation road
file_10719,partly_cloudy primary agriculture
file_10720,haze cloudy
file_10721,clear primary agriculture cultivation
file_10722,haze cloudy primary
file_10723,clear primary
file_10724,haze cloudy primary water
file_10725,clear primary
file_10726,clear primary
file_10727,clear primary
file_10728,partly_cloudy primary
file_10729,clear primary agriculture cultivation
file_10730,clear primary
file_10731,clear partly_cloudy primary agriculture road
file_10732,partly_cloudy primary
file_10733,clear primary agriculture cultivation habitation
file_10734,clear partly_cloudy primary
file_10735,clear primary selective_logging
file_10736,partly_cloudy primary water road
file_10737,clear primary agriculture
file_10738,clear primary
file_10739,partly_cloudy primary agriculture cultivation
file_10740,clear primary agriculture cultivation habitation road
file_10741,haze primary
file_10742,clear primary road
file_10743,clear primary agriculture habitation road
file_10744,clear primary agriculture cultivation
file_10745,haze primary
file_10746,clear primary
file_10747,clear primary
file_10748,clear primary agriculture cultivation
file_10749,clear primary agriculture cultivation
file_10750,partly_cloudy primary water road
file_10751,haze primary
file_10752,cloudy
file_10753,clear primary agriculture road
file_10754,cloudy
file_10755,clear primary
file_10756,partly_cloudy primary
file_10757,partly_cloudy primary agriculture
file_10758,clear primary agriculture water road
file_10759,clear primary
file_10760,clear cloudy water
file_10761,clear primary water road
file_10762,clear primary agriculture
file_10763,partly_cloudy primary agriculture water
file_10764,clear primary agriculture road
file_10765,haze primary
file_10766,clear primary
file_10767,clear primary agriculture habitation road bare_ground
file_10768,haze primary
file_10769,clear primary agriculture cultivation
file_10770,clear primary agriculture cultivation road
file_10771,clear primary
file_10772,partly_cloudy primary
file_10773,clear primary agriculture cultivation habitation road
file_10774,clear primary agriculture road
file_10775,haze partly_cloudy primary
file_10776,clear primary agriculture water cultivation habitation
file_10777,partly_cloudy primary agriculture
file_10778,clear primary
file_10779,clear cloudy water
file_10780,partly_cloudy primary
file_10781,clear primary
file_10782,clear primary agriculture habitation road
file_10783,clear primary agriculture road
file_10784,haze partly_cloudy primary agriculture
file_10785,clear primary
file_10786,clear primary agriculture
file_10787,clear primary agriculture road
file_10788,partly_cloudy primary agriculture cultivation
file_10789,partly_cloudy primary
file_10790,clear primary agriculture water cultivation habitation
file_10791,haze cloudy
file_10792,clear primary agriculture cultivation
file_10793,clear primary
file_10794,clear haze primary
file_10795,clear primary agriculture cultivation
file_10796,clear primary
file_10797,partly_cloudy primary
file_10798,clear primary agriculture water road
file_10799,clear primary
file_10800,partly_cloudy primary agriculture water road
file_10801,clear haze primary water
file_10802,cloudy
file_10803,clear primary
file_10804,clear primary agriculture water habitation
file_10805,partly_cloudy primary agriculture road
file_10806,clear primary
file_10807,clear primary agriculture road
file_10808,clear primary agriculture cultivation
file_10809,clear primary agriculture cultivation habitation road
file_10810,clear primary
file_10811,cloudy
file_10812,clear primary agriculture cultivation
file_10813,clear primary
file_10814,partly_cloudy primary agriculture water cultivation
file_10815,clear primary
file_10816,clear primary agriculture water cultivation
file_10817,clear primary agriculture habitation road
file_10818,partly_cloudy primary agriculture road
file_10819,partly_cloudy primary
file_10820,cloudy
file_10821,clear primary
file_10822,clear primary
file_10823,clear primary agriculture cultivation
file_10824,partly_cloudy primary
file_10825,clear primary agriculture water cultivation road
file_10826,partly_cloudy primary agriculture water road
file_10827,clear primary agriculture habitation road
file_10828,partly_cloudy primary
file_10829,clear primary agriculture cultivation habitation
file_10830,clear primary agriculture cultivation
file_10831,clear haze primary
file_10832,clear primary agriculture cultivation
file_10833,clear primary
file_10834,clear primary agriculture water cultivation habitation road
file_10835,clear primary agriculture water cultivation
file_10836,clear partly_cloudy primary
file_10837,clear primary agriculture water cultivation habitation road
file_10838,clear primary agriculture road bare_ground
file_10839,clear primary agriculture cultivation habitation road
file_10840,partly_cloudy primary
file_10841,partly_cloudy primary
file_10842,partly_cloudy primary
file_10843,clear primary
file_10844,clear primary agriculture cultivation habitation road
file_10845,clear haze primary
file_10846,partly_cloudy primary agriculture road
file_10847,partly_cloudy primary agriculture
file_10848,cloudy
file_10849,clear primary agriculture habitation road bare_ground
file_10850,partly_cloudy primary
file_10851,partly_cloudy primary
file_10852,clear primary agriculture water cultivation
file_10853,clear primary water artisinal_mine
file_10854,clear primary water
file_10855,clear primary agriculture water road
file_10856,clear primary
file_10857,clear primary
file_10858,clear primary agriculture habitation road
file_10859,clear primary
file_10860,clear primary
file_10861,clear primary
file_10862,clear primary agriculture water cultivation habitation
file_10863,clear primary water artisinal_mine
file_10864,clear cloudy water
file_10865,clear primary agriculture road
file_10866,partly_cloudy primary agriculture cultivation
file_10867,clear primary
file_10868,clear partly_cloudy primary agriculture road
file_10869,clear primary agriculture cultivation habitation road
file_10870,clear partly_cloudy primary agriculture water cultivation road
file_10871,clear primary water road artisinal_mine
file_10872,clear partly_cloudy primary agriculture cultivation road
file_10873,clear haze primary
file_10874,haze cloudy
file_10875,clear primary
file_10876,clear primary water
file_10877,partly_cloudy primary
file_10878,partly_cloudy primary water
file_10879,clear primary
file_10880,clear primary water
file_10881,clear primary agriculture cultivation habitation
file_10882,partly_cloudy primary
file_10883,clear primary
file_10884,haze primary agriculture water
file_10885,clear primary agriculture
file_10886,clear primary
file_10887,cloudy
file_10888,partly_cloudy primary water
file_10889,clear primary agriculture cultivation
file_10890,clear primary water
file_10891,clear primary water
file_10892,clear primary agriculture cultivation habitation
file_10893,clear primary
file_10894,clear primary
file_10895,clear primary agriculture habitation road
file_10896,clear primary
file_10897,clear primary agriculture cultivation
file_10898,clear primary water road selective_logging
file_10899,clear primary
file_10900,haze primary water
file_10901,partly_cloudy primary
file_10902,clear primary
file_10903,clear primary
file_10904,clear primary
file_10905,partly_cloudy cloudy primary
file_10906,clear primary
file_10907,clear primary agriculture cultivation
file_10908,clear primary agriculture water cultivation habitation road
file_10909,cloudy
file_10910,partly_cloudy primary
file_10911,partly_cloudy primary agriculture habitation road
file_10912,partly_cloudy primary
file_10913,clear primary water
file_10914,partly_cloudy primary water
file_10915,clear partly_cloudy primary
file_10916,partly_cloudy primary
file_10917,clear primary agriculture cultivation habitation road
file_10918,clear partly_cloudy primary agriculture water cultivation habitation
file_10919,partly_cloudy primary
file_10920,clear haze primary
file_10921,clear primary
file_10922,partly_cloudy primary
file_10923,clear primary agriculture water road
file_10924,clear primary
file_10925,clear primary agriculture cultivation
file_10926,clear primary
file_10927,clear haze primary water
file_10928,clear primary
file_10929,clear primary
file_10930,clear partly_cloudy primary agriculture water
file_10931,clear primary
file_10932,clear primary
file_10933,clear partly_cloudy primary agriculture road
file_10934,partly_cloudy primary agriculture road
file_10935,clear primary agriculture road bare_ground
file_10936,partly_cloudy primary agriculture road
file_10937,clear primary
file_10938,partly_cloudy primary
file_10939,clear primary agriculture water habitation road conventional_mine bare_ground artisinal_mine
file_10940,clear primary
file_10941,partly_cloudy primary agriculture water road
file_10942,clear primary agriculture cultivation
file_10943,clear primary agriculture cultivation habitation road
file_10944,clear primary agriculture bare_ground
file_10945,clear partly_cloudy primary agriculture road
file_10946,clear primary agriculture cultivation road
file_10947,clear primary
file_10948,haze primary agriculture
file_10949,clear haze primary agriculture road
file_10950,haze primary
file_10951,haze cloudy
file_10952,clear primary agriculture water cultivation habitation road
file_10953,clear primary water
file_10954,clear primary agriculture cultivation habitation road
file_10955,partly_cloudy primary
file_10956,partly_cloudy primary
file_10957,clear partly_cloudy primary agriculture road
file_10958,clear primary agriculture habitation road
file_10959,clear primary
file_10960,clear primary agriculture habitation road conventional_mine bare_ground
file_10961,partly_cloudy primary agriculture habitation road
file_10962,partly_cloudy primary water
file_10963,clear haze primary water
file_10964,cloudy
file_10965,clear primary
file_10966,clear primary
file_10967,clear primary water
file_10968,cloudy
file_10969,clear primary water
file_10970,partly_cloudy primary
file_10971,clear primary
file_10972,clear primary
file_10973,clear primary
file_10974,clear primary
file_10975,clear primary
file_10976,clear primary road selective_logging
file_10977,partly_cloudy primary
file_10978,clear primary
file_10979,clear primary
file_10980,clear primary agriculture road
file_10981,clear primary
file_10982,clear primary
file_10983,clear primary
file_10984,clear primary
file_10985,partly_cloudy primary agriculture road
file_10986,clear primary
file_10987,clear primary
file_10988,clear primary agriculture cultivation
file_10989,clear primary
file_10990,clear primary
file_10991,clear primary agriculture water road
file_10992,partly_cloudy primary
file_10993,clear primary
file_10994,haze cloudy primary
file_10995,clear primary
file_10996,partly_cloudy primary
file_10997,haze primary
file_10998,partly_cloudy primary
file_10999,clear primary agriculture road
file_11000,clear haze primary
file_11001,clear primary
file_11002,partly_cloudy primary
file_11003,partly_cloudy primary
file_11004,clear primary selective_logging
file_11005,haze cloudy primary
file_11006,partly_cloudy primary
file_11007,clear partly_cloudy primary agriculture habitation road
file_11008,clear primary
file_11009,clear primary agriculture water cultivation road
file_11010,clear haze primary
file_11011,clear primary
file_11012,clear primary
file_11013,clear primary water habitation road
file_11014,cloudy
file_11015,partly_cloudy primary agriculture habitation road
file_11016,clear primary agriculture cultivation road
file_11017,clear primary
file_11018,clear primary agriculture water habitation road bare_ground
file_11019,clear primary agriculture water habitation road
file_11020,partly_cloudy primary
file_11021,clear primary agriculture water
file_11022,clear primary
file_11023,clear primary agriculture cultivation
file_11024,clear primary
file_11025,clear primary
file_11026,clear primary
file_11027,clear primary agriculture cultivation habitation
file_11028,clear primary
file_11029,clear primary
file_11030,clear primary
file_11031,clear primary
file_11032,clear primary agriculture water
file_11033,partly_cloudy primary agriculture water road
file_11034,clear primary
file_11035,clear primary water
file_11036,partly_cloudy primary
file_11037,clear primary
file_11038,haze primary agriculture water road
file_11039,cloudy
file_11040,haze primary water
file_11041,clear primary agriculture water habitation road
file_11042,clear primary agriculture habitation road
file_11043,partly_cloudy primary
file_11044,clear primary
file_11045,clear primary
file_11046,clear primary
file_11047,clear primary
file_11048,clear primary water
file_11049,clear primary
file_11050,clear partly_cloudy primary
file_11051,clear primary agriculture road
file_11052,clear primary agriculture habitation road bare_ground
file_11053,partly_cloudy cloudy
file_11054,clear cloudy water
file_11055,clear primary agriculture road
file_11056,clear primary water road
file_11057,partly_cloudy primary water
file_11058,clear primary
file_11059,clear primary agriculture cultivation
file_11060,partly_cloudy primary
file_11061,clear partly_cloudy primary
file_11062,clear primary agriculture cultivation
file_11063,clear primary water
file_11064,partly_cloudy primary agriculture road
file_11065,clear haze primary agriculture cultivation
file_11066,haze primary water
file_11067,partly_cloudy primary
file_11068,partly_cloudy primary agriculture cultivation habitation road
file_11069,clear haze primary
file_11070,clear primary water road
file_11071,partly_cloudy primary
file_11072,clear primary agriculture cultivation
file_11073,clear primary agriculture road
file_11074,clear primary water road
file_11075,clear primary
file_11076,partly_cloudy primary
file_11077,clear primary agriculture habitation road
file_11078,clear primary agriculture road
file_11079,partly_cloudy primary agriculture road
file_11080,partly_cloudy primary agriculture road
file_11081,clear partly_cloudy primary
file_11082,clear primary
file_11083,clear haze primary
file_11084,clear primary
file_11085,partly_cloudy primary agriculture water cultivation
file_11086,clear primary water
file_11087,clear primary
file_11088,clear primary agriculture cultivation
file_11089,clear primary agriculture water
file_11090,clear primary water habitation road
file_11091,clear primary water road
file_11092,haze cloudy primary
file_11093,clear primary
file_11094,clear primary habitation road
file_11095,clear primary
file_11096,clear primary agriculture cultivation
file_11097,clear partly_cloudy primary agriculture cultivation road
file_11098,cloudy
file_11099,clear primary agriculture cultivation
file_11100,clear primary agriculture water habitation artisinal_mine
file_11101,partly_cloudy primary agriculture water road
file_11102,clear partly_cloudy primary agriculture water road
file_11103,partly_cloudy primary
file_11104,clear primary
file_11105,partly_cloudy primary
file_11106,partly_cloudy primary water
file_11107,clear primary
file_11108,clear primary agriculture road
file_11109,clear primary
file_11110,clear primary
file_11111,clear primary
file_11112,clear primary
file_11113,clear primary agriculture road
file_11114,clear primary
file_11115,partly_cloudy primary water
file_11116,clear primary water road
file_11117,clear primary
file_11118,clear primary cultivation
file_11119,partly_cloudy cloudy primary
file_11120,partly_cloudy primary water
file_11121,clear primary water road
file_11122,clear cloudy water
file_11123,partly_cloudy primary agriculture cultivation
file_11124,clear primary
file_11125,clear primary water
file_11126,clear primary agriculture cultivation road
file_11127,clear primary water
file_11128,partly_cloudy primary
file_11129,partly_cloudy primary
file_11130,clear primary agriculture water habitation road bare_ground
file_11131,clear primary agriculture water
file_11132,clear primary
file_11133,clear primary
file_11134,clear primary
file_11135,clear primary agriculture water road
file_11136,clear primary
file_11137,cloudy
file_11138,clear primary agriculture habitation road
file_11139,partly_cloudy primary agriculture water
file_11140,clear primary water
file_11141,clear primary agriculture road
file_11142,clear primary
file_11143,haze primary
file_11144,clear primary habitation road
file_11145,clear primary agriculture
file_11146,clear primary
file_11147,clear primary
file_11148,clear primary water road
file_11149,partly_cloudy primary
file_11150,partly_cloudy cloudy
file_11151,clear primary
file_11152,clear primary
file_11153,clear primary agriculture cultivation
file_11154,clear primary agriculture cultivation
file_11155,clear primary
file_11156,cloudy
file_11157,clear primary agriculture habitation road
file_11158,clear primary water
file_11159,clear haze primary agriculture water habitation road
file_11160,clear primary
file_11161,clear primary
file_11162,partly_cloudy primary water road
file_11163,partly_cloudy primary agriculture road
file_11164,partly_cloudy primary
file_11165,clear primary
file_11166,clear primary
file_11167,clear haze primary agriculture habitation road
file_11168,partly_cloudy primary agriculture water
file_11169,clear primary
file_11170,clear primary agriculture
file_11171,clear primary
file_11172,clear haze primary agriculture water road
file_11173,clear primary
file_11174,clear primary
file_11175,clear primary
file_11176,cloudy
file_11177,clear primary water road
file_11178,clear haze primary
file_11179,clear primary blooming selective_logging
file_11180,clear primary
file_11181,clear primary agriculture water road
file_11182,partly_cloudy primary
file_11183,partly_cloudy primary water road
file_11184,clear haze primary
file_11185,clear primary agriculture cultivation habitation road
file_11186,clear haze primary agriculture water
file_11187,partly_cloudy primary agriculture
file_11188,clear primary
file_11189,clear primary agriculture water cultivation habitation road
file_11190,clear primary
file_11191,clear primary agriculture water cultivation
file_11192,clear haze primary agriculture road
file_11193,clear primary agriculture road
file_11194,clear primary
file_11195,clear partly_cloudy primary
file_11196,cloudy
file_11197,clear partly_cloudy primary agriculture cultivation
file_11198,clear primary
file_11199,clear primary agriculture road
file_11200,clear primary agriculture road
file_11201,clear primary agriculture water
file_11202,clear primary agriculture habitation road
file_11203,clear primary agriculture road
file_11204,clear primary water
file_11205,clear primary agriculture cultivation road
file_11206,partly_cloudy primary water
file_11207,haze primary agriculture water
file_11208,clear primary agriculture habitation road
file_11209,clear primary
file_11210,clear primary
file_11211,clear primary
file_11212,clear haze primary agriculture water road
file_11213,clear primary agriculture cultivation road
file_11214,clear primary agriculture road
file_11215,clear primary
file_11216,cloudy
file_11217,clear primary
file_11218,clear primary
file_11219,clear primary agriculture habitation road
file_11220,clear primary
file_11221,clear primary agriculture water habitation road
file_11222,partly_cloudy primary
file_11223,clear primary
file_11224,clear primary water conventional_mine bare_ground artisinal_mine
file_11225,clear primary agriculture water
file_11226,partly_cloudy primary agriculture water
file_11227,clear primary
file_11228,clear primary water
file_11229,cloudy
file_11230,clear primary agriculture water cultivation habitation
file_11231,cloudy
file_11232,clear primary
file_11233,clear primary agriculture
file_11234,clear primary
file_11235,clear primary
file_11236,clear primary
file_11237,clear primary
file_11238,clear primary
file_11239,clear primary
file_11240,partly_cloudy primary
file_11241,clear primary
file_11242,clear partly_cloudy primary
file_11243,cloudy
file_11244,partly_cloudy primary agriculture
file_11245,partly_cloudy primary
file_11246,clear primary
file_11247,clear haze primary
file_11248,clear primary
file_11249,clear primary agriculture road
file_11250,clear primary water bare_ground artisinal_mine
file_11251,clear primary
file_11252,clear primary
file_11253,partly_cloudy primary agriculture water
file_11254,clear primary agriculture cultivation road
file_11255,clear primary agriculture water road
file_11256,partly_cloudy cloudy primary
file_11257,clear primary
file_11258,clear primary
file_11259,clear primary
file_11260,clear primary agriculture water road
file_11261,cloudy
file_11262,partly_cloudy primary
file_11263,partly_cloudy primary
file_11264,partly_cloudy primary
file_11265,clear primary agriculture habitation road
file_11266,partly_cloudy primary agriculture water
file_11267,haze cloudy primary
file_11268,clear primary
file_11269,partly_cloudy primary
file_11270,clear haze primary agriculture water road
file_11271,clear cloudy primary agriculture
file_11272,clear primary
file_11273,partly_cloudy primary water
file_11274,clear haze primary
file_11275,cloudy
file_11276,clear primary agriculture road
file_11277,partly_cloudy primary agriculture
file_11278,partly_cloudy primary
file_11279,clear primary agriculture habitation road
file_11280,clear primary water
file_11281,clear partly_cloudy primary agriculture cultivation
file_11282,partly_cloudy primary
file_11283,clear primary
file_11284,partly_cloudy primary
file_11285,clear primary agriculture road
file_11286,partly_cloudy cloudy primary
file_11287,clear primary
file_11288,clear primary agriculture water cultivation habitation road
file_11289,clear primary
file_11290,clear primary agriculture habitation road
file_11291,clear primary
file_11292,clear primary
file_11293,clear primary
file_11294,partly_cloudy primary
file_11295,partly_cloudy primary agriculture road
file_11296,haze cloudy primary
file_11297,clear primary agriculture habitation road
file_11298,clear primary agriculture cultivation habitation
file_11299,clear primary
file_11300,partly_cloudy primary agriculture habitation road
file_11301,partly_cloudy primary agriculture cultivation
file_11302,clear primary
file_11303,clear primary water
file_11304,clear primary water bare_ground artisinal_mine
file_11305,partly_cloudy primary agriculture water
file_11306,clear partly_cloudy primary agriculture cultivation
file_11307,clear primary
file_11308,haze cloudy
file_11309,clear primary
file_11310,clear primary agriculture
file_11311,cloudy
file_11312,haze cloudy primary water
file_11313,clear primary
file_11314,clear primary
file_11315,clear primary
file_11316,partly_cloudy cloudy primary agriculture water
file_11317,partly_cloudy primary agriculture habitation road
file_11318,clear primary agriculture cultivation habitation road
file_11319,clear primary water road
file_11320,cloudy
file_11321,clear primary agriculture road
file_11322,partly_cloudy primary
file_11323,clear primary water road selective_logging
file_11324,clear primary agriculture habitation road
file_11325,clear primary blooming
file_11326,clear primary
file_11327,clear primary
file_11328,clear primary
file_11329,clear primary
file_11330,clear primary
file_11331,clear partly_cloudy primary agriculture cultivation
file_11332,clear primary water
file_11333,partly_cloudy primary agriculture
file_11334,clear primary water
file_11335,clear primary agriculture
file_11336,clear primary
file_11337,clear primary
file_11338,clear primary agriculture cultivation road
file_11339,clear primary agriculture water
file_11340,haze primary
file_11341,clear primary agriculture habitation road
file_11342,clear primary agriculture habitation road
file_11343,clear cloudy water
file_11344,clear primary road
file_11345,clear primary agriculture road bare_ground
file_11346,partly_cloudy primary
file_11347,clear primary agriculture habitation road
file_11348,clear primary agriculture water road
file_11349,clear primary
file_11350,clear primary water
file_11351,partly_cloudy primary
file_11352,clear primary
file_11353,clear haze primary
file_11354,clear cloudy primary water
file_11355,clear primary
file_11356,partly_cloudy primary agriculture water road
file_11357,clear primary agriculture habitation road
file_11358,partly_cloudy primary
file_11359,clear primary
file_11360,clear primary road
file_11361,clear primary water habitation road bare_ground artisinal_mine
file_11362,partly_cloudy cloudy primary agriculture water
file_11363,clear primary
file_11364,clear primary
file_11365,clear primary agriculture cultivation habitation road
file_11366,clear primary agriculture cultivation
file_11367,clear primary water road selective_logging
file_11368,haze cloudy primary
file_11369,clear primary
file_11370,clear primary agriculture habitation road
file_11371,clear primary
file_11372,clear primary agriculture cultivation
file_11373,clear primary agriculture water road
file_11374,clear primary
file_11375,clear primary agriculture road bare_ground
file_11376,clear primary water
file_11377,clear primary agriculture cultivation
file_11378,partly_cloudy primary
file_11379,clear primary
file_11380,clear primary
file_11381,clear primary agriculture cultivation
file_11382,clear primary
file_11383,clear partly_cloudy primary water road conventional_mine artisinal_mine
file_11384,clear primary
file_11385,cloudy
file_11386,clear primary
file_11387,clear primary agriculture water road bare_ground
file_11388,clear primary agriculture cultivation habitation road
file_11389,clear primary
file_11390,cloudy
file_11391,partly_cloudy primary agriculture water road
file_11392,clear primary
file_11393,clear primary agriculture cultivation habitation road
file_11394,clear primary
file_11395,clear primary water
file_11396,clear primary
file_11397,clear primary water
file_11398,clear primary
file_11399,partly_cloudy primary agriculture habitation road
file_11400,partly_cloudy primary agriculture
file_11401,clear primary
file_11402,haze primary agriculture water
file_11403,clear primary agriculture road
file_11404,clear primary agriculture bare_ground
file_11405,clear primary cultivation
file_11406,clear primary agriculture cultivation habitation road
file_11407,clear primary
file_11408,clear primary
file_11409,partly_cloudy primary agriculture cultivation
file_11410,clear primary
file_11411,partly_cloudy primary
file_11412,haze primary
file_11413,partly_cloudy primary
file_11414,clear primary agriculture cultivation
file_11415,partly_cloudy primary agriculture road
file_11416,clear haze primary
file_11417,clear primary
file_11418,clear primary agriculture habitation road
file_11419,clear primary
file_11420,clear primary
file_11421,clear primary water
file_11422,clear primary agriculture habitation road
file_11423,clear primary
file_11424,clear primary water
file_11425,clear partly_cloudy primary water road conventional_mine bare_ground artisinal_mine
file_11426,clear primary agriculture cultivation habitation
file_11427,clear primary
file_11428,partly_cloudy primary water road
file_11429,clear primary agriculture cultivation
file_11430,haze primary
file_11431,partly_cloudy primary agriculture road
file_11432,clear haze primary agriculture water road
file_11433,partly_cloudy primary
file_11434,clear primary
file_11435,clear primary
file_11436,partly_cloudy primary agriculture
file_11437,partly_cloudy primary
file_11438,clear primary
file_11439,clear primary
file_11440,clear primary agriculture cultivation
file_11441,clear partly_cloudy primary agriculture road
file_11442,clear primary agriculture habitation road bare_ground
file_11443,clear primary
file_11444,clear primary
file_11445,clear primary
file_11446,clear primary agriculture water cultivation habitation road
file_11447,partly_cloudy cloudy primary water
file_11448,clear primary
file_11449,clear primary
file_11450,clear primary
file_11451,clear primary agriculture cultivation
file_11452,clear primary
file_11453,clear primary
file_11454,clear primary agriculture
file_11455,partly_cloudy primary agriculture water
file_11456,clear primary water habitation road
file_11457,clear primary water
file_11458,clear primary agriculture cultivation habitation road
file_11459,clear primary
file_11460,clear primary
file_11461,clear primary water
file_11462,clear primary
file_11463,clear primary agriculture cultivation
file_11464,clear primary agriculture road
file_11465,clear primary
file_11466,clear partly_cloudy primary
file_11467,partly_cloudy primary
file_11468,partly_cloudy primary agriculture cultivation
file_11469,clear primary
file_11470,partly_cloudy primary
file_11471,clear primary
file_11472,clear primary
file_11473,clear primary
file_11474,clear primary agriculture cultivation
file_11475,clear primary
file_11476,clear primary
file_11477,clear primary
file_11478,clear haze primary agriculture water
file_11479,clear primary water road bare_ground artisinal_mine
file_11480,clear primary agriculture cultivation
file_11481,clear primary water
file_11482,clear primary blooming
file_11483,clear primary
file_11484,partly_cloudy primary agriculture road
file_11485,clear primary
file_11486,clear primary
file_11487,clear primary agriculture habitation road
file_11488,clear primary
file_11489,clear primary water road
file_11490,clear primary
file_11491,clear primary
file_11492,clear partly_cloudy primary
file_11493,partly_cloudy primary agriculture
file_11494,clear primary agriculture bare_ground
file_11495,clear primary agriculture water cultivation habitation
file_11496,partly_cloudy primary
file_11497,partly_cloudy primary agriculture habitation road
file_11498,clear primary
file_11499,partly_cloudy primary
file_11500,clear primary
file_11501,clear primary
file_11502,clear primary agriculture water cultivation road
file_11503,clear partly_cloudy primary agriculture water road
file_11504,partly_cloudy primary
file_11505,clear primary agriculture cultivation
file_11506,clear primary
file_11507,clear cloudy primary water
file_11508,clear primary
file_11509,partly_cloudy primary agriculture habitation road
file_11510,haze cloudy
file_11511,clear primary water road
file_11512,clear haze primary agriculture road
file_11513,partly_cloudy primary
file_11514,partly_cloudy primary
file_11515,cloudy
file_11516,haze primary water
file_11517,clear primary agriculture
file_11518,clear primary agriculture cultivation
file_11519,clear primary water road
file_11520,clear primary agriculture cultivation
file_11521,clear primary agriculture road
file_11522,haze partly_cloudy primary agriculture water cultivation
file_11523,clear primary agriculture habitation road
file_11524,haze primary water road
file_11525,clear primary
file_11526,clear primary
file_11527,clear primary agriculture cultivation
file_11528,clear primary
file_11529,clear primary agriculture habitation road
file_11530,clear primary water
file_11531,clear primary agriculture cultivation
file_11532,haze primary
file_11533,partly_cloudy primary agriculture water
file_11534,cloudy
file_11535,clear primary agriculture water cultivation habitation road
file_11536,partly_cloudy primary
file_11537,clear primary agriculture cultivation
file_11538,haze cloudy primary
file_11539,clear primary agriculture cultivation
file_11540,clear partly_cloudy primary agriculture habitation road
file_11541,partly_cloudy primary
file_11542,partly_cloudy primary agriculture road
file_11543,clear haze cloudy primary water
file_11544,clear primary
file_11545,clear primary
file_11546,clear primary agriculture water
file_11547,clear primary agriculture water habitation road
file_11548,clear primary agriculture water
file_11549,partly_cloudy primary
file_11550,partly_cloudy cloudy
file_11551,clear primary
file_11552,clear primary
file_11553,clear primary agriculture cultivation
file_11554,clear primary
file_11555,clear primary
file_11556,clear primary agriculture habitation road
file_11557,clear primary
file_11558,clear primary agriculture habitation road
file_11559,clear primary agriculture cultivation
file_11560,clear primary
file_11561,clear primary
file_11562,clear primary
file_11563,clear primary agriculture habitation road
file_11564,clear primary
file_11565,clear primary agriculture cultivation habitation
file_11566,clear primary
file_11567,clear primary agriculture road
file_11568,clear primary agriculture cultivation
file_11569,clear primary water
file_11570,clear primary agriculture road
file_11571,clear primary
file_11572,clear primary agriculture water cultivation road
file_11573,clear primary
file_11574,cloudy
file_11575,clear primary
file_11576,partly_cloudy primary agriculture habitation road
file_11577,clear primary
file_11578,partly_cloudy primary agriculture road
file_11579,clear primary
file_11580,haze primary
file_11581,clear primary
file_11582,clear primary
file_11583,clear primary agriculture cultivation habitation road
file_11584,partly_cloudy primary agriculture water
file_11585,clear primary
file_11586,clear primary agriculture cultivation
file_11587,clear primary
file_11588,clear primary
file_11589,clear primary
file_11590,clear primary water
file_11591,clear primary
file_11592,clear primary
file_11593,partly_cloudy primary agriculture cultivation habitation road
file_11594,clear primary
file_11595,clear primary
file_11596,clear primary water
file_11597,clear primary water road
file_11598,clear primary
file_11599,clear primary agriculture cultivation
file_11600,clear primary
file_11601,clear primary agriculture road
file_11602,clear primary water road
file_11603,partly_cloudy primary
file_11604,clear partly_cloudy primary
file_11605,partly_cloudy primary agriculture road
file_11606,partly_cloudy primary
file_11607,clear primary water
file_11608,clear partly_cloudy primary agriculture water road
file_11609,partly_cloudy primary agriculture road
file_11610,clear primary
file_11611,clear primary agriculture habitation road
file_11612,clear primary
file_11613,clear primary agriculture water road
file_11614,haze cloudy primary
file_11615,clear primary
file_11616,clear primary
file_11617,clear primary
file_11618,clear primary agriculture water cultivation habitation road
file_11619,partly_cloudy primary
file_11620,clear primary
file_11621,clear primary water
file_11622,clear primary agriculture cultivation
file_11623,clear primary agriculture habitation road
file_11624,clear primary
file_11625,clear primary
file_11626,clear primary water
file_11627,clear primary
file_11628,clear primary
file_11629,partly_cloudy primary agriculture water cultivation habitation road
file_11630,clear primary agriculture cultivation road
file_11631,clear primary water
file_11632,partly_cloudy primary water artisinal_mine
file_11633,clear primary agriculture cultivation
file_11634,clear primary water road
file_11635,clear primary cultivation
file_11636,clear primary agriculture cultivation
file_11637,clear primary water
file_11638,haze primary
file_11639,clear primary
file_11640,clear primary agriculture road
file_11641,clear primary
file_11642,clear primary agriculture cultivation
file_11643,clear primary
file_11644,clear primary water bare_ground artisinal_mine
file_11645,haze partly_cloudy primary
file_11646,clear primary agriculture water
file_11647,clear primary
file_11648,clear haze primary
file_11649,clear partly_cloudy primary agriculture water road selective_logging
file_11650,clear primary
file_11651,partly_cloudy primary water
file_11652,clear primary agriculture cultivation habitation
file_11653,haze primary agriculture water
file_11654,clear primary agriculture water cultivation habitation road
file_11655,clear primary
file_11656,clear primary
file_11657,clear primary water
file_11658,clear primary agriculture habitation road
file_11659,cloudy
file_11660,clear primary agriculture cultivation
file_11661,partly_cloudy primary
file_11662,clear primary agriculture cultivation habitation
file_11663,clear primary agriculture cultivation
file_11664,clear primary
file_11665,clear primary
file_11666,clear primary
file_11667,partly_cloudy primary agriculture habitation road
file_11668,clear primary agriculture cultivation habitation road
file_11669,clear primary
file_11670,partly_cloudy primary
file_11671,clear primary road
file_11672,clear primary agriculture road
file_11673,clear primary agriculture water cultivation road
file_11674,clear primary
file_11675,clear primary
file_11676,clear haze primary
file_11677,clear primary
file_11678,clear primary
file_11679,clear primary cultivation
file_11680,clear primary
file_11681,clear primary water artisinal_mine
file_11682,clear primary agriculture road
file_11683,partly_cloudy primary
file_11684,haze primary
file_11685,clear primary agriculture habitation road
file_11686,partly_cloudy primary agriculture water road
file_11687,haze cloudy primary
file_11688,clear primary water bare_ground artisinal_mine
file_11689,clear primary
file_11690,clear primary agriculture water road
file_11691,partly_cloudy primary
file_11692,cloudy
file_11693,haze cloudy primary water
file_11694,clear primary agriculture road
file_11695,clear primary
file_11696,clear primary
file_11697,clear primary
file_11698,clear primary agriculture habitation road
file_11699,clear primary agriculture cultivation
file_11700,clear primary agriculture water cultivation habitation road
file_11701,clear primary agriculture water road
file_11702,clear primary
file_11703,partly_cloudy primary
file_11704,clear primary water
file_11705,clear primary
file_11706,clear primary
file_11707,clear primary
file_11708,clear primary
file_11709,partly_cloudy primary agriculture road
file_11710,clear primary
file_11711,clear primary
file_11712,clear primary
file_11713,clear primary water road bare_ground artisinal_mine
file_11714,clear primary
file_11715,clear primary
file_11716,clear primary
file_11717,clear primary
file_11718,clear primary agriculture cultivation
file_11719,clear primary
file_11720,clear primary agriculture habitation road
file_11721,clear partly_cloudy primary agriculture road
file_11722,haze cloudy primary
file_11723,clear primary agriculture cultivation habitation road
file_11724,clear primary agriculture road
file_11725,clear primary agriculture habitation road
file_11726,clear primary agriculture cultivation habitation
file_11727,clear haze primary
file_11728,clear primary agriculture water
file_11729,clear cloudy primary water
file_11730,partly_cloudy primary agriculture cultivation
file_11731,cloudy
file_11732,clear partly_cloudy primary
file_11733,clear primary agriculture cultivation road
file_11734,clear primary agriculture
file_11735,clear primary agriculture road
file_11736,clear primary agriculture cultivation
file_11737,clear primary agriculture cultivation habitation road
file_11738,clear partly_cloudy primary agriculture road
file_11739,clear primary
file_11740,clear primary
file_11741,clear primary agriculture water road
file_11742,clear primary
file_11743,clear primary
file_11744,partly_cloudy cloudy primary
file_11745,partly_cloudy primary agriculture cultivation road
file_11746,clear primary
file_11747,clear primary water
file_11748,partly_cloudy cloudy primary agriculture water
file_11749,clear primary
file_11750,clear primary agriculture water cultivation
file_11751,clear primary agriculture road
file_11752,clear primary agriculture cultivation
file_11753,clear primary
file_11754,clear primary agriculture cultivation
file_11755,clear primary
file_11756,clear primary water bare_ground artisinal_mine
file_11757,partly_cloudy primary
file_11758,clear partly_cloudy primary agriculture cultivation habitation road
file_11759,clear primary
file_11760,clear primary
file_11761,haze primary
file_11762,clear primary agriculture cultivation
file_11763,clear primary
file_11764,clear partly_cloudy primary agriculture cultivation habitation road
file_11765,clear primary
file_11766,clear primary agriculture water road
file_11767,partly_cloudy primary water
file_11768,cloudy
file_11769,clear partly_cloudy primary
file_11770,clear partly_cloudy primary agriculture habitation road
file_11771,partly_cloudy primary water
file_11772,clear haze primary agriculture water
file_11773,cloudy
file_11774,clear primary water
file_11775,clear primary agriculture cultivation habitation
file_11776,partly_cloudy primary agriculture water road
file_11777,clear primary agriculture cultivation
file_11778,partly_cloudy primary agriculture road
file_11779,clear primary water
file_11780,clear primary agriculture road
file_11781,clear primary cultivation
file_11782,clear primary water
file_11783,partly_cloudy primary
file_11784,haze primary
file_11785,haze primary agriculture cultivation
file_11786,partly_cloudy primary water
file_11787,clear primary agriculture cultivation
file_11788,clear primary agriculture road
file_11789,clear primary
file_11790,clear primary
file_11791,partly_cloudy primary agriculture cultivation
file_11792,haze partly_cloudy primary agriculture
file_11793,partly_cloudy primary
file_11794,clear primary agriculture road
file_11795,clear primary agriculture cultivation
file_11796,clear primary
file_11797,clear primary
file_11798,clear primary agriculture cultivation habitation road
file_11799,clear haze primary
file_11800,clear cloudy primary water
file_11801,clear primary agriculture cultivation
file_11802,partly_cloudy primary
file_11803,clear primary agriculture habitation road
file_11804,clear partly_cloudy primary agriculture habitation road
file_11805,clear primary
file_11806,clear primary agriculture water habitation road
file_11807,partly_cloudy primary
file_11808,partly_cloudy primary
file_11809,clear haze primary agriculture road
file_11810,partly_cloudy primary water
file_11811,partly_cloudy primary agriculture road
file_11812,clear primary
file_11813,partly_cloudy primary
file_11814,clear primary water
file_11815,haze cloudy
file_11816,partly_cloudy cloudy primary
file_11817,clear primary
file_11818,partly_cloudy primary
file_11819,clear primary agriculture
file_11820,haze cloudy primary
file_11821,partly_cloudy primary
file_11822,clear primary agriculture habitation road
file_11823,clear primary agriculture cultivation
file_11824,clear primary agriculture cultivation habitation
file_11825,clear primary
file_11826,clear primary
file_11827,clear primary water
file_11828,clear primary
file_11829,clear primary
file_11830,clear primary agriculture road
file_11831,clear primary agriculture
file_11832,cloudy
file_11833,clear primary
file_11834,partly_cloudy primary
file_11835,clear primary
file_11836,clear primary
file_11837,cloudy
file_11838,clear primary
file_11839,clear primary
file_11840,clear primary
file_11841,clear primary
file_11842,clear primary agriculture water habitation road
file_11843,partly_cloudy primary
file_11844,clear primary water bare_ground artisinal_mine
file_11845,clear primary agriculture cultivation habitation
file_11846,clear primary
file_11847,clear haze primary agriculture water
file_11848,partly_cloudy primary
file_11849,clear primary agriculture habitation road
file_11850,haze cloudy primary
file_11851,clear primary
file_11852,clear primary agriculture habitation road
file_11853,clear primary agriculture cultivation
file_11854,clear primary
file_11855,clear primary
file_11856,clear primary agriculture cultivation road
file_11857,haze primary
file_11858,clear primary agriculture water road
file_11859,clear primary agriculture road
file_11860,haze primary
file_11861,clear primary
file_11862,partly_cloudy primary agriculture cultivation
file_11863,clear primary agriculture habitation road
file_11864,clear primary agriculture cultivation
file_11865,clear primary agriculture cultivation
file_11866,partly_cloudy primary
file_11867,clear partly_cloudy primary
file_11868,clear primary agriculture cultivation road
file_11869,clear haze primary
file_11870,partly_cloudy primary
file_11871,partly_cloudy primary
file_11872,clear primary agriculture habitation road
file_11873,clear primary water
file_11874,clear primary agriculture water habitation road bare_ground artisinal_mine
file_11875,clear primary
file_11876,clear primary water
file_11877,clear primary agriculture cultivation habitation road
file_11878,clear primary
file_11879,clear primary water habitation road conventional_mine bare_ground artisinal_mine
file_11880,clear primary
file_11881,partly_cloudy primary agriculture cultivation
file_11882,partly_cloudy primary water
file_11883,clear primary agriculture water
file_11884,clear primary
file_11885,clear primary water
file_11886,clear primary agriculture cultivation habitation
file_11887,clear primary
file_11888,clear primary agriculture habitation road
file_11889,clear primary
file_11890,clear primary water road
file_11891,haze primary
file_11892,clear primary agriculture water road bare_ground
file_11893,clear primary
file_11894,clear primary blooming selective_logging
file_11895,partly_cloudy primary
file_11896,clear primary water
file_11897,clear primary agriculture cultivation
file_11898,clear primary
file_11899,clear primary agriculture cultivation habitation road
file_11900,clear primary
file_11901,clear primary
file_11902,clear cloudy water
file_11903,clear primary agriculture cultivation road
file_11904,clear primary agriculture cultivation
file_11905,clear primary
file_11906,clear primary
file_11907,clear primary
file_11908,clear primary agriculture cultivation
file_11909,partly_cloudy primary
file_11910,clear primary
file_11911,clear primary water road
file_11912,partly_cloudy primary
file_11913,clear primary
file_11914,clear primary agriculture water cultivation habitation artisinal_mine
file_11915,clear primary
file_11916,clear primary agriculture road
file_11917,clear primary
file_11918,clear primary agriculture cultivation
file_11919,partly_cloudy primary agriculture
file_11920,clear primary agriculture water cultivation
file_11921,clear primary agriculture cultivation habitation road
file_11922,clear primary
file_11923,clear primary
file_11924,clear primary agriculture water cultivation habitation
file_11925,partly_cloudy primary
file_11926,clear primary agriculture road
file_11927,clear primary
file_11928,clear primary water
file_11929,clear primary water road
file_11930,clear primary
file_11931,clear partly_cloudy primary water
file_11932,clear primary
file_11933,cloudy
file_11934,clear primary water
file_11935,haze partly_cloudy cloudy primary
file_11936,clear primary agriculture road
file_11937,cloudy
file_11938,clear primary agriculture water habitation road
file_11939,haze primary agriculture water
file_11940,clear primary
file_11941,clear primary agriculture cultivation
file_11942,clear primary agriculture water
file_11943,clear primary agriculture cultivation
file_11944,partly_cloudy primary water
file_11945,clear haze primary agriculture cultivation
file_11946,clear primary agriculture
file_11947,clear primary
file_11948,partly_cloudy cloudy primary
file_11949,clear primary
file_11950,clear primary
file_11951,clear haze cloudy primary water
file_11952,clear primary agriculture habitation road
file_11953,clear primary agriculture road
file_11954,clear primary
file_11955,partly_cloudy primary
file_11956,clear primary
file_11957,clear primary water
file_11958,clear primary agriculture habitation road
file_11959,partly_cloudy primary
file_11960,clear primary agriculture
file_11961,clear primary agriculture water cultivation
file_11962,clear primary agriculture cultivation habitation road
file_11963,clear primary
file_11964,clear primary agriculture
file_11965,clear primary agriculture road bare_ground
file_11966,clear primary agriculture habitation road
file_11967,partly_cloudy primary agriculture water cultivation
file_11968,clear primary
file_11969,partly_cloudy primary agriculture cultivation habitation
file_11970,clear haze primary water
file_11971,clear primary agriculture habitation road
file_11972,clear haze primary agriculture water cultivation
file_11973,clear primary agriculture cultivation
file_11974,clear partly_cloudy primary agriculture road
file_11975,partly_cloudy primary water
file_11976,clear cloudy water
file_11977,clear primary water
file_11978,partly_cloudy cloudy primary water
file_11979,partly_cloudy primary
file_11980,partly_cloudy primary water road
file_11981,partly_cloudy primary agriculture water road
file_11982,partly_cloudy primary agriculture cultivation road
file_11983,clear primary agriculture water road
file_11984,partly_cloudy primary
file_11985,clear haze primary water
file_11986,clear partly_cloudy primary
file_11987,clear primary agriculture cultivation road
file_11988,clear primary
file_11989,clear primary agriculture water road
file_11990,clear primary
file_11991,cloudy
file_11992,clear primary water road
file_11993,clear primary agriculture cultivation habitation road
file_11994,clear primary agriculture cultivation
file_11995,clear primary agriculture cultivation
file_11996,partly_cloudy primary
file_11997,haze partly_cloudy cloudy primary
file_11998,partly_cloudy primary
file_11999,clear partly_cloudy primary agriculture road
file_12000,clear primary
file_12001,clear primary
file_12002,clear primary
file_12003,clear primary
file_12004,clear primary agriculture cultivation
file_12005,partly_cloudy primary
file_12006,clear primary
file_12007,partly_cloudy primary
file_12008,clear primary
file_12009,clear primary agriculture road
file_12010,clear primary
file_12011,partly_cloudy primary agriculture road
file_12012,clear primary water
file_12013,clear primary agriculture water
file_12014,clear primary
file_12015,clear primary agriculture
file_12016,haze partly_cloudy primary agriculture
file_12017,clear primary
file_12018,clear primary
file_12019,cloudy
file_12020,clear primary
file_12021,clear primary water
file_12022,clear primary agriculture cultivation habitation road
file_12023,clear primary
file_12024,clear haze primary water
file_12025,clear primary water
file_12026,clear primary agriculture cultivation habitation road
file_12027,clear partly_cloudy primary water
file_12028,clear primary agriculture cultivation habitation road
file_12029,clear partly_cloudy primary
file_12030,clear primary
file_12031,clear haze primary agriculture road
file_12032,clear primary
file_12033,clear primary agriculture cultivation
file_12034,haze primary
file_12035,partly_cloudy primary
file_12036,clear haze primary
file_12037,clear primary agriculture cultivation
file_12038,clear primary water
file_12039,clear primary agriculture cultivation
file_12040,clear primary
file_12041,clear primary
file_12042,clear partly_cloudy primary agriculture cultivation
file_12043,clear haze primary agriculture road
file_12044,clear primary agriculture cultivation
file_12045,clear primary
file_12046,clear primary agriculture water bare_ground
file_12047,partly_cloudy cloudy primary
file_12048,clear primary water
file_12049,clear primary agriculture habitation road
file_12050,clear primary
file_12051,partly_cloudy primary
file_12052,clear haze primary agriculture water road
file_12053,cloudy
file_12054,clear haze primary agriculture cultivation
file_12055,clear primary
file_12056,partly_cloudy primary
file_12057,clear primary
file_12058,clear partly_cloudy primary agriculture bare_ground
file_12059,clear primary agriculture water road bare_ground
file_12060,clear primary
file_12061,clear primary
file_12062,clear primary
file_12063,clear primary
file_12064,clear primary
file_12065,partly_cloudy primary
file_12066,clear primary
file_12067,clear primary agriculture cultivation habitation road
file_12068,clear primary blooming
file_12069,clear partly_cloudy primary agriculture cultivation
file_12070,clear primary
file_12071,clear primary agriculture cultivation
file_12072,clear primary agriculture
file_12073,partly_cloudy primary agriculture road
file_12074,clear primary
file_12075,clear primary agriculture road
file_12076,clear primary
file_12077,clear primary
file_12078,clear primary agriculture road
file_12079,clear primary
file_12080,clear primary
file_12081,clear primary agriculture
file_12082,cloudy
file_12083,clear primary water
file_12084,haze cloudy primary
file_12085,clear primary
file_12086,cloudy
file_12087,partly_cloudy cloudy primary agriculture road
file_12088,partly_cloudy primary agriculture road
file_12089,clear haze primary
file_12090,clear primary agriculture road
file_12091,partly_cloudy primary
file_12092,clear primary agriculture cultivation
file_12093,partly_cloudy primary agriculture cultivation
file_12094,clear primary
file_12095,cloudy
file_12096,clear primary
file_12097,clear primary
file_12098,clear primary
file_12099,clear primary
file_12100,clear primary
file_12101,clear primary water
file_12102,clear primary water
file_12103,clear primary
file_12104,partly_cloudy primary agriculture
file_12105,clear primary
file_12106,clear primary agriculture water cultivation habitation road
file_12107,partly_cloudy primary
file_12108,clear primary water road bare_ground artisinal_mine
file_12109,clear primary
file_12110,partly_cloudy primary agriculture water cultivation
file_12111,clear primary water
file_12112,partly_cloudy primary
file_12113,cloudy
file_12114,clear primary
file_12115,partly_cloudy primary agriculture road
file_12116,clear primary agriculture cultivation
file_12117,cloudy
file_12118,cloudy
file_12119,clear primary agriculture water cultivation habitation
file_12120,partly_cloudy primary water
file_12121,clear primary agriculture habitation road
file_12122,clear primary agriculture
file_12123,clear primary agriculture road
file_12124,partly_cloudy primary agriculture road
file_12125,partly_cloudy primary
file_12126,clear primary
file_12127,clear primary water habitation road bare_ground artisinal_mine
file_12128,clear agriculture road bare_ground
file_12129,clear primary
file_12130,partly_cloudy primary agriculture cultivation
file_12131,partly_cloudy primary
file_12132,clear agriculture water bare_ground
file_12133,clear primary agriculture water
file_12134,clear partly_cloudy primary agriculture cultivation habitation road
file_12135,clear primary
file_12136,partly_cloudy primary
file_12137,clear primary agriculture cultivation
file_12138,clear primary
file_12139,clear primary
file_12140,haze primary
file_12141,clear primary
file_12142,clear primary agriculture cultivation habitation road
file_12143,clear primary
file_12144,clear primary agriculture water road
file_12145,clear primary
file_12146,clear primary agriculture cultivation
file_12147,cloudy
file_12148,clear primary water road selective_logging
file_12149,clear haze primary agriculture cultivation
file_12150,haze cloudy primary
file_12151,clear haze primary
file_12152,clear primary
file_12153,clear primary
file_12154,clear primary agriculture cultivation
file_12155,clear primary agriculture water cultivation habitation road
file_12156,clear primary agriculture habitation road
file_12157,partly_cloudy primary water road
file_12158,clear primary
file_12159,cloudy
file_12160,partly_cloudy primary agriculture road
file_12161,haze cloudy
file_12162,clear haze primary water
file_12163,clear primary water road
file_12164,clear primary
file_12165,clear primary
file_12166,partly_cloudy primary
file_12167,clear primary
file_12168,clear primary agriculture water habitation road bare_ground artisinal_mine
file_12169,clear primary
file_12170,clear primary agriculture cultivation
file_12171,clear haze primary
file_12172,clear primary agriculture cultivation
file_12173,clear primary
file_12174,clear primary
file_12175,clear primary agriculture road
file_12176,clear primary agriculture cultivation
file_12177,clear primary
file_12178,clear primary
file_12179,partly_cloudy primary agriculture water
file_12180,partly_cloudy primary
file_12181,clear primary water
file_12182,clear primary
file_12183,partly_cloudy cloudy primary agriculture
file_12184,clear primary agriculture cultivation habitation
file_12185,clear primary
file_12186,clear primary
file_12187,clear haze primary
file_12188,clear primary agriculture bare_ground
file_12189,clear primary road blooming selective_logging
file_12190,clear primary
file_12191,clear primary
file_12192,partly_cloudy primary
file_12193,clear primary agriculture road
file_12194,partly_cloudy primary agriculture road
file_12195,haze primary agriculture water habitation road
file_12196,clear primary agriculture cultivation
file_12197,clear cloudy water
file_12198,haze primary
file_12199,clear primary agriculture cultivation habitation
file_12200,clear primary agriculture water road
file_12201,clear primary water
file_12202,clear primary agriculture habitation road
file_12203,clear primary
file_12204,clear primary
file_12205,clear primary habitation road
file_12206,clear primary agriculture cultivation road
file_12207,clear primary
file_12208,partly_cloudy primary
file_12209,clear primary agriculture
file_12210,clear primary
file_12211,clear primary water artisinal_mine
file_12212,haze primary agriculture water cultivation
file_12213,clear primary
file_12214,clear primary
file_12215,clear primary agriculture water
file_12216,clear primary
file_12217,clear primary agriculture water habitation road
file_12218,clear primary agriculture cultivation habitation
file_12219,clear primary agriculture cultivation
file_12220,clear primary agriculture cultivation habitation
file_12221,clear primary agriculture road
file_12222,clear primary
file_12223,cloudy
file_12224,partly_cloudy primary
file_12225,clear primary agriculture water road
file_12226,partly_cloudy primary agriculture cultivation
file_12227,clear primary
file_12228,clear primary
file_12229,clear primary agriculture habitation road
file_12230,clear primary agriculture road
file_12231,clear primary agriculture road
file_12232,clear haze primary water
file_12233,partly_cloudy primary agriculture habitation road
file_12234,clear primary
file_12235,partly_cloudy primary
file_12236,haze primary agriculture water cultivation
file_12237,clear primary
file_12238,clear primary
file_12239,clear partly_cloudy primary agriculture cultivation
file_12240,clear primary agriculture cultivation
file_12241,clear primary
file_12242,partly_cloudy primary agriculture water road
file_12243,clear primary agriculture habitation road
file_12244,clear primary water road
file_12245,clear primary agriculture cultivation
file_12246,clear primary
file_12247,partly_cloudy primary agriculture water cultivation habitation
file_12248,clear primary
file_12249,partly_cloudy primary agriculture road
file_12250,partly_cloudy primary water
file_12251,clear primary agriculture cultivation road
file_12252,haze cloudy primary
file_12253,clear primary agriculture road
file_12254,clear primary
file_12255,clear primary
file_12256,clear primary
file_12257,clear primary water
file_12258,partly_cloudy primary
file_12259,partly_cloudy primary
file_12260,clear haze primary agriculture water cultivation
file_12261,clear primary
file_12262,clear primary agriculture road
file_12263,clear primary agriculture cultivation
file_12264,clear primary
file_12265,partly_cloudy primary
file_12266,clear primary water
file_12267,clear primary agriculture road bare_ground
file_12268,clear primary
file_12269,clear primary agriculture water habitation road conventional_mine
file_12270,clear primary agriculture water cultivation habitation road
file_12271,clear primary agriculture cultivation road
file_12272,haze partly_cloudy primary
file_12273,clear primary
file_12274,clear primary agriculture water road
file_12275,clear primary agriculture road bare_ground
file_12276,clear primary agriculture cultivation
file_12277,clear primary
file_12278,clear primary agriculture
file_12279,partly_cloudy primary agriculture cultivation
file_12280,partly_cloudy cloudy primary agriculture water
file_12281,clear primary agriculture water cultivation habitation road
file_12282,clear primary agriculture cultivation
file_12283,partly_cloudy cloudy primary
file_12284,clear primary agriculture cultivation
file_12285,partly_cloudy primary agriculture
file_12286,partly_cloudy primary
file_12287,partly_cloudy primary
file_12288,clear primary
file_12289,clear primary agriculture water cultivation road
file_12290,clear primary
file_12291,clear primary
file_12292,haze cloudy primary
file_12293,clear primary
file_12294,clear haze primary
file_12295,clear primary
file_12296,clear primary agriculture water bare_ground
file_12297,clear partly_cloudy primary agriculture habitation road
file_12298,partly_cloudy primary agriculture habitation road
file_12299,clear primary agriculture habitation road
file_12300,clear primary agriculture cultivation road
file_12301,clear primary agriculture cultivation habitation road
file_12302,clear primary agriculture cultivation
file_12303,clear primary
file_12304,partly_cloudy primary water
file_12305,clear primary
file_12306,clear primary
file_12307,clear primary
file_12308,clear primary agriculture water cultivation habitation road
file_12309,haze primary
file_12310,partly_cloudy primary
file_12311,haze primary water
file_12312,clear primary agriculture water cultivation habitation
file_12313,partly_cloudy primary agriculture cultivation road
file_12314,clear primary agriculture water
file_12315,clear primary
file_12316,clear haze primary
file_12317,clear primary
file_12318,clear primary
file_12319,clear primary water
file_12320,clear partly_cloudy primary
file_12321,cloudy
file_12322,clear primary
file_12323,clear primary agriculture water habitation road
file_12324,clear primary agriculture
file_12325,haze cloudy
file_12326,clear primary
file_12327,clear primary agriculture water habitation road conventional_mine bare_ground artisinal_mine selective_logging
file_12328,clear primary agriculture water
file_12329,cloudy
file_12330,clear primary
file_12331,haze primary agriculture water road
file_12332,clear primary
file_12333,cloudy
file_12334,cloudy
file_12335,clear primary water
file_12336,clear haze primary
file_12337,clear primary agriculture road
file_12338,clear primary
file_12339,clear cloudy primary water
file_12340,partly_cloudy primary agriculture water habitation road
file_12341,clear primary
file_12342,clear primary agriculture habitation road
file_12343,partly_cloudy primary water
file_12344,partly_cloudy primary
file_12345,partly_cloudy primary agriculture habitation road
file_12346,clear primary
file_12347,clear primary water
file_12348,clear primary
file_12349,clear primary
file_12350,clear primary
file_12351,clear primary agriculture cultivation
file_12352,clear primary
file_12353,clear primary
file_12354,clear primary
file_12355,clear primary
file_12356,clear primary
file_12357,clear primary
file_12358,clear primary
file_12359,clear primary agriculture water habitation road
file_12360,clear haze primary
file_12361,partly_cloudy cloudy primary
file_12362,clear primary water
file_12363,clear primary agriculture habitation road
file_12364,clear primary agriculture cultivation habitation road
file_12365,clear primary agriculture road
file_12366,clear primary
file_12367,clear primary agriculture road
file_12368,clear primary
file_12369,partly_cloudy primary
file_12370,cloudy
file_12371,clear primary
file_12372,partly_cloudy primary
file_12373,haze partly_cloudy cloudy primary
file_12374,clear primary
file_12375,clear primary
file_12376,partly_cloudy primary
file_12377,cloudy
file_12378,clear primary agriculture road bare_ground
file_12379,clear partly_cloudy primary agriculture road
file_12380,clear primary
file_12381,clear primary
file_12382,clear primary agriculture water cultivation road
file_12383,clear primary
file_12384,partly_cloudy primary
file_12385,cloudy
file_12386,partly_cloudy primary agriculture habitation road
file_12387,clear primary
file_12388,clear primary habitation road
file_12389,clear primary agriculture road
file_12390,clear primary
file_12391,clear primary water
file_12392,partly_cloudy primary
file_12393,clear primary
file_12394,clear primary water road selective_logging
file_12395,clear primary blooming
file_12396,clear primary agriculture water
file_12397,partly_cloudy primary agriculture cultivation road
file_12398,clear primary agriculture cultivation
file_12399,partly_cloudy primary
file_12400,clear primary water
file_12401,haze cloudy primary
file_12402,clear primary
file_12403,clear primary
file_12404,clear primary
file_12405,clear primary
file_12406,clear primary
file_12407,clear primary agriculture cultivation
file_12408,clear primary agriculture water habitation road
file_12409,clear primary
file_12410,partly_cloudy primary
file_12411,clear primary
file_12412,clear primary
file_12413,clear primary agriculture road
file_12414,clear primary blooming
file_12415,clear primary agriculture
file_12416,clear primary
file_12417,clear primary
file_12418,partly_cloudy primary agriculture water road
file_12419,haze cloudy primary
file_12420,clear primary agriculture water cultivation
file_12421,clear primary
file_12422,partly_cloudy primary
file_12423,clear primary agriculture water road
file_12424,clear primary agriculture habitation road
file_12425,clear primary agriculture road
file_12426,partly_cloudy primary agriculture road
file_12427,clear primary
file_12428,clear primary
file_12429,clear primary
file_12430,partly_cloudy primary agriculture cultivation habitation
file_12431,clear primary
file_12432,cloudy
file_12433,clear primary
file_12434,clear primary
file_12435,haze primary
file_12436,clear primary agriculture water
file_12437,clear primary
file_12438,clear haze primary water road
file_12439,haze primary
file_12440,clear primary agriculture habitation road
file_12441,clear cloudy water
file_12442,clear primary agriculture cultivation habitation
file_12443,clear primary agriculture water cultivation
file_12444,clear primary
file_12445,clear primary
file_12446,partly_cloudy cloudy primary
file_12447,clear primary agriculture road
file_12448,partly_cloudy primary agriculture water road
file_12449,clear primary
file_12450,clear primary agriculture water habitation road bare_ground artisinal_mine
file_12451,clear primary water road bare_ground artisinal_mine
file_12452,clear primary agriculture road
file_12453,haze cloudy
file_12454,cloudy
file_12455,clear primary
file_12456,clear primary water
file_12457,partly_cloudy primary agriculture
file_12458,haze primary
file_12459,clear primary agriculture cultivation habitation road
file_12460,clear primary agriculture cultivation
file_12461,clear primary
file_12462,clear primary
file_12463,clear primary
file_12464,clear primary
file_12465,clear primary
file_12466,clear primary
file_12467,clear primary
file_12468,cloudy
file_12469,clear cloudy agriculture bare_ground
file_12470,clear primary agriculture water cultivation
file_12471,clear haze primary agriculture water
file_12472,clear primary
file_12473,clear primary agriculture road
file_12474,clear primary agriculture cultivation
file_12475,clear primary agriculture water habitation road
file_12476,haze cloudy primary
file_12477,partly_cloudy primary water
file_12478,clear haze primary
file_12479,clear primary agriculture bare_ground
file_12480,cloudy
file_12481,clear primary
file_12482,clear primary
file_12483,partly_cloudy primary agriculture road
file_12484,clear primary
file_12485,clear primary agriculture cultivation
file_12486,clear primary agriculture cultivation habitation road
file_12487,partly_cloudy primary agriculture
file_12488,clear haze primary agriculture road
file_12489,clear primary
file_12490,clear primary agriculture road
file_12491,clear primary agriculture cultivation road
file_12492,clear primary agriculture water cultivation
file_12493,clear primary water
file_12494,clear primary
file_12495,cloudy
file_12496,clear primary
file_12497,clear primary agriculture water
file_12498,clear haze primary agriculture water cultivation
file_12499,clear primary
file_12500,cloudy
file_12501,clear primary agriculture cultivation
file_12502,partly_cloudy primary agriculture water
file_12503,clear primary
file_12504,clear haze primary water road
file_12505,clear primary agriculture habitation road
file_12506,clear primary
file_12507,clear primary
file_12508,clear primary agriculture cultivation habitation road
file_12509,clear primary
file_12510,clear primary agriculture cultivation habitation road
file_12511,clear primary
file_12512,clear primary
file_12513,clear cloudy water
file_12514,clear primary agriculture cultivation habitation road
file_12515,cloudy
file_12516,partly_cloudy primary
file_12517,clear primary water road
file_12518,clear primary
file_12519,clear primary agriculture cultivation
file_12520,clear primary agriculture cultivation
file_12521,clear primary agriculture cultivation habitation road
file_12522,clear primary
file_12523,partly_cloudy primary
file_12524,clear primary agriculture cultivation
file_12525,partly_cloudy primary
file_12526,clear primary water road
file_12527,clear primary
file_12528,clear primary
file_12529,clear primary agriculture cultivation
file_12530,partly_cloudy primary
file_12531,clear primary water
file_12532,partly_cloudy primary
file_12533,clear primary
file_12534,clear primary agriculture water cultivation habitation road
file_12535,partly_cloudy primary
file_12536,clear primary water
file_12537,clear primary agriculture cultivation habitation road
file_12538,clear primary agriculture road
file_12539,clear primary blooming
file_12540,clear primary
file_12541,clear primary
file_12542,cloudy
file_12543,partly_cloudy primary
file_12544,clear primary
file_12545,clear primary
file_12546,partly_cloudy primary agriculture cultivation
file_12547,partly_cloudy primary
file_12548,partly_cloudy primary water
file_12549,partly_cloudy primary
file_12550,partly_cloudy primary agriculture
file_12551,clear primary water
file_12552,partly_cloudy primary agriculture road
file_12553,clear primary
file_12554,clear primary water
file_12555,clear primary
file_12556,clear primary agriculture water
file_12557,partly_cloudy primary
file_12558,clear haze primary agriculture water
file_12559,clear primary
file_12560,clear partly_cloudy primary agriculture cultivation
file_12561,clear primary water road selective_logging
file_12562,clear haze primary agriculture water road
file_12563,clear partly_cloudy primary
file_12564,clear primary
file_12565,clear primary agriculture cultivation habitation road
file_12566,clear haze primary agriculture road
file_12567,clear primary
file_12568,clear primary
file_12569,cloudy
file_12570,clear primary
file_12571,clear primary agriculture water habitation road
file_12572,haze primary agriculture water
file_12573,clear primary water
file_12574,clear primary agriculture cultivation
file_12575,clear primary water bare_ground artisinal_mine
file_12576,clear primary agriculture
file_12577,clear primary agriculture cultivation habitation road
file_12578,partly_cloudy primary agriculture road
file_12579,haze cloudy primary water
file_12580,partly_cloudy primary agriculture habitation road
file_12581,clear primary
file_12582,clear primary agriculture cultivation
file_12583,clear primary
file_12584,clear primary agriculture cultivation habitation road
file_12585,haze primary
file_12586,cloudy
file_12587,clear primary agriculture bare_ground
file_12588,clear primary agriculture cultivation
file_12589,clear primary agriculture habitation road
file_12590,clear primary agriculture cultivation
file_12591,partly_cloudy primary
file_12592,haze primary
file_12593,clear primary
file_12594,partly_cloudy primary water
file_12595,clear primary
file_12596,clear haze primary
file_12597,clear primary
file_12598,clear primary agriculture
file_12599,clear haze primary
file_12600,clear primary
file_12601,clear primary
file_12602,clear primary water
file_12603,clear primary habitation road
file_12604,clear primary
file_12605,clear primary agriculture habitation road
file_12606,clear primary
file_12607,clear primary agriculture cultivation habitation road
file_12608,clear partly_cloudy primary
file_12609,partly_cloudy primary
file_12610,clear primary
file_12611,clear primary
file_12612,clear primary
file_12613,clear primary water
file_12614,clear primary
file_12615,clear primary
file_12616,clear primary
file_12617,clear primary
file_12618,clear primary water
file_12619,clear primary agriculture water
file_12620,clear primary agriculture cultivation
file_12621,clear primary
file_12622,partly_cloudy cloudy
file_12623,clear primary
file_12624,clear primary agriculture road
file_12625,cloudy
file_12626,clear primary water
file_12627,clear primary agriculture road
file_12628,haze cloudy primary
file_12629,clear primary
file_12630,clear primary water
file_12631,clear primary agriculture road
file_12632,clear primary agriculture water road
file_12633,clear primary agriculture habitation road
file_12634,clear primary
file_12635,clear primary agriculture bare_ground
file_12636,clear cloudy water
file_12637,clear primary
file_12638,clear partly_cloudy primary agriculture habitation road
file_12639,clear primary agriculture water habitation
file_12640,clear primary agriculture
file_12641,clear primary agriculture habitation road
file_12642,partly_cloudy primary
file_12643,partly_cloudy primary
file_12644,clear primary
file_12645,clear primary
file_12646,clear primary
file_12647,partly_cloudy primary
file_12648,clear primary agriculture water habitation road
file_12649,clear primary water
file_12650,partly_cloudy primary
file_12651,clear primary
file_12652,clear primary agriculture cultivation
file_12653,partly_cloudy primary
file_12654,partly_cloudy primary
file_12655,clear primary
file_12656,clear primary agriculture water cultivation road
file_12657,clear primary agriculture habitation road
file_12658,clear primary agriculture road
file_12659,clear primary agriculture water habitation road
file_12660,clear haze primary agriculture
file_12661,clear primary
file_12662,clear primary agriculture habitation road
file_12663,clear primary agriculture habitation road
file_12664,clear primary water habitation road conventional_mine bare_ground artisinal_mine
file_12665,clear primary
file_12666,partly_cloudy primary
file_12667,haze primary
file_12668,clear primary agriculture water road
file_12669,clear primary
file_12670,clear primary agriculture cultivation
file_12671,clear primary agriculture cultivation
file_12672,partly_cloudy cloudy primary
file_12673,partly_cloudy primary
file_12674,clear primary
file_12675,clear primary
file_12676,partly_cloudy primary
file_12677,haze cloudy primary
file_12678,partly_cloudy primary agriculture road
file_12679,partly_cloudy primary
file_12680,clear primary agriculture habitation road conventional_mine
file_12681,clear primary
file_12682,clear primary
file_12683,clear primary
file_12684,clear primary agriculture cultivation
file_12685,clear partly_cloudy primary agriculture cultivation
file_12686,clear primary blooming
file_12687,partly_cloudy primary water
file_12688,clear primary
file_12689,haze primary agriculture cultivation
file_12690,clear primary agriculture cultivation
file_12691,clear primary agriculture
file_12692,clear primary
file_12693,clear primary water
file_12694,cloudy
file_12695,clear primary
file_12696,clear haze primary
file_12697,partly_cloudy primary
file_12698,clear primary agriculture water
file_12699,haze primary
file_12700,clear haze primary agriculture water
file_12701,clear primary
file_12702,clear primary
file_12703,clear primary
file_12704,clear haze primary agriculture water road
file_12705,clear primary
file_12706,clear haze primary agriculture water cultivation
file_12707,clear primary agriculture cultivation
file_12708,clear primary
file_12709,clear primary
file_12710,clear partly_cloudy primary
file_12711,clear primary
file_12712,haze primary
file_12713,clear haze primary
file_12714,clear primary agriculture road
file_12715,clear primary water road
file_12716,clear primary water
file_12717,partly_cloudy primary agriculture road
file_12718,partly_cloudy primary agriculture water habitation road
file_12719,partly_cloudy primary
file_12720,clear primary agriculture water cultivation
file_12721,clear primary
file_12722,partly_cloudy primary
file_12723,clear primary
file_12724,haze primary
file_12725,partly_cloudy primary
file_12726,clear primary
file_12727,haze cloudy
file_12728,clear primary
file_12729,partly_cloudy primary agriculture habitation road
file_12730,cloudy
file_12731,clear primary blooming
file_12732,clear primary
file_12733,clear primary agriculture road
file_12734,clear primary
file_12735,clear primary
file_12736,clear primary
file_12737,partly_cloudy primary agriculture water
file_12738,clear primary
file_12739,cloudy
file_12740,partly_cloudy primary agriculture water road
file_12741,clear primary
file_12742,clear primary agriculture habitation road
file_12743,clear partly_cloudy primary
file_12744,clear primary
file_12745,clear primary water road
file_12746,partly_cloudy primary
file_12747,partly_cloudy primary water
file_12748,partly_cloudy primary agriculture water
file_12749,clear primary agriculture
file_12750,partly_cloudy primary water
file_12751,partly_cloudy primary agriculture cultivation
file_12752,clear primary
file_12753,partly_cloudy primary agriculture
file_12754,clear primary
file_12755,clear primary
file_12756,clear primary
file_12757,clear primary agriculture cultivation
file_12758,cloudy
file_12759,clear primary agriculture cultivation
file_12760,clear primary agriculture water road
file_12761,cloudy
file_12762,clear primary
file_12763,clear primary agriculture water road
file_12764,clear primary
file_12765,partly_cloudy cloudy primary agriculture
file_12766,clear primary agriculture road
file_12767,clear primary agriculture water cultivation habitation road
file_12768,clear primary
file_12769,clear primary
file_12770,partly_cloudy primary agriculture water road
file_12771,clear partly_cloudy primary agriculture water road
file_12772,partly_cloudy primary
file_12773,haze primary
file_12774,clear primary agriculture water cultivation habitation road
file_12775,clear primary agriculture water road
file_12776,partly_cloudy primary agriculture water
file_12777,haze primary
file_12778,clear primary
file_12779,clear haze primary agriculture water
file_12780,clear primary
file_12781,clear cloudy water
file_12782,partly_cloudy primary agriculture cultivation habitation road
file_12783,clear primary
file_12784,clear primary
file_12785,clear primary agriculture water
file_12786,clear primary
file_12787,clear primary agriculture cultivation habitation road
file_12788,partly_cloudy primary agriculture water cultivation
file_12789,clear primary
file_12790,clear primary
file_12791,clear primary agriculture habitation road
file_12792,clear primary agriculture habitation road
file_12793,clear primary
file_12794,clear primary
file_12795,clear primary
file_12796,clear primary agriculture habitation road
file_12797,clear primary agriculture habitation road
file_12798,clear primary agriculture water bare_ground
file_12799,clear primary
file_12800,haze primary
file_12801,clear primary
file_12802,clear primary agriculture cultivation
file_12803,cloudy
file_12804,clear primary agriculture cultivation
file_12805,clear primary
file_12806,clear primary
file_12807,cloudy
file_12808,clear primary agriculture
file_12809,partly_cloudy primary
file_12810,clear primary agriculture road
file_12811,clear primary
file_12812,clear primary water
file_12813,clear primary agriculture cultivation
file_12814,clear primary
file_12815,haze cloudy primary
file_12816,clear primary agriculture water road
file_12817,partly_cloudy primary agriculture cultivation habitation road
file_12818,clear primary
file_12819,clear primary agriculture road
file_12820,partly_cloudy primary agriculture water
file_12821,clear primary agriculture cultivation
file_12822,clear primary agriculture cultivation habitation road
file_12823,clear primary agriculture habitation road
file_12824,clear primary
file_12825,clear primary
file_12826,clear cloudy primary water
file_12827,clear primary water road
file_12828,clear primary
file_12829,clear primary
file_12830,partly_cloudy primary agriculture cultivation
file_12831,clear haze primary
file_12832,partly_cloudy primary
file_12833,clear primary water
file_12834,haze primary
file_12835,clear primary agriculture road
file_12836,clear primary
file_12837,clear primary
file_12838,clear primary
file_12839,partly_cloudy primary
file_12840,clear primary agriculture cultivation habitation road
file_12841,clear primary
file_12842,clear primary
file_12843,clear partly_cloudy primary
file_12844,partly_cloudy primary
file_12845,clear primary
file_12846,clear primary water
file_12847,clear primary agriculture road
file_12848,clear primary agriculture road
file_12849,clear primary agriculture habitation road
file_12850,clear primary agriculture habitation road
file_12851,clear primary agriculture habitation road
file_12852,haze cloudy primary
file_12853,clear primary
file_12854,clear primary
file_12855,partly_cloudy primary agriculture cultivation
file_12856,clear primary agriculture road
file_12857,clear primary
file_12858,clear haze primary
file_12859,haze primary
file_12860,haze cloudy primary water
file_12861,clear primary
file_12862,clear primary
file_12863,clear primary agriculture cultivation
file_12864,clear primary
file_12865,clear primary agriculture road conventional_mine bare_ground
file_12866,clear primary
file_12867,clear primary agriculture cultivation
file_12868,clear primary
file_12869,clear primary water
file_12870,clear primary
file_12871,clear primary water
file_12872,clear primary
file_12873,clear primary agriculture cultivation habitation road
file_12874,partly_cloudy primary agriculture cultivation
file_12875,clear primary
file_12876,partly_cloudy primary water road
file_12877,haze primary agriculture
file_12878,clear primary agriculture water cultivation road
file_12879,clear primary agriculture water cultivation road
file_12880,clear primary agriculture road
file_12881,clear primary
file_12882,clear primary
file_12883,clear primary agriculture road
file_12884,clear primary
file_12885,clear primary
file_12886,clear primary water artisinal_mine
file_12887,clear primary
file_12888,clear primary agriculture cultivation
file_12889,clear primary
file_12890,haze cloudy primary
file_12891,clear primary
file_12892,clear primary
file_12893,partly_cloudy primary agriculture road
file_12894,partly_cloudy primary
file_12895,clear primary
file_12896,clear primary
file_12897,partly_cloudy primary
file_12898,clear primary
file_12899,partly_cloudy primary
file_12900,partly_cloudy cloudy primary
file_12901,clear primary
file_12902,clear primary agriculture cultivation
file_12903,partly_cloudy primary agriculture road
file_12904,clear primary
file_12905,clear primary
file_12906,clear primary
file_12907,clear primary
file_12908,clear primary agriculture habitation road
file_12909,clear primary water artisinal_mine
file_12910,partly_cloudy primary
file_12911,clear primary water
file_12912,clear primary
file_12913,clear primary
file_12914,haze primary
file_12915,cloudy
file_12916,clear primary
file_12917,clear primary
file_12918,clear primary
file_12919,cloudy
file_12920,clear primary agriculture cultivation road
file_12921,clear primary agriculture cultivation
file_12922,haze primary agriculture water road
file_12923,clear primary agriculture water cultivation habitation road
file_12924,clear primary water road selective_logging
file_12925,partly_cloudy primary agriculture habitation road
file_12926,clear cloudy primary agriculture habitation road conventional_mine bare_ground
file_12927,cloudy
file_12928,partly_cloudy primary
file_12929,clear primary
file_12930,clear primary
file_12931,clear haze primary road
file_12932,partly_cloudy primary
file_12933,clear primary
file_12934,haze primary agriculture water
file_12935,partly_cloudy primary
file_12936,clear primary
file_12937,cloudy
file_12938,partly_cloudy primary
file_12939,clear primary water road
file_12940,clear primary
file_12941,clear primary agriculture water road
file_12942,clear primary water road
file_12943,clear haze primary water
file_12944,clear primary
file_12945,clear partly_cloudy primary agriculture cultivation road
file_12946,clear primary
file_12947,clear primary
file_12948,partly_cloudy primary
file_12949,partly_cloudy primary agriculture water habitation road
file_12950,clear primary
file_12951,clear primary agriculture cultivation habitation
file_12952,clear primary agriculture cultivation habitation road
file_12953,clear haze primary agriculture water
file_12954,clear primary habitation road
file_12955,clear primary agriculture water road
file_12956,clear primary agriculture cultivation road
file_12957,clear primary
file_12958,clear haze primary agriculture
file_12959,clear primary agriculture water cultivation habitation road
file_12960,partly_cloudy primary agriculture
file_12961,clear primary agriculture habitation road
file_12962,haze primary
file_12963,clear primary
file_12964,clear primary agriculture water road
file_12965,clear primary
file_12966,clear primary
file_12967,clear primary agriculture cultivation
file_12968,clear primary
file_12969,clear primary
file_12970,clear primary
file_12971,clear primary
file_12972,clear primary
file_12973,clear primary agriculture cultivation
file_12974,haze primary water
file_12975,clear primary
file_12976,clear haze primary
file_12977,partly_cloudy primary
file_12978,partly_cloudy primary agriculture habitation road
file_12979,clear primary agriculture water habitation road
file_12980,haze cloudy primary
file_12981,clear primary
file_12982,cloudy
file_12983,partly_cloudy primary
file_12984,clear primary
file_12985,clear primary agriculture water
file_12986,clear primary agriculture habitation road
file_12987,clear primary
file_12988,clear primary blooming
file_12989,clear primary agriculture water cultivation road
file_12990,cloudy
file_12991,clear cloudy water
file_12992,partly_cloudy primary
file_12993,clear primary
file_12994,cloudy
file_12995,clear primary agriculture road bare_ground
file_12996,partly_cloudy primary agriculture water
file_12997,clear primary agriculture habitation road
file_12998,clear primary agriculture habitation road
file_12999,clear primary agriculture cultivation habitation road
file_13000,clear primary agriculture habitation road
file_13001,clear primary
file_13002,clear primary
file_13003,clear primary agriculture water road
file_13004,clear primary
file_13005,clear primary agriculture
file_13006,clear primary agriculture cultivation
file_13007,clear primary agriculture road bare_ground
file_13008,clear primary
file_13009,clear primary
file_13010,clear primary
file_13011,clear partly_cloudy primary agriculture habitation road
file_13012,clear primary
file_13013,haze primary
file_13014,partly_cloudy primary
file_13015,clear primary
file_13016,clear primary
file_13017,cloudy
file_13018,cloudy
file_13019,clear primary
file_13020,clear primary agriculture cultivation habitation
file_13021,haze primary
file_13022,clear primary water
file_13023,clear primary
file_13024,haze primary
file_13025,clear primary agriculture cultivation road
file_13026,clear primary cultivation blooming selective_logging
file_13027,cloudy
file_13028,clear primary
file_13029,haze primary
file_13030,partly_cloudy primary
file_13031,partly_cloudy primary
file_13032,partly_cloudy primary
file_13033,clear primary
file_13034,clear primary
file_13035,clear haze primary water
file_13036,clear primary
file_13037,clear primary
file_13038,clear primary water road
file_13039,clear partly_cloudy primary agriculture cultivation
file_13040,clear primary water road selective_logging
file_13041,haze cloudy primary
file_13042,clear primary habitation road
file_13043,cloudy
file_13044,clear primary agriculture water bare_ground
file_13045,clear primary agriculture cultivation
file_13046,partly_cloudy primary agriculture water road
file_13047,clear primary
file_13048,clear primary agriculture cultivation habitation
file_13049,clear primary
file_13050,clear primary agriculture water road
file_13051,clear primary agriculture cultivation
file_13052,clear primary agriculture road
file_13053,haze partly_cloudy primary water
file_13054,clear primary agriculture road
file_13055,clear cloudy water
file_13056,clear primary water
file_13057,clear primary
file_13058,clear primary water habitation road bare_ground artisinal_mine
file_13059,partly_cloudy primary agriculture
file_13060,clear primary agriculture water
file_13061,clear primary
file_13062,haze cloudy
file_13063,clear haze primary
file_13064,partly_cloudy primary water
file_13065,clear primary
file_13066,clear primary
file_13067,clear primary agriculture
file_13068,clear primary
file_13069,clear primary
file_13070,clear primary
file_13071,partly_cloudy primary agriculture
file_13072,clear primary agriculture habitation road
file_13073,clear primary agriculture habitation road
file_13074,clear primary
file_13075,clear primary agriculture water habitation road bare_ground
file_13076,clear haze primary agriculture water habitation
file_13077,partly_cloudy primary water
file_13078,clear primary agriculture cultivation
file_13079,clear partly_cloudy primary water road
file_13080,clear primary water
file_13081,partly_cloudy primary
file_13082,clear primary
file_13083,clear primary agriculture bare_ground
file_13084,clear primary
file_13085,clear primary agriculture habitation road conventional_mine bare_ground
file_13086,clear primary agriculture cultivation habitation road
file_13087,clear primary water
file_13088,haze primary
file_13089,clear primary
file_13090,clear haze primary
file_13091,partly_cloudy primary agriculture road
file_13092,partly_cloudy primary agriculture road
file_13093,partly_cloudy cloudy primary
file_13094,haze partly_cloudy primary agriculture
file_13095,clear primary
file_13096,partly_cloudy primary agriculture
file_13097,clear primary
file_13098,clear primary water
file_13099,clear primary
file_13100,clear primary
file_13101,clear primary
file_13102,clear primary agriculture
file_13103,haze primary
file_13104,clear primary agriculture water cultivation habitation road
file_13105,clear primary water road
file_13106,clear primary
file_13107,cloudy
file_13108,clear primary
file_13109,clear primary agriculture cultivation habitation road
file_13110,clear primary agriculture water bare_ground
file_13111,clear primary agriculture habitation road
file_13112,clear primary
file_13113,partly_cloudy primary
file_13114,clear primary
file_13115,clear primary agriculture cultivation
file_13116,clear primary
file_13117,clear haze primary agriculture water
file_13118,clear primary agriculture cultivation
file_13119,clear primary agriculture water cultivation habitation
file_13120,clear primary agriculture cultivation
file_13121,clear primary
file_13122,clear primary
file_13123,clear primary
file_13124,haze cloudy primary agriculture water
file_13125,clear primary agriculture cultivation habitation road
file_13126,clear primary agriculture water
file_13127,clear primary agriculture cultivation road
file_13128,clear primary
file_13129,clear primary
file_13130,clear haze primary agriculture
file_13131,partly_cloudy primary
file_13132,clear primary water road
file_13133,clear primary
file_13134,clear primary agriculture cultivation
file_13135,partly_cloudy primary
file_13136,haze primary
file_13137,haze primary water
file_13138,clear primary water
file_13139,clear primary agriculture cultivation
file_13140,clear primary habitation road
file_13141,partly_cloudy primary
file_13142,clear partly_cloudy primary
file_13143,clear primary agriculture water habitation road
file_13144,clear primary agriculture cultivation
file_13145,partly_cloudy primary
file_13146,clear primary agriculture water cultivation road
file_13147,partly_cloudy cloudy primary
file_13148,clear primary
file_13149,clear primary agriculture road
file_13150,clear primary water
file_13151,clear primary
file_13152,clear primary agriculture cultivation
file_13153,clear primary agriculture water cultivation habitation road
file_13154,cloudy
file_13155,clear haze primary agriculture road
file_13156,clear primary
file_13157,clear primary agriculture cultivation habitation road
file_13158,clear primary agriculture cultivation road
file_13159,clear primary agriculture habitation road
file_13160,partly_cloudy primary water
file_13161,partly_cloudy primary
file_13162,clear primary
file_13163,partly_cloudy primary agriculture road
file_13164,clear primary water road
file_13165,clear primary
file_13166,clear primary
file_13167,partly_cloudy primary agriculture cultivation habitation road
file_13168,clear primary agriculture water habitation road
file_13169,clear primary agriculture cultivation road
file_13170,clear primary agriculture cultivation
file_13171,clear partly_cloudy primary agriculture water road
file_13172,clear primary
file_13173,clear primary agriculture water cultivation
file_13174,clear primary agriculture cultivation
file_13175,partly_cloudy primary
file_13176,clear primary
file_13177,clear primary
file_13178,clear primary water
file_13179,clear primary
file_13180,clear primary agriculture
file_13181,clear haze primary agriculture water
file_13182,clear primary agriculture bare_ground
file_13183,clear primary water
file_13184,haze cloudy
file_13185,clear primary agriculture cultivation
file_13186,partly_cloudy primary water
file_13187,clear primary
file_13188,clear primary agriculture road
file_13189,clear primary agriculture cultivation
file_13190,clear primary
file_13191,clear primary
file_13192,clear primary water
file_13193,clear primary agriculture
file_13194,clear primary
file_13195,partly_cloudy primary
file_13196,clear primary agriculture water cultivation
file_13197,clear primary blooming
file_13198,clear primary agriculture cultivation
file_13199,clear primary agriculture cultivation
file_13200,clear primary agriculture cultivation
file_13201,clear primary road selective_logging
file_13202,clear primary agriculture road
file_13203,clear primary
file_13204,clear partly_cloudy primary agriculture cultivation
file_13205,partly_cloudy primary
file_13206,clear primary
file_13207,clear haze primary agriculture water road
file_13208,clear primary agriculture habitation road
file_13209,clear primary water road artisinal_mine
file_13210,clear primary
file_13211,clear primary water artisinal_mine selective_logging
file_13212,clear cloudy water
file_13213,clear cloudy primary water
file_13214,clear primary
file_13215,partly_cloudy primary agriculture water cultivation road
file_13216,clear primary agriculture cultivation habitation
file_13217,clear primary
file_13218,partly_cloudy primary water
file_13219,clear primary
file_13220,clear primary
file_13221,clear primary
file_13222,clear primary agriculture cultivation
file_13223,clear primary
file_13224,partly_cloudy primary
file_13225,cloudy
file_13226,haze partly_cloudy cloudy primary water road
file_13227,clear primary
file_13228,clear primary
file_13229,partly_cloudy primary
file_13230,haze primary agriculture
file_13231,clear primary agriculture road
file_13232,partly_cloudy primary
file_13233,clear primary agriculture habitation road
file_13234,clear primary
file_13235,haze primary water
file_13236,clear primary habitation road
file_13237,clear primary
file_13238,clear primary
file_13239,clear primary agriculture cultivation
file_13240,partly_cloudy primary agriculture road
file_13241,clear primary
file_13242,cloudy
file_13243,clear primary water
file_13244,clear primary agriculture water habitation road
file_13245,clear primary water road
file_13246,clear primary agriculture water road
file_13247,clear primary water road
file_13248,cloudy
file_13249,partly_cloudy primary
file_13250,clear primary agriculture habitation road
file_13251,clear haze primary agriculture cultivation
file_13252,clear partly_cloudy primary agriculture cultivation habitation road
file_13253,clear partly_cloudy primary
file_13254,clear primary
file_13255,clear primary water
file_13256,clear primary agriculture
file_13257,cloudy
file_13258,partly_cloudy primary
file_13259,clear primary
file_13260,clear primary agriculture cultivation
file_13261,clear partly_cloudy primary
file_13262,haze primary
file_13263,clear primary agriculture road
file_13264,clear partly_cloudy primary agriculture cultivation road
file_13265,clear primary agriculture water
file_13266,clear primary agriculture water
file_13267,clear primary
file_13268,partly_cloudy primary agriculture water habitation road
file_13269,clear primary agriculture water cultivation road
file_13270,clear primary
file_13271,partly_cloudy primary
file_13272,clear cloudy water
file_13273,haze primary
file_13274,clear primary
file_13275,clear partly_cloudy primary agriculture cultivation road
file_13276,partly_cloudy primary agriculture habitation road
file_13277,partly_cloudy primary
file_13278,clear primary
file_13279,clear primary agriculture road
file_13280,clear primary
file_13281,clear primary agriculture water habitation road
file_13282,partly_cloudy primary
file_13283,clear primary
file_13284,clear primary agriculture cultivation
file_13285,clear primary agriculture water
file_13286,clear primary water
file_13287,clear haze primary
file_13288,clear primary agriculture cultivation road
file_13289,clear primary
file_13290,clear primary
file_13291,partly_cloudy primary
file_13292,clear primary agriculture
file_13293,clear primary agriculture road
file_13294,clear primary
file_13295,clear primary agriculture water habitation road
file_13296,clear primary agriculture water habitation road
file_13297,clear primary
file_13298,clear primary agriculture habitation road
file_13299,clear primary agriculture habitation road
file_13300,clear primary
file_13301,partly_cloudy primary water
file_13302,clear primary
file_13303,clear primary agriculture water cultivation road
file_13304,partly_cloudy primary
file_13305,partly_cloudy primary
file_13306,partly_cloudy primary
file_13307,clear primary
file_13308,clear primary
file_13309,cloudy
file_13310,clear primary blooming selective_logging
file_13311,clear primary agriculture water cultivation road
file_13312,clear primary
file_13313,clear partly_cloudy primary agriculture cultivation
file_13314,clear primary habitation road
file_13315,clear primary water habitation road bare_ground artisinal_mine
file_13316,clear primary agriculture cultivation
file_13317,clear primary agriculture cultivation
file_13318,partly_cloudy primary water road
file_13319,partly_cloudy primary
file_13320,clear primary
file_13321,clear primary
file_13322,partly_cloudy primary
file_13323,clear primary water road
file_13324,cloudy
file_13325,clear haze primary water
file_13326,clear primary
file_13327,clear primary
file_13328,clear primary
file_13329,clear primary agriculture road
file_13330,clear primary agriculture habitation road
file_13331,clear primary water
file_13332,clear primary
file_13333,partly_cloudy primary agriculture habitation road
file_13334,clear primary
file_13335,partly_cloudy primary agriculture
file_13336,clear primary agriculture habitation road
file_13337,clear primary agriculture habitation road
file_13338,clear primary agriculture cultivation
file_13339,clear haze primary agriculture cultivation
file_13340,cloudy
file_13341,clear primary
file_13342,partly_cloudy primary
file_13343,clear primary agriculture cultivation road
file_13344,clear primary
file_13345,clear primary agriculture cultivation
file_13346,clear primary
file_13347,cloudy
file_13348,partly_cloudy cloudy primary
file_13349,clear primary water
file_13350,clear primary
file_13351,partly_cloudy primary
file_13352,clear primary water
file_13353,partly_cloudy primary
file_13354,clear primary agriculture water habitation road
file_13355,clear primary
file_13356,clear primary
file_13357,clear primary
file_13358,clear primary
file_13359,clear primary agriculture water cultivation habitation
file_13360,partly_cloudy primary water
file_13361,clear primary
file_13362,clear primary
file_13363,clear primary water road
file_13364,clear primary
file_13365,partly_cloudy primary
file_13366,clear primary agriculture water cultivation habitation road
file_13367,clear primary
file_13368,clear primary water
file_13369,clear partly_cloudy primary agriculture
file_13370,partly_cloudy primary
file_13371,clear primary agriculture cultivation
file_13372,clear primary agriculture road
file_13373,clear primary agriculture road
file_13374,clear primary agriculture water habitation road bare_ground
file_13375,haze primary
file_13376,clear haze primary agriculture water
file_13377,partly_cloudy primary agriculture cultivation habitation road
file_13378,clear primary
file_13379,clear haze primary agriculture cultivation
file_13380,partly_cloudy primary
file_13381,clear primary agriculture habitation road
file_13382,haze primary agriculture
file_13383,clear primary agriculture road
file_13384,clear primary agriculture road
file_13385,partly_cloudy cloudy primary
file_13386,clear primary
file_13387,clear primary
file_13388,clear primary
file_13389,clear primary
file_13390,clear primary
file_13391,cloudy
file_13392,clear primary
file_13393,partly_cloudy primary water
file_13394,partly_cloudy primary agriculture road
file_13395,partly_cloudy primary agriculture
file_13396,clear primary
file_13397,partly_cloudy cloudy primary
file_13398,clear primary agriculture road
file_13399,clear primary
file_13400,clear primary agriculture cultivation
file_13401,clear primary
file_13402,clear primary agriculture cultivation
file_13403,clear primary
file_13404,clear primary agriculture water road
file_13405,partly_cloudy primary agriculture water
file_13406,haze primary
file_13407,clear primary agriculture road
file_13408,clear primary water
file_13409,clear primary agriculture cultivation
file_13410,clear haze primary agriculture water road
file_13411,clear primary water road
file_13412,clear primary agriculture cultivation
file_13413,clear primary
file_13414,partly_cloudy primary water road
file_13415,partly_cloudy primary
file_13416,clear primary
file_13417,clear partly_cloudy primary
file_13418,clear primary
file_13419,clear primary
file_13420,clear primary water
file_13421,clear primary
file_13422,clear primary water road
file_13423,partly_cloudy primary
file_13424,clear primary
file_13425,clear primary agriculture water road
file_13426,partly_cloudy primary agriculture road
file_13427,clear primary agriculture water habitation road
file_13428,partly_cloudy primary
file_13429,clear primary
file_13430,haze cloudy primary
file_13431,clear primary agriculture road
file_13432,partly_cloudy primary
file_13433,clear primary
file_13434,clear primary
file_13435,partly_cloudy primary
file_13436,clear primary agriculture water cultivation
file_13437,partly_cloudy cloudy primary
file_13438,clear primary agriculture water road
file_13439,clear primary agriculture
file_13440,clear cloudy primary water
file_13441,clear primary agriculture habitation road
file_13442,clear primary
file_13443,clear partly_cloudy primary agriculture cultivation
file_13444,clear primary agriculture habitation road
file_13445,clear primary
file_13446,clear primary agriculture cultivation
file_13447,clear primary
file_13448,clear primary
file_13449,clear primary
file_13450,clear primary agriculture road
file_13451,clear primary agriculture water cultivation habitation road
file_13452,clear primary habitation road
file_13453,clear primary agriculture road
file_13454,clear primary water
file_13455,clear primary water
file_13456,clear primary
file_13457,partly_cloudy primary
file_13458,clear primary
file_13459,partly_cloudy primary
file_13460,partly_cloudy primary
file_13461,clear primary
file_13462,partly_cloudy cloudy primary
file_13463,cloudy
file_13464,clear primary agriculture cultivation road
file_13465,haze cloudy
file_13466,clear primary
file_13467,clear primary agriculture cultivation
file_13468,cloudy
file_13469,clear primary agriculture water cultivation road
file_13470,clear primary
file_13471,partly_cloudy primary
file_13472,clear primary
file_13473,clear primary agriculture cultivation
file_13474,partly_cloudy primary
file_13475,clear primary
file_13476,clear primary
file_13477,cloudy
file_13478,clear primary
file_13479,partly_cloudy primary agriculture cultivation
file_13480,partly_cloudy primary agriculture road
file_13481,clear primary
file_13482,clear primary agriculture water habitation road
file_13483,cloudy
file_13484,partly_cloudy primary agriculture
file_13485,clear primary
file_13486,clear primary agriculture water road
file_13487,clear primary
file_13488,clear primary agriculture water
file_13489,clear primary
file_13490,clear primary
file_13491,clear primary
file_13492,clear primary agriculture cultivation
file_13493,partly_cloudy primary
file_13494,clear primary
file_13495,clear primary agriculture habitation road
file_13496,clear primary
file_13497,clear partly_cloudy primary
file_13498,clear primary agriculture cultivation
file_13499,clear primary
file_13500,clear primary
file_13501,clear primary agriculture water habitation road
file_13502,clear primary
file_13503,clear primary agriculture habitation road
file_13504,clear primary
file_13505,cloudy
file_13506,clear primary agriculture habitation road
file_13507,clear primary
file_13508,clear primary
file_13509,clear primary water
file_13510,clear primary agriculture cultivation road
file_13511,clear partly_cloudy primary agriculture habitation road
file_13512,clear primary
file_13513,partly_cloudy primary
file_13514,clear primary agriculture cultivation
file_13515,partly_cloudy primary agriculture cultivation
file_13516,clear primary
file_13517,haze primary
file_13518,clear primary agriculture habitation road
file_13519,clear primary agriculture cultivation habitation
file_13520,clear primary agriculture cultivation road
file_13521,clear primary agriculture habitation road
file_13522,clear primary water road conventional_mine artisinal_mine selective_logging
file_13523,partly_cloudy primary
file_13524,clear primary agriculture cultivation
file_13525,clear primary agriculture cultivation
file_13526,clear primary agriculture water road
file_13527,haze cloudy primary
file_13528,clear primary water
file_13529,clear primary
file_13530,clear primary
file_13531,clear primary
file_13532,clear primary
file_13533,clear primary agriculture water cultivation habitation road
file_13534,clear primary agriculture habitation road
file_13535,clear primary
file_13536,clear primary
file_13537,clear primary agriculture water cultivation road
file_13538,partly_cloudy primary
file_13539,clear primary blooming selective_logging
file_13540,clear haze primary
file_13541,clear primary
file_13542,clear primary
file_13543,cloudy
file_13544,clear primary agriculture cultivation
file_13545,clear primary
file_13546,clear primary
file_13547,clear primary
file_13548,partly_cloudy primary agriculture water cultivation
file_13549,clear primary agriculture road
file_13550,clear primary agriculture habitation road bare_ground
file_13551,clear haze primary agriculture road
file_13552,clear primary agriculture cultivation road
file_13553,clear primary agriculture water
file_13554,clear primary
file_13555,haze cloudy
file_13556,clear primary
file_13557,clear haze primary
file_13558,partly_cloudy primary agriculture water
file_13559,partly_cloudy primary agriculture
file_13560,clear haze primary agriculture cultivation
file_13561,partly_cloudy primary
file_13562,clear primary
file_13563,clear primary water road
file_13564,clear primary agriculture water habitation road
file_13565,clear partly_cloudy primary agriculture road
file_13566,clear primary
file_13567,clear primary
file_13568,clear primary agriculture cultivation
file_13569,clear primary
file_13570,partly_cloudy primary agriculture water habitation road
file_13571,cloudy
file_13572,cloudy
file_13573,clear primary agriculture water habitation road
file_13574,clear primary agriculture habitation road
file_13575,clear haze primary agriculture cultivation
file_13576,clear primary water
file_13577,clear primary water
file_13578,clear primary agriculture road
file_13579,clear primary agriculture habitation road
file_13580,clear partly_cloudy primary
file_13581,cloudy
file_13582,clear primary water
file_13583,partly_cloudy primary agriculture road
file_13584,partly_cloudy primary agriculture cultivation habitation road
file_13585,clear primary
file_13586,partly_cloudy primary agriculture
file_13587,clear primary agriculture water
file_13588,clear primary agriculture habitation road
file_13589,partly_cloudy primary
file_13590,clear primary
file_13591,cloudy
file_13592,clear primary agriculture road
file_13593,clear primary
file_13594,clear primary agriculture water cultivation
file_13595,clear primary water
file_13596,clear haze primary agriculture cultivation
file_13597,clear primary
file_13598,partly_cloudy primary
file_13599,clear primary water habitation road
file_13600,clear primary agriculture water
file_13601,clear primary agriculture cultivation
file_13602,clear primary
file_13603,clear primary
file_13604,clear primary
file_13605,clear primary agriculture road
file_13606,partly_cloudy primary agriculture cultivation
file_13607,clear primary water
file_13608,cloudy
file_13609,clear primary water bare_ground artisinal_mine
file_13610,clear haze primary agriculture habitation road
file_13611,clear primary
file_13612,haze primary
file_13613,clear primary
file_13614,clear primary
file_13615,partly_cloudy primary
file_13616,partly_cloudy primary
file_13617,partly_cloudy primary agriculture
file_13618,haze cloudy primary
file_13619,partly_cloudy primary
file_13620,clear primary
file_13621,clear haze primary agriculture
file_13622,partly_cloudy primary agriculture cultivation
file_13623,clear primary agriculture cultivation
file_13624,clear haze primary
file_13625,clear primary agriculture habitation road
file_13626,cloudy
file_13627,clear primary agriculture cultivation
file_13628,clear primary agriculture cultivation habitation road
file_13629,clear primary agriculture cultivation
file_13630,clear primary agriculture cultivation
file_13631,clear primary
file_13632,clear primary water
file_13633,clear primary
file_13634,clear primary
file_13635,haze cloudy primary
file_13636,partly_cloudy primary agriculture
file_13637,clear primary agriculture cultivation
file_13638,clear primary
file_13639,clear primary
file_13640,clear primary agriculture road
file_13641,clear primary agriculture cultivation road
file_13642,clear haze primary agriculture road
file_13643,clear primary agriculture water habitation road
file_13644,clear primary agriculture cultivation
file_13645,clear primary water
file_13646,partly_cloudy primary agriculture
file_13647,cloudy
file_13648,clear primary
file_13649,clear primary
file_13650,clear primary
file_13651,clear primary
file_13652,partly_cloudy primary
file_13653,clear primary water
file_13654,clear primary agriculture road
file_13655,clear primary
file_13656,clear primary
file_13657,clear cloudy primary water
file_13658,partly_cloudy primary
file_13659,clear primary
file_13660,clear partly_cloudy primary agriculture cultivation
file_13661,partly_cloudy primary agriculture water road
file_13662,cloudy
file_13663,clear haze cloudy primary agriculture road
file_13664,clear primary
file_13665,clear primary agriculture cultivation
file_13666,partly_cloudy primary agriculture road
file_13667,haze cloudy primary
file_13668,clear partly_cloudy primary
file_13669,clear primary water
file_13670,clear primary
file_13671,clear primary agriculture cultivation
file_13672,clear primary agriculture cultivation
file_13673,clear primary agriculture cultivation
file_13674,clear primary agriculture road
file_13675,clear primary agriculture water cultivation
file_13676,clear primary blooming selective_logging
file_13677,partly_cloudy primary water
file_13678,partly_cloudy primary
file_13679,clear primary
file_13680,clear primary
file_13681,partly_cloudy primary agriculture road
file_13682,clear primary agriculture water
file_13683,clear primary
file_13684,clear primary agriculture cultivation
file_13685,clear primary
file_13686,clear primary
file_13687,clear primary agriculture water
file_13688,clear primary agriculture bare_ground
file_13689,clear primary agriculture road
file_13690,haze cloudy primary water
file_13691,clear primary agriculture water
file_13692,clear primary agriculture water cultivation habitation
file_13693,clear primary agriculture cultivation habitation road
file_13694,clear partly_cloudy primary water
file_13695,clear primary agriculture
file_13696,clear primary agriculture cultivation
file_13697,clear primary
file_13698,partly_cloudy primary agriculture cultivation
file_13699,clear primary agriculture cultivation
file_13700,clear primary agriculture cultivation
file_13701,clear primary
file_13702,clear primary
file_13703,clear primary
file_13704,partly_cloudy primary agriculture road
file_13705,clear primary
file_13706,clear primary agriculture habitation road
file_13707,partly_cloudy primary agriculture cultivation
file_13708,clear primary
file_13709,clear primary agriculture bare_ground
file_13710,clear primary water artisinal_mine
file_13711,clear primary agriculture road
file_13712,clear primary agriculture cultivation road
file_13713,clear primary
file_13714,partly_cloudy primary agriculture road
file_13715,clear partly_cloudy primary agriculture road
file_13716,haze primary agriculture water
file_13717,clear primary agriculture cultivation
file_13718,clear primary
file_13719,partly_cloudy primary agriculture cultivation habitation road
file_13720,clear primary agriculture road
file_13721,clear haze primary agriculture water road
file_13722,partly_cloudy cloudy primary water
file_13723,clear primary agriculture water
file_13724,clear primary
file_13725,clear primary
file_13726,partly_cloudy cloudy primary
file_13727,clear primary agriculture water cultivation habitation road
file_13728,clear primary
file_13729,partly_cloudy primary agriculture cultivation
file_13730,partly_cloudy primary agriculture water cultivation habitation
file_13731,clear primary agriculture water cultivation road
file_13732,clear primary
file_13733,clear primary
file_13734,clear primary water
file_13735,clear primary agriculture habitation road conventional_mine bare_ground
file_13736,clear haze primary
file_13737,clear primary agriculture
file_13738,clear primary agriculture habitation road
file_13739,clear primary agriculture cultivation
file_13740,clear primary water
file_13741,clear primary water
file_13742,partly_cloudy primary
file_13743,clear primary
file_13744,clear primary
file_13745,clear primary
file_13746,clear primary agriculture cultivation habitation road
file_13747,clear primary agriculture water road
file_13748,clear partly_cloudy primary
file_13749,partly_cloudy primary agriculture cultivation habitation road
file_13750,clear primary
file_13751,partly_cloudy primary agriculture road
file_13752,partly_cloudy primary agriculture cultivation habitation road
file_13753,clear primary
file_13754,haze primary
file_13755,clear primary water habitation road bare_ground artisinal_mine
file_13756,clear haze primary
file_13757,clear primary agriculture water
file_13758,clear primary agriculture road
file_13759,clear primary
file_13760,clear primary agriculture habitation road
file_13761,clear primary agriculture cultivation
file_13762,clear primary water
file_13763,clear primary cultivation
file_13764,partly_cloudy primary agriculture cultivation road
file_13765,clear primary water
file_13766,clear primary agriculture road
file_13767,partly_cloudy cloudy primary
file_13768,haze primary agriculture water road
file_13769,clear primary water road
file_13770,clear primary
file_13771,clear primary
file_13772,clear haze primary
file_13773,clear primary agriculture bare_ground
file_13774,partly_cloudy primary agriculture road
file_13775,cloudy
file_13776,clear primary
file_13777,clear haze primary
file_13778,clear primary agriculture cultivation habitation road
file_13779,clear primary
file_13780,partly_cloudy primary agriculture cultivation road
file_13781,clear primary water road selective_logging
file_13782,clear primary
file_13783,partly_cloudy primary agriculture road
file_13784,partly_cloudy primary
file_13785,clear primary
file_13786,partly_cloudy primary agriculture road
file_13787,clear primary
file_13788,clear primary
file_13789,partly_cloudy primary agriculture water
file_13790,clear primary
file_13791,clear primary agriculture cultivation
file_13792,clear partly_cloudy primary agriculture habitation road
file_13793,clear primary agriculture cultivation
file_13794,clear primary agriculture water cultivation
file_13795,clear primary agriculture road
file_13796,clear primary
file_13797,partly_cloudy primary
file_13798,clear primary agriculture habitation road
file_13799,partly_cloudy primary
file_13800,clear primary road
file_13801,haze primary
file_13802,clear primary agriculture water cultivation
file_13803,clear primary agriculture water habitation road
file_13804,clear primary
file_13805,clear primary agriculture cultivation
file_13806,clear primary
file_13807,clear primary agriculture water road bare_ground
file_13808,clear primary
file_13809,clear primary agriculture bare_ground
file_13810,clear primary water road
file_13811,clear primary
file_13812,partly_cloudy primary agriculture habitation road
file_13813,partly_cloudy primary
file_13814,clear primary agriculture water
file_13815,partly_cloudy primary
file_13816,clear primary
file_13817,clear primary water
file_13818,partly_cloudy primary
file_13819,clear primary
file_13820,clear primary agriculture water habitation road
file_13821,clear primary
file_13822,clear primary water
file_13823,clear haze primary agriculture cultivation
file_13824,clear primary water
file_13825,haze cloudy primary
file_13826,partly_cloudy primary
file_13827,clear partly_cloudy primary
file_13828,clear primary water
file_13829,clear haze primary agriculture road
file_13830,clear primary agriculture cultivation
file_13831,clear cloudy water
file_13832,partly_cloudy primary
file_13833,clear primary
file_13834,clear primary blooming selective_logging
file_13835,clear partly_cloudy primary agriculture cultivation
file_13836,clear primary agriculture road
file_13837,clear primary agriculture water road
file_13838,clear primary
file_13839,partly_cloudy primary agriculture cultivation
file_13840,partly_cloudy cloudy
file_13841,cloudy
file_13842,clear primary agriculture cultivation
file_13843,clear primary agriculture water cultivation
file_13844,clear primary
file_13845,partly_cloudy primary agriculture road
file_13846,clear primary water road
file_13847,clear primary agriculture road bare_ground
file_13848,clear partly_cloudy primary agriculture road
file_13849,haze primary agriculture water cultivation
file_13850,partly_cloudy primary
file_13851,clear primary agriculture water road
file_13852,clear haze primary water
file_13853,clear primary
file_13854,clear haze primary water
file_13855,partly_cloudy primary agriculture road
file_13856,clear primary agriculture road
file_13857,clear primary
file_13858,clear primary agriculture cultivation
file_13859,clear primary
file_13860,haze primary
file_13861,clear primary agriculture road
file_13862,clear primary agriculture water road
file_13863,clear primary
file_13864,haze cloudy primary
file_13865,clear partly_cloudy primary agriculture road
file_13866,clear primary
file_13867,clear primary
file_13868,partly_cloudy primary agriculture road
file_13869,partly_cloudy primary
file_13870,clear primary agriculture cultivation
file_13871,clear primary
file_13872,clear primary agriculture water bare_ground
file_13873,clear primary agriculture habitation road
file_13874,clear primary
file_13875,clear primary
file_13876,clear primary agriculture road
file_13877,partly_cloudy cloudy primary
file_13878,haze cloudy primary
file_13879,clear primary agriculture road
file_13880,partly_cloudy primary
file_13881,clear primary
file_13882,clear primary
file_13883,clear primary water artisinal_mine
file_13884,clear primary agriculture cultivation
file_13885,clear primary
file_13886,clear primary
file_13887,clear primary
file_13888,clear primary agriculture water road
file_13889,clear primary
file_13890,clear primary agriculture cultivation
file_13891,clear primary
file_13892,clear haze primary
file_13893,clear primary
file_13894,clear primary
file_13895,partly_cloudy primary agriculture water cultivation road
file_13896,partly_cloudy primary agriculture road
file_13897,clear primary agriculture habitation road
file_13898,clear primary agriculture road
file_13899,clear primary water
file_13900,clear primary
file_13901,clear primary
file_13902,clear primary agriculture water road
file_13903,haze cloudy primary
file_13904,clear primary agriculture cultivation habitation road
file_13905,clear primary
file_13906,cloudy
file_13907,clear primary water
file_13908,clear primary agriculture habitation road
file_13909,cloudy
file_13910,clear primary
file_13911,clear primary
file_13912,clear primary
file_13913,clear primary agriculture cultivation
file_13914,cloudy
file_13915,clear primary
file_13916,clear primary agriculture habitation road
file_13917,clear primary agriculture cultivation habitation
file_13918,clear primary agriculture water
file_13919,clear primary
file_13920,clear primary
file_13921,clear primary
file_13922,cloudy
file_13923,clear primary
file_13924,cloudy
file_13925,clear primary water road bare_ground artisinal_mine
file_13926,partly_cloudy primary agriculture water road
file_13927,clear primary
file_13928,clear primary agriculture cultivation habitation road
file_13929,clear primary agriculture habitation road bare_ground
file_13930,clear primary agriculture habitation road
file_13931,clear primary
file_13932,clear primary
file_13933,clear primary
file_13934,clear primary
file_13935,clear primary
file_13936,haze primary agriculture cultivation
file_13937,partly_cloudy primary agriculture water
file_13938,clear primary
file_13939,clear primary agriculture cultivation
file_13940,clear primary agriculture habitation road
file_13941,clear primary
file_13942,clear primary
file_13943,partly_cloudy primary agriculture water road
file_13944,clear primary agriculture habitation road
file_13945,partly_cloudy primary agriculture cultivation
file_13946,clear primary agriculture habitation road
file_13947,clear primary agriculture cultivation habitation
file_13948,clear primary
file_13949,clear primary
file_13950,haze cloudy
file_13951,haze primary water
file_13952,cloudy
file_13953,clear primary water
file_13954,clear partly_cloudy primary agriculture water
file_13955,partly_cloudy cloudy primary
file_13956,partly_cloudy primary water
file_13957,partly_cloudy primary
file_13958,partly_cloudy primary agriculture road
file_13959,haze primary agriculture water
file_13960,partly_cloudy primary agriculture habitation road
file_13961,clear partly_cloudy primary agriculture road
file_13962,clear primary agriculture water cultivation road
file_13963,clear primary agriculture cultivation habitation road
file_13964,partly_cloudy primary agriculture cultivation habitation road
file_13965,clear primary
file_13966,clear primary agriculture road
file_13967,clear partly_cloudy primary
file_13968,clear primary agriculture habitation road
file_13969,clear primary
file_13970,clear primary
file_13971,clear primary agriculture cultivation
file_13972,clear primary
file_13973,clear primary water
file_13974,cloudy
file_13975,clear primary
file_13976,clear primary agriculture habitation road
file_13977,clear primary water road
file_13978,clear primary water road
file_13979,clear primary agriculture cultivation
file_13980,clear primary agriculture water road
file_13981,haze primary water
file_13982,clear primary agriculture cultivation
file_13983,cloudy
file_13984,clear primary
file_13985,clear partly_cloudy primary
file_13986,clear primary water
file_13987,clear primary
file_13988,clear primary agriculture cultivation habitation
file_13989,clear primary
file_13990,clear primary
file_13991,clear primary agriculture water
file_13992,clear primary
file_13993,clear primary agriculture road
file_13994,partly_cloudy primary water road
file_13995,clear haze cloudy primary agriculture water
file_13996,clear primary
file_13997,clear primary agriculture water habitation road
file_13998,clear primary agriculture cultivation
file_13999,clear primary
file_14000,clear primary agriculture bare_ground
file_14001,clear primary
file_14002,clear primary agriculture road
file_14003,clear primary
file_14004,clear primary
file_14005,clear primary agriculture bare_ground
file_14006,clear cloudy water
file_14007,clear haze primary agriculture water
file_14008,clear primary
file_14009,clear primary agriculture cultivation
file_14010,cloudy
file_14011,clear primary
file_14012,haze cloudy
file_14013,clear primary
file_14014,clear primary agriculture water cultivation habitation
file_14015,clear primary
file_14016,cloudy
file_14017,clear partly_cloudy primary agriculture habitation road
file_14018,clear primary
file_14019,clear primary
file_14020,clear primary
file_14021,clear primary
file_14022,clear primary
file_14023,clear haze primary agriculture cultivation
file_14024,partly_cloudy primary
file_14025,partly_cloudy primary
file_14026,clear primary
file_14027,clear primary agriculture road
file_14028,clear primary blooming
file_14029,partly_cloudy primary
file_14030,clear primary agriculture water cultivation
file_14031,clear primary agriculture road
file_14032,clear primary water road selective_logging
file_14033,clear primary
file_14034,clear haze primary agriculture water habitation road
file_14035,clear primary
file_14036,haze cloudy primary water
file_14037,clear primary agriculture cultivation
file_14038,clear primary agriculture road
file_14039,clear primary water road
file_14040,cloudy
file_14041,clear primary agriculture road
file_14042,clear primary
file_14043,clear primary water
file_14044,partly_cloudy primary agriculture cultivation habitation road
file_14045,partly_cloudy primary
file_14046,haze primary agriculture water road
file_14047,clear primary agriculture habitation road
file_14048,clear primary
file_14049,clear primary
file_14050,clear primary agriculture cultivation
file_14051,clear primary agriculture road
file_14052,clear primary water
file_14053,haze primary water
file_14054,clear primary agriculture cultivation
file_14055,clear primary agriculture cultivation
file_14056,clear primary agriculture road
file_14057,partly_cloudy primary
file_14058,partly_cloudy primary agriculture cultivation
file_14059,cloudy
file_14060,clear primary
file_14061,cloudy
file_14062,clear primary
file_14063,clear primary agriculture water bare_ground
file_14064,clear primary water bare_ground artisinal_mine
file_14065,clear primary
file_14066,clear primary
file_14067,clear primary
file_14068,clear primary agriculture cultivation
file_14069,clear primary agriculture
file_14070,clear primary
file_14071,partly_cloudy primary
file_14072,clear primary agriculture water cultivation
file_14073,clear primary
file_14074,clear primary
file_14075,clear haze primary
file_14076,clear partly_cloudy primary
file_14077,clear primary water
file_14078,clear primary agriculture cultivation
file_14079,partly_cloudy cloudy primary
file_14080,partly_cloudy primary
file_14081,clear primary agriculture cultivation
file_14082,clear primary
file_14083,partly_cloudy primary agriculture road
file_14084,clear primary
file_14085,clear primary
file_14086,clear primary
file_14087,clear cloudy primary water
file_14088,clear primary water road selective_logging
file_14089,clear primary water artisinal_mine
file_14090,partly_cloudy primary
file_14091,clear partly_cloudy primary agriculture water habitation road
file_14092,clear primary
file_14093,clear primary
file_14094,clear primary agriculture habitation road bare_ground
file_14095,partly_cloudy primary
file_14096,clear primary agriculture cultivation
file_14097,clear primary
file_14098,clear primary agriculture road
file_14099,clear primary agriculture cultivation
file_14100,clear primary
file_14101,clear primary agriculture cultivation
file_14102,clear primary agriculture cultivation
file_14103,clear primary water
file_14104,clear partly_cloudy primary
file_14105,clear primary
file_14106,partly_cloudy primary
file_14107,clear primary water
file_14108,partly_cloudy primary agriculture water
file_14109,clear primary agriculture cultivation habitation road
file_14110,clear primary
file_14111,partly_cloudy primary
file_14112,clear primary
file_14113,clear primary agriculture bare_ground
file_14114,clear primary agriculture cultivation
file_14115,partly_cloudy primary
file_14116,clear partly_cloudy primary agriculture cultivation
file_14117,clear primary agriculture cultivation
file_14118,clear haze primary agriculture water cultivation
file_14119,clear primary
file_14120,clear primary
file_14121,clear primary agriculture cultivation habitation road
file_14122,clear primary agriculture water cultivation
file_14123,clear primary agriculture cultivation
file_14124,clear haze primary agriculture cultivation
file_14125,partly_cloudy primary water
file_14126,clear primary agriculture road
file_14127,clear primary agriculture water habitation road
file_14128,partly_cloudy primary
file_14129,clear primary
file_14130,clear primary
file_14131,clear primary agriculture water road
file_14132,partly_cloudy primary agriculture habitation road
file_14133,clear primary agriculture road bare_ground
file_14134,clear primary agriculture water
file_14135,clear primary water road
file_14136,clear primary
file_14137,clear primary
file_14138,clear primary agriculture habitation road
file_14139,cloudy
file_14140,clear primary
file_14141,clear primary
file_14142,clear primary
file_14143,clear primary
file_14144,clear primary
file_14145,clear primary
file_14146,partly_cloudy primary
file_14147,clear primary agriculture road
file_14148,haze primary
file_14149,partly_cloudy primary
file_14150,clear primary agriculture water cultivation
file_14151,clear primary agriculture road
file_14152,partly_cloudy cloudy primary
file_14153,partly_cloudy primary
file_14154,clear primary
file_14155,partly_cloudy cloudy primary water
file_14156,clear primary agriculture water cultivation road
file_14157,clear primary agriculture water cultivation
file_14158,partly_cloudy primary agriculture habitation road
file_14159,clear primary
file_14160,clear primary agriculture habitation road
file_14161,clear primary agriculture cultivation
file_14162,partly_cloudy primary agriculture road
file_14163,clear primary habitation road
file_14164,clear primary agriculture cultivation
file_14165,clear primary agriculture cultivation road
file_14166,clear primary water
file_14167,clear primary water road selective_logging
file_14168,clear primary
file_14169,clear primary
file_14170,partly_cloudy primary
file_14171,clear primary agriculture road
file_14172,clear primary agriculture cultivation habitation
file_14173,clear primary agriculture water cultivation road
file_14174,clear primary agriculture road
file_14175,clear primary
file_14176,clear primary agriculture road
file_14177,clear primary
file_14178,clear primary
file_14179,clear partly_cloudy primary agriculture road
file_14180,clear primary agriculture cultivation
file_14181,clear partly_cloudy primary agriculture water
file_14182,haze cloudy primary
file_14183,clear primary agriculture road bare_ground
file_14184,clear primary
file_14185,clear primary
file_14186,clear primary agriculture water cultivation
file_14187,clear primary agriculture cultivation habitation road
file_14188,clear primary
file_14189,clear primary
file_14190,clear primary agriculture habitation road
file_14191,clear primary agriculture water cultivation road
file_14192,clear primary
file_14193,clear primary agriculture water road
file_14194,clear primary agriculture water cultivation habitation road
file_14195,clear primary
file_14196,clear primary agriculture water road
file_14197,partly_cloudy primary
file_14198,clear partly_cloudy primary agriculture cultivation road
file_14199,clear primary water
file_14200,clear primary agriculture water road
file_14201,clear primary agriculture cultivation
file_14202,clear primary
file_14203,clear primary
file_14204,clear primary
file_14205,clear partly_cloudy primary
file_14206,clear primary agriculture water cultivation
file_14207,clear primary agriculture habitation road
file_14208,clear primary agriculture habitation road
file_14209,clear primary water artisinal_mine
file_14210,clear primary water road
file_14211,clear primary
file_14212,clear primary
file_14213,clear primary
file_14214,clear primary
file_14215,clear primary
file_14216,clear primary agriculture road
file_14217,clear primary water
file_14218,clear primary
file_14219,clear primary agriculture water cultivation habitation road
file_14220,clear primary agriculture road
file_14221,clear primary agriculture road
file_14222,clear primary
file_14223,clear cloudy water
file_14224,clear primary
file_14225,clear primary agriculture
file_14226,clear primary agriculture cultivation road
file_14227,clear primary agriculture habitation road
file_14228,partly_cloudy primary agriculture water cultivation
file_14229,partly_cloudy primary
file_14230,partly_cloudy primary agriculture water road
file_14231,clear primary
file_14232,clear primary agriculture water cultivation
file_14233,clear primary water
file_14234,clear primary
file_14235,clear primary blooming
file_14236,partly_cloudy cloudy primary
file_14237,clear primary
file_14238,clear primary
file_14239,clear primary agriculture habitation road
file_14240,haze partly_cloudy primary agriculture water road
file_14241,clear primary agriculture cultivation
file_14242,clear primary
file_14243,clear primary agriculture habitation road
file_14244,clear primary
file_14245,clear primary
file_14246,clear primary
file_14247,clear primary water road
file_14248,haze cloudy
file_14249,clear primary agriculture habitation road
file_14250,clear primary
file_14251,clear primary
file_14252,clear primary agriculture
file_14253,haze primary water
file_14254,clear primary agriculture habitation road
file_14255,partly_cloudy primary
file_14256,clear primary
file_14257,clear primary agriculture road
file_14258,clear primary blooming
file_14259,clear primary agriculture water habitation road
file_14260,clear primary agriculture cultivation
file_14261,clear primary
file_14262,clear haze primary agriculture road
file_14263,clear primary
file_14264,clear primary
file_14265,haze cloudy primary
file_14266,clear primary agriculture water road
file_14267,clear primary
file_14268,clear primary
file_14269,partly_cloudy primary agriculture water cultivation road
file_14270,clear primary
file_14271,clear primary
file_14272,partly_cloudy primary agriculture water
file_14273,clear primary habitation road
file_14274,clear primary agriculture water
file_14275,cloudy
file_14276,clear primary agriculture bare_ground
file_14277,clear partly_cloudy primary agriculture
file_14278,clear primary
file_14279,partly_cloudy primary agriculture cultivation
file_14280,clear primary
file_14281,clear primary
file_14282,haze primary agriculture water cultivation
file_14283,partly_cloudy primary
file_14284,clear primary
file_14285,clear primary
file_14286,clear primary agriculture water road
file_14287,clear primary agriculture cultivation
file_14288,partly_cloudy primary
file_14289,partly_cloudy primary agriculture road
file_14290,clear primary agriculture cultivation habitation
file_14291,haze primary
file_14292,partly_cloudy primary
file_14293,partly_cloudy primary
file_14294,partly_cloudy cloudy primary
file_14295,clear primary habitation road
file_14296,clear primary water
file_14297,clear primary agriculture road
file_14298,partly_cloudy primary agriculture water road
file_14299,partly_cloudy primary agriculture water
file_14300,cloudy
file_14301,clear haze primary agriculture water cultivation habitation road
file_14302,clear primary
file_14303,clear primary
file_14304,clear primary agriculture road
file_14305,clear primary
file_14306,clear primary
file_14307,clear primary agriculture water habitation road
file_14308,partly_cloudy primary
file_14309,clear haze primary
file_14310,clear primary agriculture water cultivation habitation road
file_14311,clear primary agriculture cultivation road
file_14312,clear primary
file_14313,clear primary
file_14314,clear primary water bare_ground artisinal_mine
file_14315,clear primary
file_14316,haze primary
file_14317,partly_cloudy primary agriculture habitation road
file_14318,cloudy
file_14319,cloudy
file_14320,clear primary water
file_14321,clear primary agriculture cultivation road
file_14322,clear primary agriculture habitation road
file_14323,clear primary agriculture water cultivation road
file_14324,clear primary agriculture habitation road
file_14325,clear primary
file_14326,clear primary water
file_14327,clear primary
file_14328,clear primary water
file_14329,clear primary agriculture water cultivation
file_14330,clear primary water road
file_14331,partly_cloudy primary agriculture
file_14332,clear primary blooming selective_logging
file_14333,partly_cloudy primary agriculture cultivation
file_14334,clear primary
file_14335,clear primary
file_14336,clear primary agriculture cultivation road
file_14337,clear primary agriculture road
file_14338,clear primary water conventional_mine bare_ground artisinal_mine
file_14339,haze primary
file_14340,partly_cloudy primary
file_14341,clear primary
file_14342,partly_cloudy primary water
file_14343,clear primary water
file_14344,clear primary
file_14345,partly_cloudy primary
file_14346,partly_cloudy primary agriculture cultivation
file_14347,clear primary blooming
file_14348,cloudy water
file_14349,clear partly_cloudy primary agriculture habitation road
file_14350,partly_cloudy primary agriculture road
file_14351,clear primary agriculture cultivation
file_14352,clear primary
file_14353,clear partly_cloudy primary agriculture cultivation road
file_14354,partly_cloudy primary agriculture water road
file_14355,clear primary agriculture water
file_14356,partly_cloudy primary
file_14357,clear primary
file_14358,partly_cloudy primary
file_14359,clear primary agriculture habitation road
file_14360,partly_cloudy cloudy primary road
file_14361,partly_cloudy primary agriculture cultivation
file_14362,partly_cloudy primary agriculture road
file_14363,clear primary agriculture cultivation
file_14364,clear primary agriculture cultivation habitation
file_14365,clear primary
file_14366,cloudy
file_14367,clear primary
file_14368,clear primary agriculture cultivation
file_14369,clear primary
file_14370,clear primary agriculture water
file_14371,clear primary agriculture cultivation
file_14372,haze cloudy primary
file_14373,clear primary
file_14374,haze cloudy primary
file_14375,haze cloudy primary
file_14376,clear primary agriculture cultivation
file_14377,partly_cloudy primary agriculture road
file_14378,partly_cloudy primary agriculture road
file_14379,clear primary
file_14380,clear primary
file_14381,clear partly_cloudy primary agriculture cultivation
file_14382,clear primary agriculture cultivation
file_14383,clear primary agriculture habitation road bare_ground
file_14384,partly_cloudy primary
file_14385,clear primary agriculture cultivation habitation road
file_14386,clear primary agriculture habitation road
file_14387,clear primary
file_14388,clear primary agriculture road
file_14389,clear primary agriculture
file_14390,clear primary agriculture road
file_14391,clear primary agriculture water cultivation habitation
file_14392,clear primary agriculture road
file_14393,partly_cloudy primary water
file_14394,clear primary agriculture cultivation road
file_14395,partly_cloudy primary agriculture cultivation
file_14396,clear primary
file_14397,cloudy
file_14398,cloudy
file_14399,clear primary agriculture road
file_14400,clear primary
file_14401,clear primary agriculture habitation road
file_14402,clear primary water artisinal_mine
file_14403,clear primary
file_14404,clear primary agriculture water habitation road
file_14405,clear primary
file_14406,clear primary agriculture cultivation
file_14407,clear primary
file_14408,partly_cloudy primary
file_14409,partly_cloudy primary
file_14410,clear primary agriculture water
file_14411,clear primary
file_14412,clear haze primary agriculture water road
file_14413,clear primary agriculture cultivation
file_14414,partly_cloudy primary
file_14415,clear primary agriculture cultivation habitation road
file_14416,partly_cloudy primary agriculture cultivation
file_14417,partly_cloudy primary
file_14418,haze primary
file_14419,clear primary agriculture water
file_14420,haze primary agriculture
file_14421,partly_cloudy primary
file_14422,clear primary water road selective_logging
file_14423,clear primary
file_14424,clear primary agriculture water
file_14425,clear primary
file_14426,haze primary agriculture cultivation
file_14427,clear primary
file_14428,clear primary
file_14429,clear primary water road
file_14430,clear primary agriculture habitation road
file_14431,clear primary
file_14432,clear primary agriculture water cultivation
file_14433,haze primary
file_14434,clear primary
file_14435,haze cloudy primary
file_14436,clear partly_cloudy primary agriculture water road
file_14437,clear primary agriculture water cultivation habitation road
file_14438,clear primary agriculture road
file_14439,clear primary
file_14440,clear haze primary water
file_14441,clear primary
file_14442,clear primary agriculture water habitation road
file_14443,clear partly_cloudy primary agriculture water
file_14444,haze cloudy primary
file_14445,clear primary
file_14446,partly_cloudy primary
file_14447,clear primary agriculture road
file_14448,clear primary
file_14449,clear primary
file_14450,clear primary
file_14451,clear partly_cloudy primary
file_14452,partly_cloudy primary agriculture cultivation
file_14453,clear primary
file_14454,clear haze primary
file_14455,clear primary agriculture habitation road
file_14456,clear primary
file_14457,partly_cloudy primary agriculture road
file_14458,clear primary
file_14459,clear primary agriculture water cultivation road
file_14460,clear primary agriculture road
file_14461,clear primary
file_14462,clear primary
file_14463,partly_cloudy primary water road
file_14464,clear primary
file_14465,clear primary water road selective_logging
file_14466,clear primary
file_14467,haze cloudy
file_14468,clear primary agriculture cultivation habitation road
file_14469,clear primary
file_14470,clear primary agriculture water road
file_14471,clear primary agriculture water cultivation habitation road
file_14472,clear primary agriculture water cultivation
file_14473,clear primary agriculture road
file_14474,haze cloudy primary
file_14475,cloudy
file_14476,clear primary water road
file_14477,clear primary water
file_14478,clear primary
file_14479,clear primary agriculture water habitation road
file_14480,clear primary
file_14481,clear primary agriculture cultivation
file_14482,clear primary agriculture cultivation
file_14483,clear primary agriculture habitation road
file_14484,clear primary
file_14485,clear primary
file_14486,clear primary water road
file_14487,clear primary
file_14488,clear primary agriculture habitation road
file_14489,clear primary
file_14490,clear primary agriculture water bare_ground
file_14491,clear primary agriculture road
file_14492,clear primary
file_14493,clear cloudy water
file_14494,clear primary
file_14495,clear primary
file_14496,clear primary agriculture habitation road
file_14497,clear primary agriculture water road
file_14498,partly_cloudy primary
file_14499,partly_cloudy primary
file_14500,clear primary
file_14501,clear primary agriculture water habitation road
file_14502,clear primary agriculture habitation road
file_14503,clear primary
file_14504,clear primary
file_14505,partly_cloudy primary agriculture
file_14506,clear primary
file_14507,partly_cloudy primary
file_14508,clear primary
file_14509,partly_cloudy primary agriculture road
file_14510,clear primary
file_14511,clear primary water road
file_14512,clear primary agriculture water cultivation road
file_14513,clear primary agriculture cultivation road
file_14514,partly_cloudy primary
file_14515,partly_cloudy cloudy primary
file_14516,clear primary blooming
file_14517,clear primary
file_14518,clear primary agriculture water
file_14519,clear primary agriculture road
file_14520,clear primary agriculture cultivation habitation road
file_14521,clear primary
file_14522,clear primary water
file_14523,clear primary agriculture water cultivation road
file_14524,clear primary agriculture habitation road
file_14525,clear primary
file_14526,haze primary
file_14527,clear primary
file_14528,clear haze primary agriculture cultivation
file_14529,clear primary agriculture water road
file_14530,clear cloudy water
file_14531,clear primary
file_14532,clear primary agriculture bare_ground
file_14533,clear primary
file_14534,clear primary
file_14535,clear haze primary agriculture road
file_14536,clear primary
file_14537,partly_cloudy primary
file_14538,clear primary
file_14539,partly_cloudy primary water
file_14540,clear primary agriculture habitation road
file_14541,haze cloudy primary
file_14542,clear primary water road
file_14543,clear primary agriculture road
file_14544,partly_cloudy cloudy primary
file_14545,clear primary water
file_14546,partly_cloudy primary agriculture cultivation road
file_14547,partly_cloudy primary agriculture water road
file_14548,clear primary water
file_14549,clear primary agriculture water cultivation habitation
file_14550,clear primary
file_14551,clear primary
file_14552,partly_cloudy primary agriculture road
file_14553,clear primary
file_14554,partly_cloudy primary agriculture road
file_14555,haze cloudy primary
file_14556,clear primary agriculture cultivation
file_14557,clear primary
file_14558,partly_cloudy primary
file_14559,clear primary
file_14560,clear primary
file_14561,clear primary agriculture habitation road
file_14562,partly_cloudy primary agriculture water road
file_14563,clear primary
file_14564,partly_cloudy primary agriculture road
file_14565,clear primary agriculture cultivation
file_14566,clear primary agriculture water
file_14567,clear primary
file_14568,clear primary
file_14569,clear primary
file_14570,clear primary agriculture cultivation road
file_14571,clear primary water
file_14572,clear primary road
file_14573,clear primary agriculture cultivation
file_14574,partly_cloudy primary
file_14575,clear primary agriculture water habitation
file_14576,clear primary agriculture habitation road
file_14577,partly_cloudy primary
file_14578,partly_cloudy primary
file_14579,clear partly_cloudy primary agriculture habitation road
file_14580,partly_cloudy primary
file_14581,clear primary blooming
file_14582,clear primary agriculture cultivation
file_14583,clear primary agriculture habitation road
file_14584,clear primary
file_14585,clear primary agriculture road
file_14586,clear primary
file_14587,clear primary
file_14588,clear primary agriculture water cultivation
file_14589,clear primary
file_14590,clear primary water
file_14591,clear primary agriculture water road
file_14592,clear primary agriculture water
file_14593,clear primary agriculture water bare_ground
file_14594,clear haze primary agriculture road
file_14595,clear primary
file_14596,clear primary water road
file_14597,clear primary water road
file_14598,clear primary agriculture water cultivation road
file_14599,clear primary
file_14600,clear primary
file_14601,partly_cloudy primary agriculture road
file_14602,clear primary
file_14603,clear primary
file_14604,partly_cloudy primary agriculture water road
file_14605,clear primary
file_14606,clear primary
file_14607,partly_cloudy primary agriculture cultivation
file_14608,partly_cloudy primary agriculture water road
file_14609,clear primary
file_14610,clear primary
file_14611,clear primary agriculture water
file_14612,clear primary water
file_14613,partly_cloudy primary
file_14614,clear primary agriculture
file_14615,clear partly_cloudy primary agriculture cultivation
file_14616,clear primary
file_14617,clear primary
file_14618,clear haze primary
file_14619,clear haze primary agriculture road
file_14620,clear primary
file_14621,clear haze primary
file_14622,clear primary
file_14623,clear primary
file_14624,clear primary agriculture habitation road
file_14625,clear primary
file_14626,clear primary
file_14627,clear primary
file_14628,haze primary agriculture water road
file_14629,clear primary
file_14630,clear primary agriculture habitation road
file_14631,clear primary agriculture water cultivation road
file_14632,clear primary
file_14633,clear primary agriculture cultivation
file_14634,partly_cloudy primary
file_14635,clear primary
file_14636,partly_cloudy primary agriculture water cultivation
file_14637,clear primary
file_14638,clear primary
file_14639,clear partly_cloudy primary agriculture water
file_14640,clear primary water
file_14641,clear primary
file_14642,clear primary agriculture cultivation road
file_14643,clear primary
file_14644,partly_cloudy primary agriculture cultivation habitation road
file_14645,partly_cloudy primary
file_14646,clear primary agriculture road
file_14647,clear primary agriculture water cultivation
file_14648,clear primary water
file_14649,clear cloudy primary water
file_14650,clear primary
file_14651,partly_cloudy primary agriculture cultivation habitation road
file_14652,partly_cloudy primary
file_14653,clear primary blooming
file_14654,clear partly_cloudy primary agriculture cultivation habitation road
file_14655,clear primary
file_14656,clear primary water road selective_logging
file_14657,partly_cloudy primary agriculture road
file_14658,partly_cloudy primary
file_14659,clear primary agriculture bare_ground
file_14660,clear haze primary agriculture water habitation road
file_14661,partly_cloudy primary agriculture road
file_14662,clear primary
file_14663,clear primary
file_14664,clear primary agriculture road
file_14665,partly_cloudy primary agriculture water
file_14666,clear primary water
file_14667,clear primary
file_14668,clear primary
file_14669,clear primary agriculture cultivation
file_14670,clear primary agriculture habitation road
file_14671,clear primary
file_14672,clear primary
file_14673,clear primary
file_14674,clear primary water road
file_14675,clear primary water habitation road
file_14676,clear primary
file_14677,clear primary agriculture water
file_14678,clear primary agriculture water
file_14679,clear primary water road selective_logging
file_14680,clear primary
file_14681,clear primary
file_14682,clear primary
file_14683,clear haze primary
file_14684,haze cloudy primary
file_14685,clear primary agriculture water
file_14686,clear primary agriculture habitation road
file_14687,clear primary water
file_14688,clear primary
file_14689,partly_cloudy primary water road
file_14690,clear primary agriculture water cultivation
file_14691,clear primary agriculture cultivation
file_14692,clear primary
file_14693,clear primary
file_14694,clear primary
file_14695,clear primary
file_14696,clear primary agriculture water habitation road
file_14697,clear primary
file_14698,clear primary agriculture
file_14699,clear primary agriculture water road
file_14700,clear primary agriculture cultivation habitation road
file_14701,clear primary agriculture cultivation
file_14702,clear primary agriculture cultivation habitation road
file_14703,partly_cloudy primary agriculture water road
file_14704,partly_cloudy primary agriculture water cultivation road
file_14705,partly_cloudy primary
file_14706,clear primary
file_14707,clear primary agriculture road
file_14708,partly_cloudy primary agriculture road
file_14709,clear primary
file_14710,clear primary
file_14711,haze primary water
file_14712,clear primary
file_14713,clear primary agriculture road
file_14714,clear primary agriculture water cultivation
file_14715,clear partly_cloudy primary agriculture
file_14716,clear primary agriculture road
file_14717,clear haze primary agriculture habitation road
file_14718,cloudy
file_14719,cloudy
file_14720,clear primary habitation road
file_14721,partly_cloudy primary agriculture road
file_14722,clear primary
file_14723,clear primary agriculture cultivation
file_14724,clear primary
file_14725,clear primary
file_14726,clear primary
file_14727,clear primary
file_14728,clear primary
file_14729,clear primary
file_14730,partly_cloudy primary
file_14731,clear primary agriculture water cultivation road
file_14732,clear primary
file_14733,partly_cloudy primary
file_14734,clear primary water road
file_14735,partly_cloudy primary agriculture road
file_14736,partly_cloudy primary
file_14737,cloudy
file_14738,clear primary agriculture water cultivation road
file_14739,clear primary
file_14740,clear primary agriculture water cultivation habitation road
file_14741,partly_cloudy cloudy primary
file_14742,clear primary agriculture habitation road
file_14743,clear primary water road
file_14744,clear primary
file_14745,clear partly_cloudy primary agriculture road
file_14746,clear primary agriculture habitation road
file_14747,clear primary blooming
file_14748,clear cloudy water
file_14749,clear primary
file_14750,clear primary agriculture
file_14751,clear primary agriculture cultivation habitation road
file_14752,partly_cloudy primary
file_14753,clear primary agriculture water cultivation habitation road bare_ground
file_14754,partly_cloudy primary
file_14755,clear primary
file_14756,clear primary
file_14757,clear primary
file_14758,partly_cloudy primary
file_14759,partly_cloudy primary agriculture cultivation
file_14760,clear primary agriculture road
file_14761,clear primary water
file_14762,clear primary agriculture cultivation
file_14763,clear partly_cloudy primary agriculture road
file_14764,clear primary agriculture road
file_14765,clear partly_cloudy primary
file_14766,clear primary agriculture water
file_14767,partly_cloudy primary
file_14768,clear primary
file_14769,clear primary agriculture road
file_14770,clear primary agriculture water cultivation
file_14771,clear primary
file_14772,clear primary water road
file_14773,clear primary agriculture habitation road
file_14774,clear primary agriculture water road bare_ground
file_14775,clear primary
file_14776,clear primary water bare_ground artisinal_mine
file_14777,clear primary water road
file_14778,clear primary agriculture habitation road
file_14779,partly_cloudy primary
file_14780,haze cloudy primary
file_14781,clear primary water habitation
file_14782,clear primary
file_14783,clear primary agriculture road
file_14784,clear primary
file_14785,clear primary agriculture road
file_14786,partly_cloudy primary
file_14787,clear primary agriculture road
file_14788,clear primary
file_14789,clear primary
file_14790,clear primary agriculture water habitation road
file_14791,clear primary
file_14792,clear primary agriculture road
file_14793,clear primary agriculture road
file_14794,cloudy
file_14795,clear primary
file_14796,clear primary
file_14797,clear primary agriculture cultivation
file_14798,clear primary agriculture water cultivation
file_14799,clear primary agriculture habitation road
file_14800,partly_cloudy primary
file_14801,clear primary
file_14802,clear primary agriculture road bare_ground
file_14803,clear primary
file_14804,clear partly_cloudy primary
file_14805,clear primary road selective_logging
file_14806,clear primary
file_14807,clear primary
file_14808,clear primary agriculture water cultivation habitation road
file_14809,clear primary agriculture water road
file_14810,clear primary agriculture
file_14811,clear primary
file_14812,clear primary
file_14813,partly_cloudy primary
file_14814,clear partly_cloudy primary
file_14815,clear primary agriculture road
file_14816,cloudy
file_14817,clear partly_cloudy primary agriculture road
file_14818,clear haze primary agriculture water
file_14819,clear primary
file_14820,clear primary agriculture water road
file_14821,clear primary agriculture water
file_14822,clear primary agriculture cultivation
file_14823,partly_cloudy primary agriculture road
file_14824,clear partly_cloudy primary
file_14825,clear primary
file_14826,clear primary
file_14827,clear primary water
file_14828,clear primary agriculture water
file_14829,clear primary agriculture water road
file_14830,clear primary
file_14831,clear primary
file_14832,clear primary agriculture bare_ground
file_14833,clear primary agriculture water
file_14834,clear primary
file_14835,clear primary agriculture habitation road
file_14836,clear primary
file_14837,clear primary
file_14838,clear primary agriculture water cultivation habitation
file_14839,clear primary
file_14840,partly_cloudy primary agriculture road
file_14841,clear primary agriculture cultivation habitation road
file_14842,clear primary agriculture water
file_14843,haze cloudy primary
file_14844,partly_cloudy primary
file_14845,partly_cloudy primary
file_14846,clear primary agriculture water habitation road
file_14847,clear primary
file_14848,partly_cloudy primary water
file_14849,partly_cloudy primary agriculture cultivation
file_14850,clear primary
file_14851,haze primary
file_14852,clear primary agriculture cultivation road
file_14853,partly_cloudy primary
file_14854,clear primary
file_14855,clear primary water road
file_14856,partly_cloudy primary agriculture habitation road
file_14857,partly_cloudy primary
file_14858,clear primary agriculture road
file_14859,clear primary agriculture
file_14860,clear primary agriculture water cultivation road
file_14861,clear primary
file_14862,clear partly_cloudy primary agriculture habitation road
file_14863,partly_cloudy primary
file_14864,clear primary agriculture water cultivation habitation
file_14865,clear primary
file_14866,clear primary blooming
file_14867,haze primary agriculture cultivation
file_14868,haze primary agriculture water cultivation
file_14869,clear primary
file_14870,clear primary agriculture water cultivation habitation road
file_14871,clear primary
file_14872,clear primary agriculture cultivation habitation road
file_14873,clear primary agriculture cultivation
file_14874,haze cloudy
file_14875,clear primary
file_14876,partly_cloudy primary
file_14877,haze primary water
file_14878,clear primary agriculture cultivation
file_14879,clear primary
file_14880,clear primary
file_14881,clear primary
file_14882,clear primary water
file_14883,clear primary agriculture water habitation road bare_ground
file_14884,clear primary
file_14885,clear primary
file_14886,clear primary water road
file_14887,clear haze primary agriculture
file_14888,clear partly_cloudy primary water
file_14889,clear primary agriculture water road
file_14890,clear primary
file_14891,clear partly_cloudy primary
file_14892,clear primary agriculture road
file_14893,partly_cloudy primary agriculture road
file_14894,clear primary
file_14895,clear primary
file_14896,clear haze primary agriculture
file_14897,clear primary agriculture habitation
file_14898,clear primary agriculture cultivation road
file_14899,clear primary
file_14900,clear primary
file_14901,clear primary
file_14902,clear primary
file_14903,partly_cloudy primary
file_14904,clear primary
file_14905,clear primary agriculture cultivation
file_14906,clear primary agriculture water road
file_14907,clear primary agriculture
file_14908,clear primary agriculture
file_14909,partly_cloudy primary
file_14910,clear primary
file_14911,clear primary
file_14912,clear primary agriculture cultivation habitation road
file_14913,clear primary
file_14914,clear partly_cloudy primary
file_14915,clear primary
file_14916,clear primary
file_14917,clear primary water
file_14918,clear primary
file_14919,clear primary
file_14920,clear primary agriculture road bare_ground
file_14921,clear partly_cloudy primary
file_14922,clear primary agriculture road
file_14923,haze cloudy
file_14924,partly_cloudy primary water
file_14925,clear primary water
file_14926,cloudy
file_14927,partly_cloudy primary
file_14928,clear primary water road bare_ground artisinal_mine
file_14929,haze partly_cloudy primary agriculture
file_14930,clear cloudy water
file_14931,partly_cloudy primary
file_14932,clear primary agriculture water road
file_14933,partly_cloudy primary
file_14934,partly_cloudy primary
file_14935,clear primary
file_14936,partly_cloudy primary
file_14937,clear primary agriculture water road
file_14938,clear primary
file_14939,clear primary
file_14940,clear primary
file_14941,clear primary
file_14942,clear primary agriculture cultivation habitation road
file_14943,clear primary
file_14944,clear primary agriculture water cultivation road
file_14945,clear primary
file_14946,partly_cloudy primary agriculture
file_14947,partly_cloudy primary agriculture water
file_14948,partly_cloudy primary
file_14949,partly_cloudy primary agriculture habitation road
file_14950,clear cloudy water
file_14951,clear primary agriculture cultivation habitation road
file_14952,partly_cloudy primary agriculture water road
file_14953,clear primary agriculture cultivation
file_14954,clear primary agriculture cultivation
file_14955,cloudy
file_14956,partly_cloudy primary
file_14957,clear primary water
file_14958,haze primary agriculture water habitation road
file_14959,clear primary
file_14960,clear primary agriculture cultivation
file_14961,clear primary habitation road
file_14962,clear primary water road selective_logging
file_14963,clear primary water
file_14964,haze cloudy primary
file_14965,clear primary
file_14966,clear cloudy water
file_14967,clear partly_cloudy primary
file_14968,clear primary
file_14969,clear primary agriculture habitation road
file_14970,clear primary
file_14971,haze primary
file_14972,clear primary
file_14973,clear primary agriculture cultivation
file_14974,clear primary agriculture cultivation habitation
file_14975,clear primary
file_14976,partly_cloudy primary
file_14977,clear primary agriculture cultivation road
file_14978,haze cloudy
file_14979,partly_cloudy cloudy primary
file_14980,clear primary
file_14981,clear primary
file_14982,clear primary
file_14983,partly_cloudy primary water road
file_14984,haze cloudy primary
file_14985,cloudy
file_14986,clear primary water
file_14987,partly_cloudy primary
file_14988,partly_cloudy primary
file_14989,partly_cloudy primary
file_14990,clear agriculture water bare_ground
file_14991,clear primary
file_14992,clear primary agriculture road
file_14993,clear primary agriculture habitation road
file_14994,clear primary
file_14995,clear primary
file_14996,clear primary
file_14997,clear primary water
file_14998,clear primary water artisinal_mine
file_14999,clear primary
file_15000,partly_cloudy primary agriculture water cultivation road
file_15001,clear primary
file_15002,clear primary
file_15003,partly_cloudy primary agriculture
file_15004,clear primary
file_15005,clear primary
file_15006,clear primary
file_15007,partly_cloudy primary agriculture
file_15008,clear primary water
file_15009,haze cloudy primary
file_15010,clear primary agriculture water cultivation
file_15011,partly_cloudy primary
file_15012,clear primary
file_15013,partly_cloudy primary agriculture road
file_15014,clear primary agriculture road
file_15015,clear primary
file_15016,clear primary water
file_15017,clear primary
file_15018,clear haze primary agriculture
file_15019,clear primary agriculture cultivation
file_15020,clear primary
file_15021,partly_cloudy primary
file_15022,clear primary agriculture
file_15023,clear primary
file_15024,clear cloudy water
file_15025,clear primary agriculture habitation road
file_15026,partly_cloudy primary
file_15027,clear partly_cloudy primary water
file_15028,haze primary
file_15029,clear primary agriculture cultivation
file_15030,partly_cloudy primary water
file_15031,clear primary
file_15032,clear primary
file_15033,clear primary
file_15034,partly_cloudy primary agriculture
file_15035,clear primary
file_15036,partly_cloudy primary agriculture road
file_15037,clear primary agriculture water road
file_15038,clear primary water road
file_15039,clear cloudy water
file_15040,clear primary
file_15041,clear partly_cloudy primary
file_15042,clear primary
file_15043,clear primary agriculture cultivation
file_15044,partly_cloudy primary
file_15045,clear partly_cloudy primary agriculture
file_15046,haze cloudy
file_15047,clear primary
file_15048,clear primary agriculture habitation road
file_15049,clear primary agriculture water cultivation road
file_15050,clear primary
file_15051,clear primary
file_15052,partly_cloudy primary agriculture road
file_15053,partly_cloudy primary agriculture water
file_15054,clear primary agriculture water habitation road
file_15055,clear haze primary agriculture
file_15056,clear primary
file_15057,haze cloudy primary
file_15058,clear primary
file_15059,clear primary
file_15060,clear primary
file_15061,clear primary
file_15062,clear haze primary
file_15063,clear primary
file_15064,clear primary agriculture cultivation
file_15065,clear primary blooming selective_logging
file_15066,partly_cloudy primary
file_15067,clear primary
file_15068,clear primary agriculture cultivation
file_15069,haze primary
file_15070,clear primary
file_15071,cloudy
file_15072,clear primary agriculture cultivation habitation road
file_15073,clear primary agriculture habitation road
file_15074,clear primary agriculture habitation road
file_15075,partly_cloudy primary agriculture water habitation
file_15076,partly_cloudy primary
file_15077,clear partly_cloudy primary agriculture water habitation road
file_15078,clear primary agriculture cultivation
file_15079,partly_cloudy primary agriculture cultivation
file_15080,cloudy
file_15081,clear primary agriculture water
file_15082,clear primary agriculture cultivation habitation road
file_15083,clear primary
file_15084,haze cloudy
file_15085,clear primary agriculture
file_15086,clear primary
file_15087,clear primary agriculture road
file_15088,clear primary
file_15089,clear primary agriculture habitation road
file_15090,clear primary agriculture habitation road
file_15091,clear primary
file_15092,clear primary agriculture water habitation road
file_15093,clear primary agriculture cultivation habitation road
file_15094,clear primary agriculture road
file_15095,clear primary agriculture cultivation
file_15096,clear primary
file_15097,clear primary agriculture cultivation habitation road
file_15098,haze primary
file_15099,clear primary agriculture
file_15100,partly_cloudy primary agriculture road
file_15101,clear primary agriculture cultivation
file_15102,haze primary
file_15103,clear primary
file_15104,clear primary
file_15105,clear primary
file_15106,clear primary agriculture water cultivation
file_15107,clear primary
file_15108,clear primary
file_15109,clear primary agriculture water cultivation
file_15110,partly_cloudy primary
file_15111,clear primary agriculture cultivation habitation road
file_15112,clear primary agriculture road
file_15113,clear primary
file_15114,clear primary
file_15115,clear primary water
file_15116,partly_cloudy primary
file_15117,clear primary
file_15118,clear partly_cloudy cloudy primary agriculture water
file_15119,clear primary
file_15120,clear primary agriculture water habitation road
file_15121,clear primary
file_15122,clear primary agriculture habitation road bare_ground
file_15123,partly_cloudy primary
file_15124,clear primary agriculture habitation road
file_15125,partly_cloudy primary
file_15126,partly_cloudy primary agriculture cultivation
file_15127,partly_cloudy primary agriculture road
file_15128,clear primary agriculture water road
file_15129,clear primary
file_15130,clear primary agriculture road
file_15131,clear primary agriculture water habitation road
file_15132,clear primary
file_15133,clear primary agriculture cultivation habitation road
file_15134,clear primary agriculture cultivation
file_15135,partly_cloudy primary agriculture cultivation
file_15136,cloudy
file_15137,partly_cloudy primary water
file_15138,clear primary
file_15139,clear primary agriculture road
file_15140,partly_cloudy primary agriculture
file_15141,clear primary agriculture cultivation
file_15142,clear primary
file_15143,clear cloudy primary water
file_15144,clear primary water road bare_ground artisinal_mine
file_15145,clear primary water bare_ground artisinal_mine
file_15146,clear primary water
file_15147,clear haze primary agriculture water habitation road
file_15148,clear primary blooming
file_15149,cloudy
file_15150,clear primary
file_15151,partly_cloudy primary
file_15152,clear primary
file_15153,clear primary agriculture water cultivation road
file_15154,clear primary agriculture cultivation habitation road
file_15155,clear primary
file_15156,clear primary
file_15157,clear primary
file_15158,clear primary agriculture water road
file_15159,clear primary
file_15160,clear primary agriculture cultivation
file_15161,partly_cloudy cloudy primary
file_15162,clear primary
file_15163,clear primary
file_15164,clear primary water
file_15165,clear primary agriculture cultivation habitation road
file_15166,clear partly_cloudy primary agriculture cultivation habitation road
file_15167,haze primary water
file_15168,clear primary agriculture water cultivation habitation
file_15169,clear haze primary agriculture cultivation
file_15170,clear primary
file_15171,clear primary agriculture road
file_15172,clear primary agriculture cultivation habitation road
file_15173,clear primary
file_15174,clear primary agriculture cultivation
file_15175,clear partly_cloudy primary
file_15176,clear primary
file_15177,clear primary
file_15178,clear primary agriculture cultivation
file_15179,partly_cloudy cloudy
file_15180,clear primary agriculture cultivation
file_15181,clear primary
file_15182,clear primary water road
file_15183,clear primary agriculture
file_15184,clear primary
file_15185,haze primary
file_15186,clear primary agriculture cultivation
file_15187,partly_cloudy primary agriculture road
file_15188,clear primary water
file_15189,clear primary agriculture cultivation habitation road
file_15190,clear primary water artisinal_mine
file_15191,clear primary
file_15192,partly_cloudy primary
file_15193,clear primary
file_15194,clear primary
file_15195,clear primary agriculture habitation road bare_ground
file_15196,clear primary
file_15197,haze cloudy primary
file_15198,partly_cloudy cloudy primary
file_15199,clear primary agriculture cultivation
file_15200,haze cloudy
file_15201,clear primary
file_15202,clear primary agriculture water road
file_15203,clear primary agriculture water habitation road
file_15204,clear primary agriculture
file_15205,clear primary agriculture water habitation road
file_15206,clear primary
file_15207,clear primary agriculture road
file_15208,clear primary agriculture cultivation
file_15209,partly_cloudy primary
file_15210,clear primary
file_15211,clear primary
file_15212,clear primary agriculture water cultivation habitation road
file_15213,clear primary agriculture cultivation
file_15214,clear primary
file_15215,clear primary
file_15216,clear primary agriculture road
file_15217,clear haze primary agriculture cultivation habitation
file_15218,partly_cloudy primary
file_15219,partly_cloudy primary agriculture cultivation
file_15220,clear primary
file_15221,clear primary
file_15222,clear primary
file_15223,clear primary
file_15224,clear primary
file_15225,clear primary
file_15226,partly_cloudy primary agriculture cultivation
file_15227,clear haze primary agriculture water cultivation road
file_15228,clear primary water road
file_15229,clear partly_cloudy primary water
file_15230,clear cloudy primary water
file_15231,clear primary
file_15232,haze cloudy primary
file_15233,clear primary
file_15234,clear primary
file_15235,partly_cloudy primary
file_15236,clear primary
file_15237,clear primary water artisinal_mine
file_15238,clear primary
file_15239,clear primary water
file_15240,clear primary
file_15241,clear cloudy primary water
file_15242,partly_cloudy primary
file_15243,clear primary
file_15244,clear primary
file_15245,clear primary agriculture habitation road
file_15246,clear primary agriculture water habitation road bare_ground artisinal_mine
file_15247,clear primary
file_15248,clear primary
file_15249,clear primary
file_15250,haze cloudy
file_15251,clear primary agriculture bare_ground
file_15252,clear primary water road
file_15253,clear primary agriculture cultivation road
file_15254,clear primary agriculture cultivation
file_15255,partly_cloudy primary agriculture water
file_15256,clear primary
file_15257,haze partly_cloudy primary agriculture cultivation
file_15258,clear primary agriculture cultivation habitation road
file_15259,clear primary
file_15260,clear primary
file_15261,partly_cloudy primary agriculture cultivation
file_15262,partly_cloudy primary
file_15263,clear primary
file_15264,partly_cloudy cloudy primary
file_15265,clear primary agriculture cultivation
file_15266,clear primary water
file_15267,clear primary
file_15268,clear primary agriculture water road
file_15269,clear primary
file_15270,clear primary
file_15271,clear primary
file_15272,clear haze primary agriculture water
file_15273,haze primary
file_15274,partly_cloudy primary
file_15275,clear primary
file_15276,partly_cloudy primary
file_15277,clear primary agriculture cultivation
file_15278,clear primary
file_15279,haze primary agriculture water
file_15280,clear primary agriculture road
file_15281,clear primary
file_15282,clear primary
file_15283,partly_cloudy primary
file_15284,clear primary
file_15285,clear primary agriculture cultivation road
file_15286,clear primary
file_15287,clear primary agriculture water cultivation
file_15288,clear primary road selective_logging
file_15289,haze primary water
file_15290,partly_cloudy primary
file_15291,clear primary habitation road
file_15292,clear primary agriculture cultivation road
file_15293,clear primary
file_15294,clear haze primary agriculture road
file_15295,clear primary
file_15296,clear primary agriculture habitation road
file_15297,partly_cloudy primary water
file_15298,clear primary agriculture cultivation
file_15299,clear primary
file_15300,clear primary agriculture cultivation
file_15301,partly_cloudy primary agriculture cultivation
file_15302,partly_cloudy primary agriculture cultivation
file_15303,clear primary water
file_15304,clear primary agriculture cultivation
file_15305,clear primary
file_15306,haze partly_cloudy primary agriculture water
file_15307,clear primary agriculture water road
file_15308,clear primary agriculture road
file_15309,clear primary agriculture water cultivation road
file_15310,clear haze primary agriculture water
file_15311,clear primary
file_15312,clear primary agriculture water cultivation habitation road
file_15313,clear primary agriculture habitation road
file_15314,clear primary water
file_15315,clear primary agriculture cultivation
file_15316,clear primary agriculture
file_15317,clear primary
file_15318,clear primary
file_15319,haze primary
file_15320,cloudy
file_15321,clear primary agriculture water cultivation
file_15322,clear primary agriculture cultivation habitation road
file_15323,clear primary water
file_15324,clear primary
file_15325,clear partly_cloudy primary agriculture cultivation
file_15326,clear primary agriculture cultivation road
file_15327,clear primary
file_15328,clear primary water
file_15329,clear primary agriculture habitation road
file_15330,clear primary water habitation road
file_15331,clear primary water
file_15332,clear primary agriculture water cultivation road
file_15333,clear primary habitation road
file_15334,partly_cloudy primary
file_15335,clear primary agriculture water
file_15336,clear primary agriculture water road bare_ground artisinal_mine
file_15337,haze primary agriculture water
file_15338,clear primary agriculture cultivation
file_15339,clear primary
file_15340,clear primary agriculture habitation road
file_15341,clear primary
file_15342,cloudy
file_15343,clear primary
file_15344,clear primary agriculture
file_15345,partly_cloudy primary
file_15346,clear primary agriculture water habitation road
file_15347,cloudy
file_15348,clear primary
file_15349,partly_cloudy primary water
file_15350,clear primary agriculture habitation road
file_15351,clear primary agriculture road
file_15352,partly_cloudy primary
file_15353,clear partly_cloudy primary agriculture water cultivation habitation road
file_15354,partly_cloudy primary
file_15355,partly_cloudy primary
file_15356,clear primary
file_15357,clear primary agriculture water cultivation
file_15358,clear primary agriculture road
file_15359,clear primary agriculture cultivation habitation road
file_15360,partly_cloudy primary
file_15361,clear primary
file_15362,clear primary
file_15363,partly_cloudy primary agriculture water cultivation habitation road
file_15364,clear primary agriculture road
file_15365,clear primary
file_15366,clear primary
file_15367,partly_cloudy primary
file_15368,clear primary agriculture road
file_15369,clear primary water bare_ground artisinal_mine
file_15370,clear primary
file_15371,clear primary
file_15372,clear primary agriculture cultivation
file_15373,clear primary
file_15374,clear primary agriculture road
file_15375,partly_cloudy primary agriculture cultivation
file_15376,clear primary agriculture road bare_ground
file_15377,clear primary agriculture cultivation habitation road
file_15378,clear primary
file_15379,clear primary
file_15380,clear primary agriculture
file_15381,partly_cloudy primary
file_15382,clear primary
file_15383,haze primary agriculture cultivation
file_15384,clear primary agriculture water habitation road artisinal_mine
file_15385,clear primary agriculture habitation road
file_15386,clear primary agriculture water cultivation road
file_15387,clear primary
file_15388,clear haze primary agriculture road
file_15389,clear primary agriculture cultivation
file_15390,partly_cloudy primary
file_15391,clear primary
file_15392,clear primary agriculture habitation road
file_15393,clear primary
file_15394,clear primary water bare_ground artisinal_mine
file_15395,clear primary agriculture bare_ground
file_15396,clear cloudy water
file_15397,partly_cloudy primary agriculture water road
file_15398,clear primary agriculture cultivation habitation
file_15399,clear primary
file_15400,clear primary agriculture cultivation
file_15401,clear primary
file_15402,haze primary agriculture water road
file_15403,clear cloudy primary agriculture habitation road conventional_mine bare_ground
file_15404,partly_cloudy primary
file_15405,clear primary agriculture road
file_15406,clear haze primary
file_15407,clear primary
file_15408,clear primary water
file_15409,clear primary
file_15410,clear haze primary agriculture water road
file_15411,clear primary
file_15412,clear primary agriculture habitation road
file_15413,clear primary agriculture cultivation
file_15414,clear primary agriculture water cultivation
file_15415,clear primary agriculture water cultivation
file_15416,clear primary
file_15417,haze partly_cloudy primary
file_15418,clear primary
file_15419,clear primary
file_15420,clear primary
file_15421,clear partly_cloudy primary water
file_15422,clear primary
file_15423,clear primary
file_15424,partly_cloudy primary
file_15425,clear primary
file_15426,clear primary
file_15427,clear primary water road selective_logging
file_15428,partly_cloudy cloudy primary
file_15429,clear primary agriculture
file_15430,cloudy
file_15431,clear primary agriculture habitation road bare_ground
file_15432,clear primary
file_15433,clear primary
file_15434,partly_cloudy primary water
file_15435,haze partly_cloudy primary water
file_15436,cloudy
file_15437,partly_cloudy primary agriculture water cultivation habitation road
file_15438,clear primary agriculture cultivation habitation road
file_15439,clear primary agriculture water road
file_15440,clear primary
file_15441,clear primary
file_15442,clear primary agriculture cultivation
file_15443,haze primary
file_15444,clear primary
file_15445,clear primary
file_15446,partly_cloudy primary
file_15447,clear primary agriculture water road
file_15448,clear cloudy primary agriculture water bare_ground
file_15449,clear primary
file_15450,clear primary agriculture cultivation
file_15451,haze cloudy primary water
file_15452,clear primary
file_15453,clear primary water
file_15454,clear primary
file_15455,clear primary agriculture habitation road
file_15456,clear primary
file_15457,clear primary
file_15458,cloudy
file_15459,clear primary
file_15460,clear primary agriculture road
file_15461,clear primary water
file_15462,clear primary
file_15463,clear primary agriculture water cultivation
file_15464,clear primary
file_15465,clear primary agriculture
file_15466,clear primary water road
file_15467,clear haze primary agriculture
file_15468,clear haze primary agriculture water
file_15469,haze primary agriculture cultivation
file_15470,clear primary agriculture water cultivation road
file_15471,clear primary agriculture cultivation
file_15472,clear primary
file_15473,clear primary
file_15474,clear primary
file_15475,clear primary water
file_15476,clear primary
file_15477,clear primary agriculture road bare_ground
file_15478,clear primary agriculture
file_15479,clear primary
file_15480,clear primary
file_15481,clear haze primary
file_15482,clear primary agriculture habitation road
file_15483,clear cloudy water
file_15484,clear primary agriculture water cultivation
file_15485,partly_cloudy primary agriculture water
file_15486,clear primary
file_15487,clear primary agriculture cultivation habitation road
file_15488,partly_cloudy cloudy primary
file_15489,clear primary
file_15490,haze cloudy primary
file_15491,clear primary water road
file_15492,clear primary
file_15493,clear primary
file_15494,clear primary agriculture cultivation
file_15495,clear primary agriculture cultivation habitation road
file_15496,cloudy
file_15497,clear primary agriculture cultivation
file_15498,clear primary
file_15499,clear primary water
file_15500,partly_cloudy primary
file_15501,clear primary
file_15502,partly_cloudy primary agriculture cultivation
file_15503,clear partly_cloudy primary agriculture water cultivation habitation road
file_15504,clear primary
file_15505,clear primary
file_15506,clear primary
file_15507,clear primary
file_15508,clear primary agriculture water road
file_15509,clear primary
file_15510,clear primary
file_15511,clear primary
file_15512,partly_cloudy primary
file_15513,partly_cloudy primary agriculture water
file_15514,partly_cloudy primary agriculture road
file_15515,partly_cloudy primary
file_15516,clear partly_cloudy primary agriculture road
file_15517,clear primary
file_15518,clear primary water habitation
file_15519,clear primary agriculture water habitation road conventional_mine artisinal_mine selective_logging
file_15520,partly_cloudy primary agriculture road
file_15521,partly_cloudy cloudy primary water
file_15522,clear primary agriculture habitation road
file_15523,clear primary agriculture water habitation
file_15524,partly_cloudy cloudy primary agriculture water
file_15525,clear primary water
file_15526,clear primary
file_15527,clear primary
file_15528,clear primary agriculture habitation road
file_15529,clear primary water road selective_logging
file_15530,clear primary agriculture habitation road
file_15531,clear primary
file_15532,clear primary agriculture
file_15533,clear primary
file_15534,cloudy
file_15535,clear partly_cloudy primary
file_15536,clear primary agriculture road
file_15537,clear primary
file_15538,partly_cloudy primary
file_15539,clear primary
file_15540,clear primary agriculture cultivation
file_15541,clear primary
file_15542,clear primary
file_15543,clear primary
file_15544,clear primary agriculture cultivation
file_15545,partly_cloudy primary agriculture cultivation
file_15546,clear primary
file_15547,haze primary
file_15548,clear primary agriculture road bare_ground
file_15549,clear primary blooming selective_logging
file_15550,partly_cloudy primary
file_15551,clear primary
file_15552,clear primary agriculture cultivation habitation road
file_15553,clear primary
file_15554,clear primary
file_15555,clear primary agriculture water road
file_15556,clear primary agriculture cultivation habitation road
file_15557,cloudy
file_15558,clear primary agriculture cultivation
file_15559,clear primary
file_15560,clear haze primary water
file_15561,cloudy
file_15562,clear primary
file_15563,clear primary
file_15564,partly_cloudy primary
file_15565,clear primary agriculture habitation road
file_15566,clear primary
file_15567,clear primary agriculture cultivation
file_15568,clear primary
file_15569,clear primary agriculture cultivation
file_15570,cloudy
file_15571,clear primary agriculture road
file_15572,clear primary water
file_15573,clear primary agriculture cultivation
file_15574,haze primary
file_15575,clear primary agriculture cultivation habitation road
file_15576,clear primary
file_15577,partly_cloudy primary
file_15578,clear primary habitation road
file_15579,clear primary
file_15580,clear primary
file_15581,cloudy
file_15582,clear primary water
file_15583,clear primary agriculture water cultivation habitation road
file_15584,clear primary agriculture habitation road
file_15585,cloudy
file_15586,clear primary
file_15587,clear primary agriculture habitation road
file_15588,haze cloudy
file_15589,clear primary
file_15590,clear haze primary
file_15591,clear primary
file_15592,clear haze cloudy water
file_15593,clear primary
file_15594,clear primary
file_15595,partly_cloudy primary agriculture road
file_15596,clear primary agriculture water cultivation habitation
file_15597,haze cloudy
file_15598,clear primary agriculture cultivation
file_15599,clear primary agriculture water road
file_15600,partly_cloudy primary agriculture road
file_15601,haze primary water
file_15602,clear primary agriculture cultivation
file_15603,clear primary water artisinal_mine
file_15604,haze primary
file_15605,clear primary
file_15606,clear primary agriculture cultivation habitation
file_15607,clear primary
file_15608,clear primary agriculture water cultivation habitation
file_15609,partly_cloudy primary agriculture water
file_15610,clear primary agriculture cultivation
file_15611,clear primary agriculture cultivation
file_15612,clear primary
file_15613,clear primary water
file_15614,cloudy
file_15615,clear primary agriculture cultivation
file_15616,clear primary agriculture road
file_15617,clear primary agriculture cultivation
file_15618,clear primary agriculture cultivation
file_15619,clear primary agriculture water
file_15620,cloudy
file_15621,clear primary
file_15622,clear primary agriculture road
file_15623,clear primary
file_15624,clear primary
file_15625,partly_cloudy primary
file_15626,clear primary
file_15627,partly_cloudy primary
file_15628,clear primary water
file_15629,clear primary
file_15630,clear primary
file_15631,partly_cloudy primary
file_15632,clear primary agriculture cultivation
file_15633,clear primary agriculture water cultivation
file_15634,clear primary
file_15635,clear partly_cloudy primary agriculture
file_15636,clear primary cultivation
file_15637,clear primary agriculture water road
file_15638,clear primary agriculture habitation road
file_15639,clear primary agriculture habitation road
file_15640,clear primary agriculture cultivation
file_15641,haze primary
file_15642,haze primary
file_15643,clear primary
file_15644,clear primary agriculture cultivation
file_15645,clear primary
file_15646,partly_cloudy primary agriculture water road
file_15647,clear primary agriculture cultivation
file_15648,clear primary water road selective_logging
file_15649,clear primary agriculture cultivation road
file_15650,clear primary agriculture cultivation
file_15651,partly_cloudy primary agriculture
file_15652,clear primary
file_15653,clear partly_cloudy primary agriculture road
file_15654,clear primary
file_15655,clear primary
file_15656,clear primary
file_15657,clear primary
file_15658,clear cloudy water
file_15659,clear primary
file_15660,clear primary
file_15661,clear primary
file_15662,clear primary agriculture water habitation road
file_15663,partly_cloudy primary
file_15664,cloudy
file_15665,clear primary agriculture road
file_15666,clear primary agriculture water cultivation habitation road
file_15667,clear primary water
file_15668,clear primary agriculture water cultivation habitation
file_15669,clear primary agriculture habitation road bare_ground
file_15670,clear primary
file_15671,clear primary agriculture cultivation habitation road
file_15672,haze primary water
file_15673,clear primary habitation road
file_15674,clear primary agriculture road
file_15675,clear primary selective_logging
file_15676,clear primary
file_15677,clear primary
file_15678,clear primary agriculture cultivation
file_15679,clear primary
file_15680,clear primary
file_15681,partly_cloudy primary agriculture cultivation
file_15682,clear primary
file_15683,clear primary agriculture habitation road
file_15684,partly_cloudy primary agriculture water road
file_15685,clear primary agriculture road
file_15686,clear primary
file_15687,clear primary agriculture cultivation habitation road
file_15688,clear primary
file_15689,haze primary
file_15690,haze primary agriculture water
file_15691,clear primary agriculture
file_15692,clear primary agriculture habitation road
file_15693,clear primary agriculture road
file_15694,clear primary
file_15695,clear haze primary agriculture road
file_15696,clear primary
file_15697,clear partly_cloudy primary agriculture cultivation habitation road
file_15698,clear primary agriculture cultivation
file_15699,clear haze primary agriculture water
file_15700,clear primary
file_15701,partly_cloudy cloudy primary
file_15702,clear primary cultivation
file_15703,partly_cloudy cloudy primary
file_15704,partly_cloudy primary agriculture
file_15705,clear primary blooming
file_15706,clear partly_cloudy primary water
file_15707,partly_cloudy primary
file_15708,clear primary
file_15709,clear primary
file_15710,clear primary
file_15711,clear primary agriculture cultivation
file_15712,clear primary agriculture
file_15713,clear partly_cloudy primary agriculture cultivation
file_15714,clear primary
file_15715,clear primary
file_15716,partly_cloudy primary
file_15717,clear primary agriculture water cultivation habitation
file_15718,clear primary
file_15719,partly_cloudy primary water
file_15720,clear primary agriculture water habitation road
file_15721,clear primary agriculture water cultivation habitation road
file_15722,clear primary water road
file_15723,clear primary agriculture cultivation
file_15724,clear primary
file_15725,partly_cloudy primary
file_15726,clear primary
file_15727,clear primary
file_15728,partly_cloudy primary
file_15729,clear primary
file_15730,clear primary agriculture water bare_ground
file_15731,clear primary
file_15732,clear primary
file_15733,clear primary agriculture water cultivation road
file_15734,clear primary agriculture water road
file_15735,clear primary agriculture water habitation road bare_ground artisinal_mine
file_15736,clear primary
file_15737,clear primary
file_15738,clear primary agriculture cultivation
file_15739,clear primary
file_15740,clear primary
file_15741,clear primary
file_15742,clear primary
file_15743,clear partly_cloudy primary agriculture water road
file_15744,clear primary agriculture road
file_15745,partly_cloudy primary agriculture water cultivation
file_15746,partly_cloudy primary
file_15747,clear primary agriculture water cultivation habitation road
file_15748,clear primary
file_15749,clear primary agriculture water cultivation road
file_15750,clear primary
file_15751,clear haze primary
file_15752,clear primary agriculture bare_ground
file_15753,clear primary water
file_15754,clear primary
file_15755,clear primary agriculture water road
file_15756,partly_cloudy primary
file_15757,clear primary agriculture cultivation
file_15758,clear haze primary
file_15759,clear haze primary water
file_15760,clear primary agriculture cultivation
file_15761,partly_cloudy primary agriculture
file_15762,haze cloudy primary
file_15763,clear primary agriculture cultivation habitation road
file_15764,clear primary
file_15765,clear primary agriculture water cultivation
file_15766,clear primary
file_15767,clear haze primary agriculture cultivation
file_15768,haze cloudy primary
file_15769,clear primary
file_15770,clear haze primary agriculture cultivation
file_15771,clear primary agriculture road
file_15772,clear primary
file_15773,clear primary agriculture road
file_15774,partly_cloudy primary agriculture cultivation
file_15775,haze cloudy primary
file_15776,clear primary
file_15777,clear primary
file_15778,clear partly_cloudy primary agriculture cultivation
file_15779,clear cloudy primary agriculture bare_ground
file_15780,clear primary agriculture cultivation
file_15781,partly_cloudy primary water
file_15782,haze primary agriculture water
file_15783,clear primary blooming selective_logging
file_15784,partly_cloudy primary
file_15785,clear primary
file_15786,partly_cloudy primary
file_15787,clear primary
file_15788,haze primary agriculture water road
file_15789,clear primary agriculture water habitation road
file_15790,clear primary
file_15791,clear primary
file_15792,clear haze primary water
file_15793,partly_cloudy primary agriculture habitation road
file_15794,clear primary
file_15795,haze partly_cloudy cloudy primary agriculture water road
file_15796,haze primary
file_15797,clear primary water road
file_15798,haze cloudy primary
file_15799,clear primary
file_15800,clear primary
file_15801,clear primary
file_15802,clear primary agriculture cultivation
file_15803,partly_cloudy primary
file_15804,clear primary agriculture habitation road
file_15805,clear partly_cloudy primary
file_15806,clear primary agriculture water bare_ground
file_15807,clear primary agriculture road
file_15808,haze partly_cloudy primary water
file_15809,clear primary agriculture
file_15810,clear haze primary agriculture water road
file_15811,clear primary agriculture habitation road
file_15812,clear partly_cloudy primary agriculture water cultivation habitation
file_15813,clear primary agriculture water cultivation habitation
file_15814,partly_cloudy primary
file_15815,clear primary agriculture water habitation road
file_15816,clear primary
file_15817,clear primary
file_15818,clear primary agriculture habitation road
file_15819,clear primary
file_15820,clear primary
file_15821,clear cloudy primary water
file_15822,clear primary agriculture habitation road
file_15823,clear primary agriculture cultivation
file_15824,cloudy
file_15825,clear primary
file_15826,partly_cloudy primary agriculture cultivation habitation
file_15827,partly_cloudy primary agriculture road
file_15828,clear primary
file_15829,clear primary agriculture water habitation road
file_15830,clear primary agriculture habitation road
file_15831,cloudy
file_15832,clear primary agriculture cultivation road
file_15833,clear partly_cloudy primary agriculture cultivation
file_15834,clear primary agriculture water
file_15835,clear partly_cloudy primary agriculture road
file_15836,partly_cloudy primary
file_15837,partly_cloudy primary agriculture cultivation habitation road
file_15838,clear primary
file_15839,clear primary
file_15840,clear primary
file_15841,clear primary road
file_15842,clear primary
file_15843,clear primary agriculture cultivation
file_15844,clear primary agriculture water road
file_15845,clear haze primary agriculture
file_15846,haze cloudy primary
file_15847,partly_cloudy primary water
file_15848,partly_cloudy primary
file_15849,clear primary agriculture cultivation
file_15850,haze primary water
file_15851,partly_cloudy primary
file_15852,clear primary
file_15853,clear primary agriculture cultivation
file_15854,clear primary water bare_ground artisinal_mine selective_logging
file_15855,clear primary
file_15856,haze primary
file_15857,clear primary agriculture cultivation habitation road
file_15858,clear primary
file_15859,partly_cloudy primary agriculture water
file_15860,clear primary agriculture water road
file_15861,clear primary
file_15862,partly_cloudy cloudy primary
file_15863,clear primary agriculture cultivation habitation road
file_15864,clear primary
file_15865,partly_cloudy primary agriculture
file_15866,clear primary
file_15867,clear primary agriculture cultivation road
file_15868,haze partly_cloudy primary agriculture
file_15869,clear primary
file_15870,clear primary agriculture cultivation
file_15871,clear primary
file_15872,clear primary
file_15873,clear primary
file_15874,clear primary agriculture habitation road
file_15875,clear partly_cloudy primary agriculture habitation road
file_15876,clear primary agriculture water
file_15877,clear primary water
file_15878,clear primary agriculture
file_15879,clear primary
file_15880,clear primary agriculture cultivation
file_15881,clear primary agriculture water road
file_15882,clear haze primary agriculture water road
file_15883,clear primary agriculture road
file_15884,clear primary agriculture road
file_15885,clear primary
file_15886,clear primary agriculture cultivation
file_15887,clear primary
file_15888,clear primary
file_15889,clear primary agriculture water cultivation road
file_15890,clear primary water
file_15891,haze primary agriculture water cultivation
file_15892,partly_cloudy primary
file_15893,clear primary
file_15894,partly_cloudy primary
file_15895,clear primary
file_15896,clear primary
file_15897,clear primary
file_15898,clear primary habitation road
file_15899,clear primary
file_15900,haze primary
file_15901,clear partly_cloudy primary agriculture road
file_15902,haze cloudy
file_15903,clear primary
file_15904,clear primary blooming
file_15905,clear haze primary agriculture water
file_15906,clear primary water bare_ground artisinal_mine
file_15907,clear primary
file_15908,clear primary
file_15909,clear primary
file_15910,clear primary agriculture road
file_15911,clear primary water
file_15912,clear primary agriculture
file_15913,partly_cloudy primary agriculture habitation road
file_15914,partly_cloudy cloudy water
file_15915,clear primary
file_15916,clear primary agriculture bare_ground
file_15917,partly_cloudy primary
file_15918,clear primary
file_15919,partly_cloudy primary agriculture road
file_15920,clear primary water road selective_logging
file_15921,clear primary water road
file_15922,clear primary
file_15923,clear primary
file_15924,partly_cloudy primary
file_15925,clear partly_cloudy primary water
file_15926,clear primary water habitation bare_ground artisinal_mine
file_15927,clear primary agriculture cultivation
file_15928,clear primary
file_15929,clear primary agriculture road
file_15930,clear primary
file_15931,clear primary
file_15932,clear primary
file_15933,partly_cloudy primary agriculture cultivation habitation road
file_15934,partly_cloudy primary
file_15935,clear primary
file_15936,clear primary
file_15937,cloudy
file_15938,partly_cloudy cloudy primary agriculture water
file_15939,clear primary agriculture road
file_15940,clear primary
file_15941,partly_cloudy cloudy primary
file_15942,clear haze primary
file_15943,clear primary agriculture cultivation
file_15944,clear haze primary water
file_15945,cloudy
file_15946,clear primary water road
file_15947,clear primary agriculture water habitation road artisinal_mine
file_15948,clear primary agriculture cultivation
file_15949,clear primary
file_15950,clear haze primary water
file_15951,partly_cloudy primary agriculture
file_15952,clear primary agriculture road
file_15953,clear primary agriculture cultivation habitation road
file_15954,clear primary
file_15955,clear primary
file_15956,clear primary
file_15957,clear primary
file_15958,clear primary
file_15959,clear primary
file_15960,partly_cloudy primary agriculture
file_15961,clear primary
file_15962,partly_cloudy primary agriculture habitation road
file_15963,clear primary
file_15964,clear primary
file_15965,clear primary agriculture habitation road
file_15966,clear primary water
file_15967,clear primary agriculture cultivation
file_15968,clear primary agriculture habitation road
file_15969,clear primary
file_15970,clear primary agriculture water cultivation road
file_15971,clear primary agriculture cultivation
file_15972,cloudy
file_15973,haze primary
file_15974,clear primary water bare_ground artisinal_mine
file_15975,clear primary
file_15976,clear haze primary
file_15977,clear haze primary agriculture water
file_15978,clear primary agriculture road
file_15979,clear primary agriculture water road
file_15980,clear primary
file_15981,cloudy
file_15982,clear primary water
file_15983,partly_cloudy primary agriculture cultivation
file_15984,clear primary
file_15985,clear primary agriculture cultivation
file_15986,clear primary
file_15987,clear primary
file_15988,clear primary agriculture cultivation habitation
file_15989,clear primary agriculture water habitation road conventional_mine bare_ground artisinal_mine
file_15990,clear primary
file_15991,clear primary
file_15992,partly_cloudy primary agriculture cultivation
file_15993,clear primary habitation road
file_15994,partly_cloudy primary agriculture road
file_15995,clear primary
file_15996,partly_cloudy primary
file_15997,clear primary water
file_15998,clear primary
file_15999,clear primary
file_16000,partly_cloudy primary water
file_16001,partly_cloudy primary
file_16002,clear primary
file_16003,clear primary agriculture
file_16004,clear primary road blooming selective_logging
file_16005,clear primary water
file_16006,clear primary
file_16007,partly_cloudy primary agriculture cultivation
file_16008,partly_cloudy primary agriculture road
file_16009,clear primary
file_16010,cloudy
file_16011,clear primary water road
file_16012,clear primary agriculture water road
file_16013,clear primary
file_16014,clear primary blooming
file_16015,clear primary
file_16016,clear primary agriculture habitation road
file_16017,clear primary
file_16018,clear primary agriculture road
file_16019,clear primary
file_16020,clear primary water
file_16021,clear primary
file_16022,clear primary water road
file_16023,clear primary agriculture water cultivation habitation
file_16024,clear primary water
file_16025,haze primary
file_16026,clear haze primary agriculture
file_16027,clear primary agriculture cultivation habitation
file_16028,clear haze primary
file_16029,partly_cloudy primary
file_16030,clear primary
file_16031,clear primary water
file_16032,clear primary agriculture road
file_16033,clear primary
file_16034,partly_cloudy primary
file_16035,clear primary
file_16036,clear primary
file_16037,partly_cloudy primary
file_16038,clear primary agriculture road
file_16039,partly_cloudy cloudy primary agriculture water
file_16040,clear primary agriculture cultivation habitation road
file_16041,clear primary
file_16042,cloudy
file_16043,clear primary
file_16044,clear primary
file_16045,partly_cloudy primary agriculture cultivation road
file_16046,clear primary
file_16047,clear primary
file_16048,clear primary
file_16049,clear primary
file_16050,partly_cloudy primary agriculture road
file_16051,clear primary agriculture habitation road
file_16052,clear primary agriculture water cultivation road
file_16053,clear primary water
file_16054,clear primary
file_16055,clear primary
file_16056,clear primary
file_16057,clear primary agriculture habitation road
file_16058,clear haze primary agriculture cultivation road
file_16059,clear primary
file_16060,clear primary water road
file_16061,clear primary
file_16062,clear primary
file_16063,clear primary
file_16064,clear primary
file_16065,clear haze primary agriculture habitation road
file_16066,clear primary agriculture habitation road
file_16067,partly_cloudy primary agriculture water cultivation road
file_16068,clear primary
file_16069,clear primary
file_16070,clear primary
file_16071,clear primary
file_16072,partly_cloudy primary
file_16073,partly_cloudy primary water road
file_16074,clear primary
file_16075,clear primary agriculture cultivation
file_16076,clear primary agriculture road
file_16077,clear haze primary agriculture cultivation
file_16078,partly_cloudy primary
file_16079,clear primary agriculture cultivation
file_16080,cloudy
file_16081,clear primary
file_16082,clear primary agriculture cultivation habitation road
file_16083,clear primary agriculture cultivation
file_16084,clear primary
file_16085,clear primary
file_16086,clear primary
file_16087,clear primary
file_16088,clear primary agriculture cultivation
file_16089,clear primary water road bare_ground artisinal_mine
file_16090,clear primary
file_16091,clear primary
file_16092,clear primary
file_16093,clear primary agriculture habitation road
file_16094,clear primary
file_16095,haze primary
file_16096,clear primary
file_16097,clear primary agriculture water bare_ground
file_16098,clear primary agriculture cultivation habitation road
file_16099,clear haze primary
file_16100,clear haze primary agriculture
file_16101,haze primary
file_16102,clear primary
file_16103,partly_cloudy primary
file_16104,clear primary water
file_16105,partly_cloudy primary
file_16106,cloudy
file_16107,clear primary
file_16108,partly_cloudy primary
file_16109,partly_cloudy primary
file_16110,clear partly_cloudy primary water road
file_16111,clear primary
file_16112,cloudy
file_16113,partly_cloudy primary water
file_16114,haze primary agriculture cultivation
file_16115,clear primary agriculture water road
file_16116,clear primary agriculture habitation road
file_16117,clear primary agriculture
file_16118,clear primary
file_16119,clear primary water
file_16120,clear primary agriculture cultivation
file_16121,clear primary
file_16122,clear primary
file_16123,clear primary
file_16124,clear primary
file_16125,clear primary
file_16126,clear primary agriculture cultivation
file_16127,clear primary
file_16128,clear primary
file_16129,clear partly_cloudy primary agriculture cultivation
file_16130,partly_cloudy primary water
file_16131,partly_cloudy primary
file_16132,partly_cloudy primary agriculture cultivation habitation road
file_16133,partly_cloudy primary
file_16134,clear primary agriculture road
file_16135,clear primary agriculture cultivation road
file_16136,clear primary
file_16137,partly_cloudy primary agriculture water
file_16138,clear primary
file_16139,clear primary
file_16140,clear primary agriculture water cultivation
file_16141,clear primary
file_16142,clear primary water
file_16143,partly_cloudy primary agriculture
file_16144,clear primary agriculture cultivation
file_16145,clear primary agriculture cultivation
file_16146,clear primary agriculture water cultivation
file_16147,partly_cloudy primary agriculture
file_16148,clear primary water
file_16149,clear partly_cloudy primary
file_16150,clear primary water
file_16151,partly_cloudy primary
file_16152,clear primary agriculture road
file_16153,partly_cloudy primary agriculture road
file_16154,clear primary agriculture cultivation
file_16155,clear partly_cloudy primary
file_16156,clear primary agriculture water cultivation
file_16157,clear primary water
file_16158,clear primary agriculture habitation road
file_16159,clear primary
file_16160,clear primary agriculture
file_16161,haze partly_cloudy primary agriculture water road
file_16162,clear primary
file_16163,partly_cloudy primary agriculture cultivation
file_16164,clear primary agriculture cultivation
file_16165,clear primary
file_16166,clear primary agriculture habitation road
file_16167,clear primary
file_16168,clear primary
file_16169,clear primary agriculture cultivation
file_16170,partly_cloudy primary water
file_16171,clear primary water cultivation
file_16172,clear primary agriculture water habitation road
file_16173,clear primary
file_16174,clear primary
file_16175,partly_cloudy cloudy primary
file_16176,partly_cloudy primary
file_16177,clear primary
file_16178,clear primary agriculture cultivation
file_16179,clear haze primary agriculture cultivation road
file_16180,partly_cloudy primary agriculture habitation road
file_16181,clear primary
file_16182,clear primary
file_16183,clear primary
file_16184,clear primary agriculture road bare_ground
file_16185,clear primary agriculture cultivation
file_16186,clear primary agriculture habitation road
file_16187,clear primary
file_16188,clear primary agriculture road bare_ground
file_16189,clear primary
file_16190,clear primary
file_16191,clear primary agriculture
file_16192,clear primary
file_16193,clear primary
file_16194,haze partly_cloudy primary water
file_16195,clear partly_cloudy primary agriculture water road
file_16196,clear primary agriculture water habitation road
file_16197,clear primary agriculture cultivation
file_16198,clear primary
file_16199,partly_cloudy primary
file_16200,partly_cloudy primary water
file_16201,partly_cloudy primary
file_16202,clear primary water road bare_ground artisinal_mine
file_16203,clear primary
file_16204,partly_cloudy primary
file_16205,clear partly_cloudy primary agriculture cultivation habitation road
file_16206,clear primary
file_16207,clear primary
file_16208,clear primary
file_16209,clear primary agriculture
file_16210,clear primary
file_16211,clear primary agriculture cultivation habitation road
file_16212,clear primary
file_16213,clear primary agriculture cultivation
file_16214,clear primary
file_16215,clear primary agriculture water cultivation habitation
file_16216,clear primary agriculture cultivation road
file_16217,partly_cloudy primary agriculture water road
file_16218,partly_cloudy primary
file_16219,clear primary agriculture habitation road
file_16220,clear primary agriculture cultivation road
file_16221,clear primary agriculture habitation road
file_16222,clear primary agriculture cultivation
file_16223,partly_cloudy primary
file_16224,clear primary
file_16225,clear primary
file_16226,clear partly_cloudy primary
file_16227,clear primary agriculture road bare_ground
file_16228,clear primary agriculture cultivation
file_16229,clear primary
file_16230,clear primary
file_16231,clear primary
file_16232,clear primary
file_16233,clear primary blooming
file_16234,haze primary agriculture water road
file_16235,clear primary
file_16236,clear haze primary agriculture water
file_16237,clear primary
file_16238,clear cloudy water
file_16239,clear primary agriculture road
file_16240,clear primary agriculture cultivation habitation road
file_16241,clear partly_cloudy primary agriculture cultivation
file_16242,clear primary agriculture cultivation
file_16243,haze cloudy primary water
file_16244,clear primary
file_16245,clear primary agriculture water road
file_16246,clear primary agriculture road
file_16247,clear primary
file_16248,haze cloudy primary
file_16249,clear primary agriculture cultivation
file_16250,cloudy
file_16251,partly_cloudy primary
file_16252,clear primary agriculture cultivation
file_16253,clear primary
file_16254,clear primary
file_16255,clear primary agriculture water cultivation
file_16256,clear primary agriculture road
file_16257,clear primary
file_16258,clear haze primary agriculture
file_16259,clear primary
file_16260,clear primary
file_16261,cloudy
file_16262,clear primary
file_16263,clear primary habitation road
file_16264,clear primary agriculture water cultivation road
file_16265,clear primary
file_16266,clear primary
file_16267,clear primary agriculture water habitation road
file_16268,clear primary agriculture road
file_16269,clear primary
file_16270,clear partly_cloudy primary agriculture water cultivation habitation
file_16271,clear primary
file_16272,clear primary
file_16273,partly_cloudy primary
file_16274,clear primary water bare_ground artisinal_mine
file_16275,clear primary agriculture habitation road
file_16276,clear primary
file_16277,clear primary agriculture
file_16278,clear primary agriculture habitation road
file_16279,partly_cloudy primary agriculture habitation road
file_16280,clear primary
file_16281,partly_cloudy primary agriculture water
file_16282,clear primary
file_16283,haze cloudy primary
file_16284,clear primary water road
file_16285,partly_cloudy primary
file_16286,clear partly_cloudy primary agriculture water road
file_16287,partly_cloudy primary
file_16288,clear primary
file_16289,clear primary
file_16290,clear primary agriculture water cultivation
file_16291,clear primary agriculture water cultivation habitation road
file_16292,clear primary blooming
file_16293,clear primary
file_16294,clear primary
file_16295,partly_cloudy primary agriculture water cultivation road
file_16296,clear primary
file_16297,partly_cloudy primary water
file_16298,clear primary
file_16299,partly_cloudy primary
file_16300,clear primary
file_16301,haze primary
file_16302,haze cloudy primary
file_16303,clear primary
file_16304,clear primary agriculture cultivation habitation
file_16305,clear primary
file_16306,clear primary water habitation
file_16307,clear primary
file_16308,clear primary agriculture cultivation
file_16309,clear primary
file_16310,clear primary
file_16311,cloudy
file_16312,clear primary
file_16313,clear primary agriculture bare_ground
file_16314,clear primary
file_16315,clear primary agriculture water
file_16316,partly_cloudy primary
file_16317,clear primary habitation road
file_16318,clear primary water
file_16319,clear primary
file_16320,clear primary water
file_16321,clear primary
file_16322,clear primary
file_16323,clear primary
file_16324,cloudy
file_16325,clear primary
file_16326,clear primary
file_16327,clear primary
file_16328,clear primary agriculture cultivation
file_16329,clear primary water
file_16330,clear primary agriculture road
file_16331,clear primary
file_16332,clear primary
file_16333,clear primary
file_16334,clear partly_cloudy primary
file_16335,clear primary agriculture road
file_16336,clear primary
file_16337,clear primary water
file_16338,haze cloudy
file_16339,partly_cloudy primary
file_16340,clear primary
file_16341,partly_cloudy primary
file_16342,clear primary
file_16343,partly_cloudy primary agriculture road
file_16344,cloudy
file_16345,haze primary
file_16346,clear primary
file_16347,clear primary
file_16348,clear primary
file_16349,haze cloudy primary
file_16350,clear primary
file_16351,clear primary
file_16352,haze primary
file_16353,clear partly_cloudy primary agriculture cultivation habitation
file_16354,partly_cloudy primary
file_16355,clear primary agriculture water habitation road
file_16356,clear primary water
file_16357,clear primary
file_16358,clear primary
file_16359,cloudy
file_16360,partly_cloudy primary agriculture habitation road
file_16361,clear primary agriculture cultivation
file_16362,clear primary
file_16363,clear primary agriculture water cultivation
file_16364,clear primary agriculture water road
file_16365,clear primary water
file_16366,partly_cloudy primary
file_16367,clear primary agriculture cultivation
file_16368,clear primary agriculture water cultivation
file_16369,haze cloudy primary water
file_16370,clear primary
file_16371,clear partly_cloudy primary agriculture water
file_16372,clear primary
file_16373,clear primary agriculture cultivation habitation
file_16374,partly_cloudy primary agriculture
file_16375,cloudy
file_16376,clear primary
file_16377,haze primary
file_16378,partly_cloudy primary
file_16379,clear primary
file_16380,haze partly_cloudy primary agriculture cultivation
file_16381,clear primary
file_16382,haze primary agriculture water
file_16383,partly_cloudy primary
file_16384,clear primary agriculture cultivation
file_16385,clear primary
file_16386,clear primary
file_16387,clear primary
file_16388,clear primary
file_16389,clear primary agriculture cultivation habitation road
file_16390,clear primary agriculture cultivation road
file_16391,cloudy
file_16392,clear primary water
file_16393,clear primary
file_16394,clear primary
file_16395,partly_cloudy cloudy
file_16396,clear primary
file_16397,clear primary habitation road
file_16398,clear primary agriculture cultivation
file_16399,clear primary agriculture water habitation road
file_16400,clear primary
file_16401,clear primary agriculture road
file_16402,clear primary agriculture cultivation
file_16403,clear primary
file_16404,partly_cloudy cloudy primary agriculture water
file_16405,cloudy
file_16406,clear primary agriculture habitation road
file_16407,clear primary
file_16408,clear primary agriculture road
file_16409,clear primary
file_16410,clear primary
file_16411,partly_cloudy primary agriculture
file_16412,partly_cloudy primary agriculture habitation road
file_16413,partly_cloudy primary
file_16414,haze primary
file_16415,clear primary agriculture cultivation
file_16416,partly_cloudy primary
file_16417,clear primary agriculture habitation road
file_16418,clear primary habitation road
file_16419,cloudy
file_16420,clear primary agriculture habitation road
file_16421,clear haze primary agriculture cultivation
file_16422,haze primary
file_16423,clear primary agriculture cultivation
file_16424,partly_cloudy primary agriculture cultivation road
file_16425,cloudy
file_16426,clear primary agriculture cultivation
file_16427,clear primary agriculture cultivation habitation road
file_16428,clear primary agriculture water cultivation
file_16429,partly_cloudy primary agriculture
file_16430,clear primary road blooming selective_logging
file_16431,clear haze primary agriculture cultivation
file_16432,clear primary agriculture water habitation road
file_16433,clear primary water road conventional_mine bare_ground artisinal_mine selective_logging
file_16434,clear primary
file_16435,partly_cloudy primary agriculture cultivation road
file_16436,clear primary agriculture water road
file_16437,clear primary agriculture road
file_16438,clear primary
file_16439,clear primary
file_16440,clear primary
file_16441,clear primary agriculture cultivation road
file_16442,clear primary agriculture water road
file_16443,clear primary
file_16444,clear primary agriculture water
file_16445,clear primary
file_16446,clear primary
file_16447,clear primary agriculture water habitation road
file_16448,clear primary
file_16449,partly_cloudy primary agriculture cultivation road
file_16450,clear primary agriculture habitation road
file_16451,clear primary agriculture cultivation habitation road
file_16452,clear primary
file_16453,partly_cloudy primary
file_16454,clear primary
file_16455,clear primary water
file_16456,cloudy
file_16457,clear partly_cloudy primary agriculture
file_16458,clear primary water bare_ground artisinal_mine
file_16459,partly_cloudy primary agriculture water road
file_16460,clear primary
file_16461,partly_cloudy primary
file_16462,clear primary
file_16463,clear primary water
file_16464,clear primary
file_16465,partly_cloudy primary water
file_16466,partly_cloudy primary agriculture habitation road
file_16467,haze partly_cloudy primary
file_16468,clear primary
file_16469,clear primary agriculture water cultivation road
file_16470,partly_cloudy primary agriculture
file_16471,clear cloudy water
file_16472,clear haze primary water
file_16473,clear primary agriculture cultivation habitation road
file_16474,clear primary
file_16475,haze primary
file_16476,partly_cloudy primary agriculture water
file_16477,clear primary
file_16478,haze primary
file_16479,partly_cloudy primary
file_16480,cloudy
file_16481,clear primary
file_16482,clear primary water road
file_16483,clear primary agriculture water road
file_16484,clear primary agriculture habitation road
file_16485,clear primary
file_16486,clear haze primary water
file_16487,clear primary
file_16488,clear primary water
file_16489,clear primary
file_16490,clear primary water
file_16491,partly_cloudy primary agriculture cultivation
file_16492,clear primary
file_16493,clear primary agriculture cultivation
file_16494,clear haze primary
file_16495,partly_cloudy primary agriculture road
file_16496,cloudy
file_16497,clear primary agriculture cultivation
file_16498,cloudy primary
file_16499,clear primary agriculture water cultivation habitation
file_16500,clear primary
file_16501,partly_cloudy primary agriculture water road
file_16502,clear primary agriculture water cultivation habitation
file_16503,clear primary agriculture water cultivation
file_16504,clear primary
file_16505,clear primary
file_16506,partly_cloudy primary
file_16507,clear primary
file_16508,haze primary
file_16509,clear primary agriculture cultivation habitation
file_16510,clear primary agriculture water road
file_16511,clear primary
file_16512,haze primary agriculture water
file_16513,haze cloudy primary
file_16514,clear primary
file_16515,haze partly_cloudy primary
file_16516,clear primary water
file_16517,clear primary water
file_16518,partly_cloudy primary agriculture road
file_16519,partly_cloudy primary agriculture water road
file_16520,partly_cloudy primary
file_16521,clear primary
file_16522,clear primary
file_16523,clear primary agriculture water
file_16524,clear primary agriculture road
file_16525,clear primary water
file_16526,clear primary
file_16527,clear primary
file_16528,clear partly_cloudy primary
file_16529,clear primary agriculture cultivation habitation road
file_16530,clear haze primary water
file_16531,partly_cloudy primary agriculture
file_16532,clear haze primary
file_16533,clear primary agriculture cultivation road
file_16534,cloudy
file_16535,clear primary agriculture cultivation
file_16536,clear primary
file_16537,partly_cloudy primary
file_16538,clear primary agriculture cultivation
file_16539,clear primary agriculture
file_16540,clear primary agriculture road
file_16541,clear primary agriculture water
file_16542,clear primary
file_16543,clear primary agriculture cultivation
file_16544,clear primary
file_16545,clear primary water road
file_16546,clear primary agriculture cultivation habitation road
file_16547,clear primary agriculture road
file_16548,clear primary
file_16549,clear primary
file_16550,clear primary
file_16551,clear primary
file_16552,clear primary agriculture road
file_16553,clear primary water
file_16554,clear primary agriculture cultivation road
file_16555,partly_cloudy primary agriculture water road
file_16556,clear primary agriculture water cultivation
file_16557,clear primary
file_16558,clear primary
file_16559,clear primary agriculture cultivation
file_16560,clear primary agriculture road
file_16561,clear primary
file_16562,clear primary
file_16563,partly_cloudy cloudy primary agriculture water
file_16564,partly_cloudy primary agriculture water cultivation
file_16565,partly_cloudy primary agriculture
file_16566,clear primary
file_16567,clear primary
file_16568,clear cloudy water
file_16569,partly_cloudy primary
file_16570,clear primary water
file_16571,clear primary water road
file_16572,clear primary
file_16573,clear primary
file_16574,clear primary
file_16575,clear primary
file_16576,clear primary agriculture
file_16577,cloudy
file_16578,haze primary
file_16579,partly_cloudy primary agriculture cultivation road
file_16580,clear primary agriculture cultivation habitation road
file_16581,clear primary
file_16582,partly_cloudy primary agriculture road
file_16583,clear primary agriculture water habitation road
file_16584,clear primary agriculture habitation road
file_16585,clear primary agriculture cultivation
file_16586,clear primary agriculture cultivation habitation road
file_16587,clear primary
file_16588,clear primary
file_16589,clear primary
file_16590,clear primary
file_16591,clear partly_cloudy primary cultivation
file_16592,haze primary agriculture road
file_16593,clear primary agriculture habitation road
file_16594,partly_cloudy primary
file_16595,clear primary agriculture road
file_16596,clear primary
file_16597,partly_cloudy primary agriculture water
file_16598,clear primary agriculture cultivation
file_16599,clear primary
file_16600,clear primary
file_16601,clear primary
file_16602,partly_cloudy primary
file_16603,clear primary
file_16604,partly_cloudy primary
file_16605,clear primary
file_16606,clear primary water
file_16607,clear haze primary agriculture habitation road
file_16608,partly_cloudy primary agriculture water cultivation road
file_16609,partly_cloudy primary
file_16610,clear primary
file_16611,clear primary
file_16612,clear primary agriculture
file_16613,partly_cloudy primary
file_16614,haze primary
file_16615,clear primary agriculture cultivation
file_16616,clear primary
file_16617,clear primary
file_16618,clear primary agriculture water cultivation
file_16619,clear primary
file_16620,clear primary
file_16621,clear primary
file_16622,clear primary
file_16623,partly_cloudy primary agriculture habitation road
file_16624,clear primary agriculture water
file_16625,clear primary
file_16626,clear primary water habitation road
file_16627,haze partly_cloudy cloudy primary
file_16628,clear primary agriculture cultivation
file_16629,clear primary
file_16630,clear primary agriculture water cultivation
file_16631,clear primary agriculture cultivation habitation road
file_16632,clear primary agriculture
file_16633,partly_cloudy primary agriculture water
file_16634,clear primary
file_16635,clear primary
file_16636,clear primary water road
file_16637,clear primary
file_16638,partly_cloudy primary
file_16639,clear primary
file_16640,clear primary agriculture cultivation road
file_16641,clear primary
file_16642,partly_cloudy primary
file_16643,clear primary water road selective_logging
file_16644,clear primary
file_16645,clear primary agriculture cultivation
file_16646,clear haze primary
file_16647,clear partly_cloudy primary agriculture water cultivation habitation road
file_16648,clear primary agriculture cultivation
file_16649,clear haze primary agriculture water road
file_16650,clear agriculture road bare_ground
file_16651,clear primary
file_16652,clear primary agriculture road
file_16653,clear partly_cloudy primary
file_16654,clear primary agriculture
file_16655,partly_cloudy primary
file_16656,clear primary agriculture habitation road
file_16657,clear primary
file_16658,clear primary water
file_16659,clear primary
file_16660,clear haze primary agriculture
file_16661,clear primary agriculture water cultivation habitation
file_16662,clear primary
file_16663,partly_cloudy primary
file_16664,clear primary agriculture cultivation
file_16665,clear primary agriculture
file_16666,clear primary water road
file_16667,clear primary blooming
file_16668,clear primary
file_16669,clear primary agriculture cultivation
file_16670,clear haze primary agriculture cultivation
file_16671,partly_cloudy primary
file_16672,clear primary agriculture water cultivation habitation road
file_16673,partly_cloudy primary
file_16674,partly_cloudy primary
file_16675,clear partly_cloudy primary
file_16676,partly_cloudy primary agriculture
file_16677,clear primary
file_16678,partly_cloudy cloudy primary
file_16679,haze primary agriculture water road
file_16680,clear primary agriculture water cultivation
file_16681,clear primary
file_16682,clear primary
file_16683,clear primary agriculture cultivation habitation road
file_16684,clear primary
file_16685,clear primary
file_16686,clear primary agriculture
file_16687,partly_cloudy primary
file_16688,partly_cloudy primary agriculture water road
file_16689,clear primary agriculture cultivation
file_16690,clear primary agriculture cultivation
file_16691,partly_cloudy primary water road
file_16692,clear primary agriculture water road
file_16693,clear primary
file_16694,clear primary
file_16695,clear primary
file_16696,clear primary
file_16697,clear primary agriculture road
file_16698,cloudy
file_16699,clear haze primary agriculture water
file_16700,clear primary agriculture cultivation
file_16701,clear primary agriculture cultivation
file_16702,clear primary
file_16703,clear primary
file_16704,clear primary agriculture road
file_16705,haze primary
file_16706,clear primary agriculture cultivation
file_16707,partly_cloudy primary
file_16708,clear primary
file_16709,clear primary agriculture cultivation
file_16710,partly_cloudy primary
file_16711,clear primary
file_16712,clear primary
file_16713,clear primary agriculture cultivation
file_16714,clear primary
file_16715,clear primary
file_16716,clear primary
file_16717,clear primary water road
file_16718,partly_cloudy primary
file_16719,clear primary
file_16720,clear primary agriculture cultivation road
file_16721,partly_cloudy primary agriculture road
file_16722,partly_cloudy primary agriculture road
file_16723,haze primary agriculture
file_16724,partly_cloudy primary agriculture water
file_16725,clear primary agriculture water
file_16726,clear primary agriculture cultivation
file_16727,cloudy
file_16728,clear primary
file_16729,clear primary agriculture cultivation habitation road
file_16730,clear primary agriculture water habitation road bare_ground
file_16731,partly_cloudy cloudy primary
file_16732,clear primary agriculture habitation road
file_16733,clear primary agriculture cultivation
file_16734,clear primary agriculture cultivation
file_16735,haze partly_cloudy primary
file_16736,clear primary
file_16737,clear primary agriculture cultivation
file_16738,clear primary agriculture water cultivation habitation
file_16739,partly_cloudy primary agriculture road
file_16740,partly_cloudy primary water
file_16741,clear primary agriculture habitation road
file_16742,partly_cloudy primary agriculture cultivation
file_16743,clear primary
file_16744,clear primary
file_16745,clear primary agriculture water road
file_16746,clear primary agriculture habitation road
file_16747,clear primary
file_16748,haze primary
file_16749,partly_cloudy primary
file_16750,clear haze primary agriculture habitation road
file_16751,partly_cloudy primary water
file_16752,haze primary
file_16753,clear primary agriculture water road
file_16754,partly_cloudy primary
file_16755,clear primary
file_16756,clear cloudy agriculture water
file_16757,clear primary
file_16758,clear primary agriculture water cultivation
file_16759,haze primary agriculture water
file_16760,clear primary water road selective_logging
file_16761,clear primary
file_16762,clear primary
file_16763,clear primary
file_16764,clear primary
file_16765,clear primary
file_16766,clear primary agriculture water habitation road
file_16767,clear primary agriculture water cultivation
file_16768,clear primary agriculture road
file_16769,clear primary
file_16770,clear primary water
file_16771,clear primary
file_16772,haze cloudy primary
file_16773,clear primary agriculture cultivation habitation road
file_16774,partly_cloudy primary agriculture
file_16775,clear primary
file_16776,clear primary water road
file_16777,partly_cloudy primary
file_16778,clear primary agriculture cultivation habitation road
file_16779,clear primary
file_16780,clear haze primary
file_16781,partly_cloudy primary
file_16782,clear primary agriculture
file_16783,clear primary agriculture cultivation
file_16784,partly_cloudy primary
file_16785,partly_cloudy primary water
file_16786,partly_cloudy primary
file_16787,clear primary water
file_16788,clear primary agriculture cultivation road
file_16789,clear partly_cloudy primary agriculture water
file_16790,clear primary
file_16791,partly_cloudy primary
file_16792,clear primary
file_16793,clear primary
file_16794,clear primary
file_16795,clear primary
file_16796,haze primary
file_16797,partly_cloudy primary agriculture road
file_16798,clear partly_cloudy primary agriculture water cultivation bare_ground
file_16799,clear primary
file_16800,clear primary
file_16801,clear primary
file_16802,clear primary
file_16803,clear primary agriculture water
file_16804,clear cloudy water
file_16805,clear primary
file_16806,clear primary water
file_16807,clear primary agriculture habitation road bare_ground
file_16808,clear primary blooming
file_16809,clear primary agriculture habitation road
file_16810,clear haze primary
file_16811,partly_cloudy primary
file_16812,clear primary
file_16813,clear primary
file_16814,clear cloudy water
file_16815,clear primary water
file_16816,haze primary water
file_16817,clear primary agriculture water cultivation
file_16818,clear primary agriculture habitation road
file_16819,clear primary
file_16820,clear cloudy primary water
file_16821,haze cloudy
file_16822,clear primary
file_16823,clear primary agriculture cultivation
file_16824,clear primary
file_16825,clear primary
file_16826,partly_cloudy primary
file_16827,clear primary agriculture
file_16828,clear primary
file_16829,clear agriculture bare_ground
file_16830,clear primary agriculture cultivation habitation
file_16831,clear primary
file_16832,partly_cloudy primary
file_16833,partly_cloudy primary
file_16834,clear partly_cloudy primary
file_16835,clear primary
file_16836,clear primary
file_16837,clear primary water road
file_16838,partly_cloudy primary
file_16839,clear primary
file_16840,clear primary
file_16841,clear primary agriculture cultivation road
file_16842,partly_cloudy primary agriculture cultivation road
file_16843,haze partly_cloudy primary
file_16844,clear primary
file_16845,clear primary
file_16846,clear primary agriculture water
file_16847,clear primary
file_16848,clear primary
file_16849,clear haze primary agriculture water
file_16850,clear primary agriculture
file_16851,clear partly_cloudy primary agriculture cultivation road
file_16852,partly_cloudy primary agriculture water cultivation habitation road
file_16853,clear primary
file_16854,clear primary agriculture cultivation
file_16855,clear primary agriculture
file_16856,partly_cloudy primary agriculture water road
file_16857,clear haze primary
file_16858,haze cloudy primary
file_16859,partly_cloudy primary agriculture cultivation
file_16860,haze cloudy primary
file_16861,clear primary agriculture road
file_16862,clear primary
file_16863,cloudy
file_16864,clear primary agriculture cultivation
file_16865,clear primary
file_16866,partly_cloudy primary agriculture cultivation
file_16867,clear primary agriculture water cultivation habitation road
file_16868,partly_cloudy primary agriculture road
file_16869,clear primary
file_16870,partly_cloudy primary
file_16871,clear primary agriculture water road
file_16872,partly_cloudy primary agriculture cultivation
file_16873,partly_cloudy primary agriculture water cultivation road
file_16874,haze primary
file_16875,partly_cloudy primary agriculture
file_16876,clear primary
file_16877,clear primary
file_16878,partly_cloudy primary agriculture water cultivation habitation road
file_16879,clear primary agriculture cultivation
file_16880,clear primary agriculture habitation road
file_16881,partly_cloudy primary water
file_16882,partly_cloudy primary water
file_16883,clear primary agriculture habitation road
file_16884,clear primary water road
file_16885,clear primary agriculture habitation road
file_16886,clear primary
file_16887,clear partly_cloudy primary agriculture water cultivation habitation road
file_16888,clear primary water
file_16889,clear primary agriculture cultivation road
file_16890,clear primary
file_16891,partly_cloudy primary
file_16892,clear primary
file_16893,clear primary
file_16894,clear primary agriculture water
file_16895,clear primary agriculture water habitation road
file_16896,clear primary
file_16897,clear haze primary
file_16898,partly_cloudy primary
file_16899,partly_cloudy primary agriculture
file_16900,clear primary agriculture
file_16901,haze cloudy primary
file_16902,clear primary agriculture water
file_16903,clear primary
file_16904,clear primary agriculture water habitation
file_16905,clear primary agriculture water cultivation
file_16906,clear primary
file_16907,partly_cloudy primary
file_16908,clear primary
file_16909,clear primary agriculture cultivation road
file_16910,clear haze cloudy primary water
file_16911,clear haze primary agriculture water
file_16912,clear partly_cloudy primary
file_16913,clear primary habitation road
file_16914,clear primary
file_16915,clear primary water road artisinal_mine selective_logging
file_16916,clear primary
file_16917,cloudy
file_16918,clear primary agriculture cultivation
file_16919,partly_cloudy primary
file_16920,clear primary
file_16921,clear primary agriculture cultivation road
file_16922,partly_cloudy primary agriculture water road
file_16923,clear primary
file_16924,partly_cloudy primary agriculture water road
file_16925,partly_cloudy primary
file_16926,clear primary
file_16927,partly_cloudy primary
file_16928,clear primary
file_16929,clear primary
file_16930,clear primary
file_16931,clear primary
file_16932,clear primary agriculture water cultivation
file_16933,clear primary
file_16934,clear primary agriculture water habitation road
file_16935,partly_cloudy primary
file_16936,clear primary
file_16937,clear primary
file_16938,clear primary
file_16939,clear primary water
file_16940,clear primary water bare_ground artisinal_mine
file_16941,clear primary
file_16942,clear primary agriculture cultivation habitation road
file_16943,clear primary
file_16944,clear primary agriculture cultivation
file_16945,partly_cloudy primary agriculture habitation road
file_16946,clear primary cultivation
file_16947,partly_cloudy primary agriculture road
file_16948,partly_cloudy primary
file_16949,clear primary
file_16950,clear primary
file_16951,clear primary agriculture
file_16952,clear haze primary
file_16953,partly_cloudy primary
file_16954,clear haze primary
file_16955,clear primary agriculture cultivation habitation road
file_16956,clear primary agriculture cultivation road
file_16957,clear partly_cloudy primary
file_16958,partly_cloudy primary agriculture cultivation
file_16959,clear primary water road selective_logging
file_16960,clear primary
file_16961,clear primary agriculture water road
file_16962,partly_cloudy primary agriculture water
file_16963,clear primary
file_16964,clear cloudy water
file_16965,clear partly_cloudy primary
file_16966,partly_cloudy primary
file_16967,clear primary
file_16968,partly_cloudy primary
file_16969,clear primary agriculture bare_ground
file_16970,haze cloudy
file_16971,clear primary
file_16972,clear primary agriculture water cultivation habitation road
file_16973,partly_cloudy primary agriculture cultivation
file_16974,clear primary
file_16975,clear primary agriculture cultivation habitation road
file_16976,clear primary blooming
file_16977,clear primary
file_16978,clear primary water road bare_ground artisinal_mine
file_16979,clear primary
file_16980,clear primary
file_16981,clear primary
file_16982,clear haze primary agriculture cultivation
file_16983,clear primary
file_16984,cloudy
file_16985,clear primary water
file_16986,clear primary agriculture cultivation
file_16987,haze primary
file_16988,clear cloudy water
file_16989,partly_cloudy primary
file_16990,clear primary
file_16991,clear primary
file_16992,clear primary
file_16993,clear primary water
file_16994,clear primary agriculture road
file_16995,clear haze primary
file_16996,clear primary agriculture water road
file_16997,clear primary agriculture water cultivation road
file_16998,clear primary road blooming selective_logging
file_16999,partly_cloudy primary
file_17000,partly_cloudy primary water road
file_17001,clear primary agriculture cultivation habitation road
file_17002,clear primary water
file_17003,clear primary
file_17004,clear primary
file_17005,clear partly_cloudy primary agriculture cultivation
file_17006,clear primary agriculture cultivation
file_17007,clear haze primary agriculture water road
file_17008,clear primary
file_17009,clear primary water
file_17010,clear primary agriculture water
file_17011,clear primary
file_17012,partly_cloudy primary
file_17013,clear primary
file_17014,haze cloudy
file_17015,clear primary
file_17016,partly_cloudy primary
file_17017,clear primary agriculture water cultivation habitation road
file_17018,cloudy
file_17019,clear cloudy water
file_17020,clear primary
file_17021,clear primary
file_17022,clear primary
file_17023,partly_cloudy primary
file_17024,partly_cloudy primary agriculture road
file_17025,partly_cloudy primary
file_17026,clear haze primary
file_17027,clear primary agriculture road
file_17028,cloudy
file_17029,clear primary
file_17030,clear primary
file_17031,clear haze primary
file_17032,clear primary agriculture road
file_17033,clear primary agriculture water cultivation
file_17034,clear primary agriculture water road
file_17035,clear primary agriculture habitation road
file_17036,clear primary
file_17037,clear primary
file_17038,haze cloudy primary
file_17039,clear primary water
file_17040,clear primary
file_17041,clear primary
file_17042,clear primary agriculture water habitation road
file_17043,clear primary water
file_17044,clear primary
file_17045,partly_cloudy primary agriculture habitation road
file_17046,clear primary agriculture cultivation
file_17047,clear primary agriculture
file_17048,clear primary
file_17049,partly_cloudy primary
file_17050,clear primary
file_17051,clear primary agriculture cultivation habitation road
file_17052,clear primary water
file_17053,partly_cloudy primary agriculture road
file_17054,partly_cloudy primary agriculture water
file_17055,clear primary water
file_17056,partly_cloudy primary
file_17057,clear primary
file_17058,clear partly_cloudy primary
file_17059,partly_cloudy primary
file_17060,clear primary
file_17061,clear primary water
file_17062,clear primary
file_17063,clear primary agriculture road
file_17064,clear primary
file_17065,clear primary
file_17066,clear primary
file_17067,clear primary
file_17068,cloudy
file_17069,partly_cloudy primary agriculture water
file_17070,partly_cloudy primary agriculture cultivation
file_17071,clear primary
file_17072,clear primary
file_17073,clear primary agriculture cultivation
file_17074,clear primary agriculture bare_ground
file_17075,partly_cloudy cloudy
file_17076,clear primary
file_17077,clear primary
file_17078,clear primary
file_17079,clear primary water road selective_logging
file_17080,clear primary water road
file_17081,clear primary water road
file_17082,clear primary
file_17083,cloudy
file_17084,clear partly_cloudy primary agriculture habitation road
file_17085,clear primary water road
file_17086,partly_cloudy primary water
file_17087,clear primary
file_17088,clear primary
file_17089,clear primary water
file_17090,clear primary agriculture cultivation
file_17091,clear haze primary
file_17092,clear primary water bare_ground artisinal_mine
file_17093,clear primary
file_17094,clear primary water bare_ground artisinal_mine
file_17095,clear primary agriculture habitation road
file_17096,clear primary agriculture
file_17097,clear primary
file_17098,clear primary agriculture
file_17099,clear haze primary agriculture water habitation
file_17100,clear primary agriculture road
file_17101,clear primary
file_17102,clear primary
file_17103,clear primary agriculture water road
file_17104,clear primary agriculture water bare_ground
file_17105,clear primary water road
file_17106,clear primary
file_17107,clear primary
file_17108,clear primary agriculture cultivation habitation
file_17109,clear cloudy water
file_17110,clear primary
file_17111,clear primary agriculture water
file_17112,clear primary
file_17113,partly_cloudy cloudy primary agriculture
file_17114,clear primary
file_17115,clear primary agriculture habitation road
file_17116,clear primary
file_17117,clear primary
file_17118,clear partly_cloudy primary road
file_17119,clear primary
file_17120,partly_cloudy primary
file_17121,clear cloudy water
file_17122,partly_cloudy primary
file_17123,partly_cloudy primary
file_17124,clear primary agriculture road
file_17125,clear primary agriculture bare_ground
file_17126,clear haze primary agriculture water
file_17127,clear primary agriculture cultivation
file_17128,partly_cloudy primary agriculture cultivation
file_17129,clear primary
file_17130,clear primary
file_17131,clear primary agriculture habitation road bare_ground
file_17132,clear primary agriculture cultivation
file_17133,haze primary
file_17134,clear primary agriculture bare_ground
file_17135,clear primary
file_17136,clear primary agriculture habitation road bare_ground
file_17137,clear primary agriculture cultivation
file_17138,clear primary agriculture road
file_17139,clear primary
file_17140,clear primary
file_17141,partly_cloudy primary
file_17142,clear primary
file_17143,partly_cloudy primary
file_17144,clear primary agriculture water cultivation
file_17145,clear primary
file_17146,clear primary agriculture cultivation habitation
file_17147,clear primary agriculture habitation road
file_17148,clear primary
file_17149,clear primary
file_17150,clear haze primary
file_17151,clear primary
file_17152,clear primary agriculture water
file_17153,cloudy
file_17154,partly_cloudy primary agriculture cultivation
file_17155,clear primary agriculture water cultivation
file_17156,clear primary agriculture water road
file_17157,clear primary agriculture road
file_17158,partly_cloudy primary
file_17159,partly_cloudy primary
file_17160,clear primary
file_17161,clear primary agriculture cultivation
file_17162,haze cloudy primary
file_17163,clear primary agriculture cultivation
file_17164,clear haze primary
file_17165,cloudy
file_17166,clear primary agriculture cultivation
file_17167,clear primary
file_17168,clear primary
file_17169,clear primary
file_17170,clear primary agriculture water habitation road bare_ground
file_17171,clear primary
file_17172,clear primary agriculture habitation road
file_17173,clear primary agriculture cultivation
file_17174,partly_cloudy cloudy primary water
file_17175,clear primary
file_17176,partly_cloudy primary
file_17177,clear primary
file_17178,clear primary agriculture water road
file_17179,clear primary agriculture habitation road
file_17180,clear primary water habitation road
file_17181,clear primary
file_17182,clear primary
file_17183,clear primary
file_17184,clear primary agriculture cultivation
file_17185,partly_cloudy primary agriculture cultivation
file_17186,cloudy
file_17187,clear partly_cloudy primary agriculture water
file_17188,clear haze primary agriculture road
file_17189,partly_cloudy primary agriculture cultivation habitation road
file_17190,partly_cloudy primary agriculture cultivation
file_17191,partly_cloudy primary
file_17192,clear primary agriculture water habitation road
file_17193,partly_cloudy primary agriculture cultivation
file_17194,haze cloudy primary
file_17195,clear primary agriculture water cultivation habitation road
file_17196,clear primary agriculture road
file_17197,partly_cloudy primary
file_17198,haze cloudy
file_17199,clear primary
file_17200,clear primary
file_17201,clear primary
file_17202,clear primary
file_17203,haze primary agriculture water
file_17204,clear primary water road
file_17205,clear primary agriculture water habitation road
file_17206,clear partly_cloudy primary agriculture road
file_17207,haze primary agriculture water cultivation
file_17208,clear primary
file_17209,clear primary
file_17210,clear primary
file_17211,partly_cloudy primary agriculture cultivation
file_17212,clear primary
file_17213,clear primary
file_17214,clear primary agriculture cultivation road
file_17215,partly_cloudy primary
file_17216,clear primary
file_17217,haze primary
file_17218,partly_cloudy primary
file_17219,clear primary
file_17220,clear primary
file_17221,clear primary
file_17222,clear primary
file_17223,partly_cloudy primary
file_17224,clear primary agriculture cultivation
file_17225,haze primary water
file_17226,clear primary
file_17227,clear partly_cloudy primary agriculture road
file_17228,clear primary water
file_17229,clear primary agriculture road
file_17230,clear primary agriculture cultivation
file_17231,cloudy
file_17232,clear primary agriculture road
file_17233,partly_cloudy primary
file_17234,clear primary agriculture cultivation
file_17235,partly_cloudy primary
file_17236,clear primary agriculture road
file_17237,clear primary
file_17238,clear primary agriculture road
file_17239,partly_cloudy primary
file_17240,clear primary agriculture road
file_17241,clear primary agriculture water road
file_17242,clear primary
file_17243,clear primary
file_17244,clear primary water
file_17245,partly_cloudy primary agriculture habitation road
file_17246,partly_cloudy primary agriculture
file_17247,clear primary agriculture road
file_17248,partly_cloudy primary
file_17249,clear primary
file_17250,partly_cloudy primary
file_17251,clear primary agriculture cultivation habitation
file_17252,clear primary agriculture water road
file_17253,haze primary water
file_17254,partly_cloudy primary
file_17255,clear haze primary
file_17256,partly_cloudy primary
file_17257,clear primary
file_17258,clear partly_cloudy primary water road
file_17259,clear primary
file_17260,haze cloudy primary
file_17261,clear primary
file_17262,haze partly_cloudy primary agriculture
file_17263,clear primary agriculture water road
file_17264,clear primary agriculture habitation road
file_17265,partly_cloudy primary
file_17266,clear primary agriculture road
file_17267,clear primary
file_17268,clear primary
file_17269,clear primary
file_17270,haze cloudy primary water
file_17271,clear primary agriculture cultivation
file_17272,clear primary
file_17273,clear primary agriculture water road
file_17274,clear primary
file_17275,clear primary water
file_17276,clear primary agriculture
file_17277,clear primary agriculture cultivation
file_17278,clear primary agriculture cultivation
file_17279,clear primary agriculture road
file_17280,clear primary agriculture water
file_17281,haze primary
file_17282,clear primary water
file_17283,clear primary
file_17284,partly_cloudy primary
file_17285,clear primary
file_17286,clear primary water road
file_17287,partly_cloudy primary agriculture water road
file_17288,clear primary
file_17289,clear primary
file_17290,clear primary
file_17291,clear primary
file_17292,partly_cloudy primary
file_17293,clear primary
file_17294,clear primary water
file_17295,haze cloudy
file_17296,clear primary
file_17297,clear primary
file_17298,clear primary water
file_17299,haze partly_cloudy cloudy primary
file_17300,clear primary agriculture cultivation habitation road
file_17301,partly_cloudy primary agriculture
file_17302,clear primary agriculture cultivation habitation road
file_17303,clear primary agriculture cultivation habitation road
file_17304,clear primary
file_17305,clear primary
file_17306,cloudy
file_17307,clear primary
file_17308,clear primary agriculture
file_17309,clear primary agriculture cultivation
file_17310,cloudy
file_17311,clear primary
file_17312,partly_cloudy primary agriculture water road
file_17313,clear primary
file_17314,haze primary
file_17315,clear primary
file_17316,partly_cloudy primary
file_17317,clear primary
file_17318,clear primary
file_17319,cloudy
file_17320,clear primary
file_17321,clear primary agriculture water habitation road
file_17322,clear primary
file_17323,clear primary agriculture road
file_17324,clear primary water
file_17325,clear primary water road
file_17326,partly_cloudy cloudy primary
file_17327,clear primary agriculture habitation road
file_17328,clear primary agriculture habitation road
file_17329,clear primary agriculture road
file_17330,clear primary
file_17331,clear primary agriculture road bare_ground
file_17332,clear primary
file_17333,clear primary
file_17334,clear primary
file_17335,clear primary
file_17336,clear primary agriculture cultivation
file_17337,partly_cloudy primary
file_17338,cloudy
file_17339,clear primary
file_17340,clear primary agriculture water
file_17341,clear primary water
file_17342,clear primary agriculture
file_17343,clear primary
file_17344,clear primary
file_17345,clear primary
file_17346,clear partly_cloudy primary
file_17347,haze primary
file_17348,clear primary
file_17349,clear primary agriculture habitation road
file_17350,clear primary
file_17351,clear primary agriculture water road
file_17352,clear primary
file_17353,clear primary
file_17354,clear primary
file_17355,clear primary agriculture cultivation
file_17356,clear primary
file_17357,clear primary water
file_17358,clear primary habitation road
file_17359,clear primary habitation road
file_17360,clear primary agriculture water road
file_17361,partly_cloudy primary
file_17362,clear primary
file_17363,partly_cloudy primary agriculture cultivation
file_17364,partly_cloudy primary agriculture water cultivation
file_17365,clear primary
file_17366,cloudy
file_17367,clear primary
file_17368,clear primary
file_17369,clear primary
file_17370,clear primary
file_17371,clear primary water
file_17372,clear primary agriculture cultivation
file_17373,partly_cloudy primary
file_17374,clear primary
file_17375,clear primary water
file_17376,clear primary
file_17377,clear primary agriculture water cultivation habitation
file_17378,clear primary agriculture cultivation habitation road
file_17379,clear primary
file_17380,clear partly_cloudy primary agriculture cultivation road
file_17381,clear primary
file_17382,clear primary
file_17383,clear primary
file_17384,clear primary
file_17385,clear primary water
file_17386,clear primary agriculture habitation road
file_17387,clear primary agriculture cultivation
file_17388,clear primary
file_17389,clear primary agriculture water
file_17390,partly_cloudy primary
file_17391,clear primary agriculture cultivation habitation road
file_17392,partly_cloudy primary agriculture water cultivation habitation road
file_17393,clear primary agriculture habitation road
file_17394,clear primary agriculture cultivation
file_17395,clear primary
file_17396,partly_cloudy cloudy primary agriculture water
file_17397,clear primary
file_17398,clear primary
file_17399,clear partly_cloudy primary agriculture cultivation
file_17400,clear primary agriculture habitation road bare_ground
file_17401,clear primary water road selective_logging
file_17402,clear primary
file_17403,partly_cloudy primary agriculture road
file_17404,clear primary agriculture cultivation habitation road
file_17405,clear primary
file_17406,clear primary agriculture cultivation habitation road
file_17407,clear primary
file_17408,clear haze primary
file_17409,clear primary
file_17410,clear partly_cloudy primary agriculture water
file_17411,clear primary
file_17412,clear primary water
file_17413,clear primary agriculture water road bare_ground
file_17414,clear primary
file_17415,partly_cloudy primary
file_17416,clear primary
file_17417,clear primary
file_17418,clear primary water bare_ground artisinal_mine
file_17419,clear partly_cloudy primary agriculture cultivation habitation
file_17420,partly_cloudy primary water
file_17421,clear primary agriculture cultivation habitation road
file_17422,clear primary
file_17423,clear primary
file_17424,clear primary agriculture road
file_17425,cloudy
file_17426,clear primary
file_17427,clear primary
file_17428,clear primary
file_17429,clear primary
file_17430,clear primary
file_17431,clear primary
file_17432,clear primary agriculture cultivation road
file_17433,clear primary
file_17434,clear primary agriculture water road
file_17435,partly_cloudy primary
file_17436,partly_cloudy primary agriculture cultivation road
file_17437,partly_cloudy primary agriculture road
file_17438,partly_cloudy primary
file_17439,clear primary agriculture water road
file_17440,clear primary agriculture cultivation habitation road
file_17441,clear primary agriculture road bare_ground
file_17442,partly_cloudy primary
file_17443,clear primary agriculture road
file_17444,haze cloudy primary
file_17445,clear primary
file_17446,clear primary
file_17447,clear primary
file_17448,clear primary
file_17449,clear primary agriculture road
file_17450,clear primary water
file_17451,clear primary
file_17452,clear partly_cloudy primary agriculture water
file_17453,clear primary
file_17454,clear primary
file_17455,partly_cloudy primary
file_17456,clear primary agriculture bare_ground
file_17457,clear primary agriculture water
file_17458,clear primary agriculture water road
file_17459,haze cloudy primary
file_17460,clear primary water road selective_logging
file_17461,clear haze primary agriculture
file_17462,haze primary
file_17463,clear primary
file_17464,clear primary
file_17465,haze primary
file_17466,clear primary
file_17467,clear primary
file_17468,clear primary road selective_logging
file_17469,clear primary
file_17470,clear primary agriculture cultivation road
file_17471,clear primary agriculture water cultivation habitation road
file_17472,clear primary water road
file_17473,clear primary agriculture road
file_17474,partly_cloudy primary agriculture
file_17475,clear primary
file_17476,cloudy
file_17477,clear primary agriculture road
file_17478,clear primary
file_17479,partly_cloudy primary
file_17480,clear primary
file_17481,clear primary
file_17482,clear primary
file_17483,clear partly_cloudy primary agriculture cultivation habitation road
file_17484,clear primary agriculture road bare_ground
file_17485,clear primary
file_17486,clear primary
file_17487,haze cloudy primary
file_17488,haze cloudy
file_17489,haze primary
file_17490,clear primary water
file_17491,clear haze primary agriculture water
file_17492,clear primary water
file_17493,haze cloudy
file_17494,haze primary
file_17495,clear primary agriculture cultivation habitation road
file_17496,clear primary agriculture habitation road bare_ground
file_17497,clear partly_cloudy primary agriculture habitation road
file_17498,cloudy
file_17499,clear haze primary agriculture road
file_17500,clear primary agriculture cultivation habitation road
file_17501,clear primary agriculture water cultivation habitation road
file_17502,clear primary
file_17503,clear primary water
file_17504,clear primary
file_17505,clear primary
file_17506,clear primary
file_17507,partly_cloudy primary
file_17508,clear primary
file_17509,clear primary
file_17510,clear primary
file_17511,clear primary
file_17512,partly_cloudy primary agriculture
file_17513,partly_cloudy primary agriculture cultivation habitation
file_17514,partly_cloudy primary
file_17515,partly_cloudy primary
file_17516,clear primary
file_17517,clear cloudy water
file_17518,clear primary agriculture
file_17519,haze primary water
file_17520,clear primary agriculture road
file_17521,clear partly_cloudy primary water
file_17522,clear primary
file_17523,cloudy
file_17524,clear primary agriculture habitation road
file_17525,clear primary
file_17526,clear primary agriculture water cultivation habitation
file_17527,partly_cloudy primary
file_17528,partly_cloudy primary agriculture cultivation
file_17529,clear primary agriculture water road
file_17530,partly_cloudy primary agriculture
file_17531,clear primary
file_17532,clear primary agriculture road
file_17533,clear primary
file_17534,clear haze primary water
file_17535,clear primary agriculture cultivation
file_17536,clear primary
file_17537,haze cloudy
file_17538,clear primary
file_17539,clear primary agriculture habitation road
file_17540,clear primary agriculture water cultivation habitation road
file_17541,clear primary
file_17542,clear primary
file_17543,clear primary agriculture cultivation
file_17544,partly_cloudy cloudy primary
file_17545,partly_cloudy primary agriculture water road
file_17546,clear primary
file_17547,clear primary agriculture water
file_17548,partly_cloudy primary
file_17549,haze partly_cloudy cloudy primary
file_17550,partly_cloudy primary
file_17551,partly_cloudy primary
file_17552,clear primary agriculture habitation road
file_17553,clear primary
file_17554,clear primary
file_17555,clear partly_cloudy primary agriculture water habitation road
file_17556,partly_cloudy primary
file_17557,clear primary water
file_17558,clear primary agriculture water cultivation road
file_17559,clear haze primary
file_17560,clear primary agriculture cultivation
file_17561,clear primary agriculture water cultivation road
file_17562,partly_cloudy primary
file_17563,clear primary water road
file_17564,partly_cloudy primary
file_17565,clear primary
file_17566,partly_cloudy primary agriculture road
file_17567,clear primary
file_17568,clear primary water road artisinal_mine selective_logging
file_17569,clear primary agriculture water cultivation road
file_17570,clear primary
file_17571,clear primary
file_17572,clear primary water road
file_17573,partly_cloudy primary agriculture
file_17574,clear primary
file_17575,clear primary
file_17576,clear primary
file_17577,haze primary agriculture water
file_17578,clear primary agriculture cultivation
file_17579,clear primary
file_17580,clear primary agriculture cultivation habitation
file_17581,clear primary
file_17582,clear primary
file_17583,partly_cloudy primary agriculture water road
file_17584,clear primary agriculture water cultivation
file_17585,clear primary
file_17586,clear primary
file_17587,clear primary water road
file_17588,clear primary
file_17589,haze partly_cloudy primary agriculture road
file_17590,clear primary agriculture
file_17591,clear primary agriculture water road
file_17592,partly_cloudy cloudy primary agriculture water
file_17593,clear primary agriculture cultivation
file_17594,clear primary
file_17595,clear primary agriculture cultivation
file_17596,clear primary
file_17597,clear primary
file_17598,clear primary water
file_17599,partly_cloudy primary water
file_17600,clear primary
file_17601,clear primary
file_17602,clear haze primary
file_17603,clear primary
file_17604,clear primary
file_17605,clear primary agriculture water cultivation habitation
file_17606,clear primary water
file_17607,haze primary
file_17608,clear primary blooming
file_17609,clear primary agriculture water cultivation habitation road
file_17610,clear primary agriculture cultivation
file_17611,clear haze primary agriculture habitation road
file_17612,clear primary
file_17613,partly_cloudy primary
file_17614,clear partly_cloudy primary
file_17615,clear haze primary
file_17616,clear primary water
file_17617,clear cloudy water
file_17618,clear primary
file_17619,clear primary agriculture bare_ground
file_17620,partly_cloudy primary agriculture cultivation
file_17621,haze primary agriculture road
file_17622,clear primary water road
file_17623,clear primary agriculture road
file_17624,clear primary agriculture water
file_17625,clear primary
file_17626,clear primary water
file_17627,clear partly_cloudy primary
file_17628,clear primary agriculture cultivation
file_17629,clear primary agriculture cultivation
file_17630,clear cloudy water
file_17631,clear primary agriculture habitation road
file_17632,clear primary agriculture road
file_17633,clear primary agriculture road
file_17634,partly_cloudy primary
file_17635,clear primary
file_17636,clear primary agriculture road
file_17637,clear primary
file_17638,partly_cloudy primary
file_17639,clear primary agriculture road bare_ground
file_17640,clear primary agriculture cultivation
file_17641,clear partly_cloudy primary agriculture cultivation
file_17642,clear primary
file_17643,clear primary
file_17644,partly_cloudy cloudy primary agriculture water
file_17645,haze cloudy primary
file_17646,clear haze primary
file_17647,partly_cloudy primary agriculture cultivation habitation road
file_17648,clear primary
file_17649,clear primary agriculture habitation road
file_17650,clear primary
file_17651,clear primary water
file_17652,haze primary
file_17653,clear primary
file_17654,clear primary
file_17655,haze primary
file_17656,partly_cloudy primary
file_17657,clear primary agriculture cultivation road
file_17658,clear primary agriculture water road
file_17659,clear primary agriculture water cultivation habitation road
file_17660,partly_cloudy primary agriculture
file_17661,clear primary
file_17662,clear primary agriculture cultivation
file_17663,clear primary
file_17664,clear primary agriculture water road
file_17665,clear primary
file_17666,partly_cloudy primary
file_17667,clear primary
file_17668,clear primary agriculture cultivation habitation
file_17669,partly_cloudy primary
file_17670,clear primary agriculture cultivation habitation road
file_17671,clear primary agriculture cultivation
file_17672,clear haze primary
file_17673,clear primary
file_17674,clear primary water habitation
file_17675,clear primary
file_17676,clear primary
file_17677,clear primary agriculture water habitation road conventional_mine bare_ground
file_17678,partly_cloudy primary
file_17679,clear primary
file_17680,clear primary
file_17681,clear primary agriculture cultivation
file_17682,clear primary blooming
file_17683,clear primary
file_17684,clear primary
file_17685,clear haze primary water
file_17686,clear cloudy primary water
file_17687,clear primary water
file_17688,clear partly_cloudy primary
file_17689,clear primary
file_17690,clear primary agriculture cultivation habitation road
file_17691,clear primary
file_17692,partly_cloudy primary agriculture
file_17693,cloudy
file_17694,clear primary
file_17695,clear primary agriculture cultivation road
file_17696,clear primary agriculture cultivation
file_17697,haze cloudy primary
file_17698,clear primary
file_17699,clear primary
file_17700,clear primary
file_17701,clear primary
file_17702,haze cloudy primary
file_17703,partly_cloudy primary
file_17704,clear primary water
file_17705,clear primary agriculture cultivation
file_17706,haze cloudy primary
file_17707,haze cloudy primary
file_17708,clear primary
file_17709,clear primary
file_17710,clear primary water
file_17711,clear haze primary agriculture water
file_17712,cloudy
file_17713,clear primary agriculture road bare_ground
file_17714,partly_cloudy cloudy primary water
file_17715,clear primary
file_17716,clear primary water habitation road
file_17717,clear primary agriculture cultivation road
file_17718,clear partly_cloudy primary
file_17719,clear primary
file_17720,clear primary agriculture water
file_17721,partly_cloudy primary agriculture
file_17722,partly_cloudy primary agriculture cultivation
file_17723,clear primary agriculture water bare_ground
file_17724,clear primary agriculture road
file_17725,clear primary agriculture water road
file_17726,haze primary
file_17727,clear partly_cloudy primary
file_17728,clear primary agriculture cultivation
file_17729,clear primary
file_17730,clear primary
file_17731,clear primary agriculture cultivation
file_17732,clear primary
file_17733,clear primary agriculture water
file_17734,clear primary
file_17735,clear primary
file_17736,partly_cloudy primary
file_17737,clear primary
file_17738,clear primary agriculture cultivation
file_17739,clear primary agriculture water
file_17740,partly_cloudy primary water
file_17741,clear primary agriculture cultivation
file_17742,clear primary
file_17743,clear primary agriculture cultivation
file_17744,clear primary
file_17745,haze primary
file_17746,partly_cloudy primary water road
file_17747,partly_cloudy primary agriculture cultivation
file_17748,cloudy
file_17749,clear primary agriculture water cultivation
file_17750,clear primary agriculture cultivation
file_17751,partly_cloudy primary agriculture road
file_17752,clear primary
file_17753,cloudy
file_17754,clear primary water
file_17755,clear primary
file_17756,clear primary agriculture cultivation
file_17757,clear primary water
file_17758,clear primary
file_17759,clear primary
file_17760,clear cloudy primary water
file_17761,clear cloudy agriculture bare_ground
file_17762,clear haze primary agriculture cultivation
file_17763,clear primary water road conventional_mine bare_ground artisinal_mine
file_17764,clear primary agriculture water habitation road
file_17765,clear primary
file_17766,cloudy
file_17767,clear partly_cloudy primary water road
file_17768,partly_cloudy primary
file_17769,clear primary
file_17770,clear primary
file_17771,clear primary agriculture
file_17772,clear primary agriculture cultivation
file_17773,clear primary agriculture road
file_17774,clear primary agriculture cultivation
file_17775,clear primary agriculture road
file_17776,clear primary
file_17777,clear primary
file_17778,partly_cloudy primary agriculture water
file_17779,clear primary
file_17780,haze cloudy primary
file_17781,partly_cloudy primary
file_17782,clear primary
file_17783,clear primary agriculture cultivation habitation
file_17784,clear primary
file_17785,haze primary agriculture
file_17786,clear primary water road
file_17787,clear primary agriculture road
file_17788,clear haze primary water
file_17789,clear primary agriculture cultivation habitation
file_17790,clear primary agriculture road
file_17791,clear primary
file_17792,clear primary
file_17793,clear primary
file_17794,clear primary agriculture water
file_17795,clear primary
file_17796,partly_cloudy primary agriculture cultivation
file_17797,clear primary
file_17798,clear primary
file_17799,clear primary agriculture cultivation
file_17800,partly_cloudy primary agriculture water road
file_17801,clear primary water
file_17802,haze primary
file_17803,partly_cloudy primary
file_17804,clear primary water
file_17805,clear primary
file_17806,clear primary road selective_logging
file_17807,clear partly_cloudy primary agriculture cultivation road
file_17808,clear primary agriculture cultivation
file_17809,clear primary agriculture water habitation road
file_17810,clear primary
file_17811,clear primary
file_17812,partly_cloudy primary
file_17813,clear primary
file_17814,clear primary agriculture water cultivation
file_17815,clear partly_cloudy primary
file_17816,partly_cloudy primary
file_17817,clear primary
file_17818,cloudy
file_17819,partly_cloudy primary agriculture cultivation
file_17820,partly_cloudy primary
file_17821,clear primary agriculture habitation road
file_17822,clear partly_cloudy primary
file_17823,haze primary
file_17824,clear primary cultivation
file_17825,haze cloudy
file_17826,partly_cloudy cloudy primary
file_17827,partly_cloudy primary agriculture cultivation
file_17828,clear cloudy primary water
file_17829,partly_cloudy primary agriculture water road
file_17830,clear primary
file_17831,clear haze primary agriculture water road
file_17832,clear primary
file_17833,cloudy
file_17834,clear cloudy primary water
file_17835,cloudy
file_17836,partly_cloudy primary agriculture road
file_17837,clear primary
file_17838,clear primary
file_17839,clear primary
file_17840,clear partly_cloudy primary road
file_17841,clear primary
file_17842,partly_cloudy primary
file_17843,clear primary
file_17844,clear primary agriculture cultivation
file_17845,clear primary agriculture cultivation habitation road
file_17846,clear primary agriculture cultivation
file_17847,clear primary
file_17848,clear haze primary
file_17849,clear primary
file_17850,clear haze primary
file_17851,clear primary
file_17852,clear primary
file_17853,clear primary water road selective_logging
file_17854,haze primary
file_17855,clear primary water artisinal_mine
file_17856,clear haze primary agriculture cultivation
file_17857,clear primary
file_17858,haze primary agriculture road
file_17859,clear primary agriculture water road
file_17860,clear primary
file_17861,clear primary
file_17862,clear primary
file_17863,clear primary water
file_17864,clear primary
file_17865,cloudy
file_17866,clear primary agriculture habitation road
file_17867,clear primary
file_17868,clear primary
file_17869,partly_cloudy primary
file_17870,clear primary
file_17871,clear primary water road selective_logging
file_17872,cloudy
file_17873,clear primary agriculture water road
file_17874,clear primary
file_17875,clear primary
file_17876,partly_cloudy primary agriculture
file_17877,clear primary
file_17878,clear primary water bare_ground artisinal_mine
file_17879,clear primary agriculture road
file_17880,clear primary
file_17881,clear primary agriculture water cultivation habitation
file_17882,clear primary agriculture water cultivation habitation road artisinal_mine
file_17883,clear primary agriculture habitation road
file_17884,clear primary agriculture water
file_17885,partly_cloudy primary agriculture cultivation
file_17886,clear primary
file_17887,clear primary agriculture habitation road
file_17888,clear primary
file_17889,partly_cloudy primary
file_17890,clear primary
file_17891,clear haze primary agriculture water road
file_17892,clear primary
file_17893,clear primary water
file_17894,clear primary
file_17895,haze cloudy primary
file_17896,partly_cloudy primary
file_17897,clear primary agriculture road
file_17898,clear haze cloudy primary water
file_17899,clear primary
file_17900,clear primary
file_17901,clear cloudy primary water
file_17902,clear primary water
file_17903,clear primary
file_17904,clear primary
file_17905,clear primary agriculture cultivation habitation
file_17906,clear primary
file_17907,partly_cloudy cloudy primary
file_17908,clear primary agriculture cultivation
file_17909,clear primary agriculture water road
file_17910,clear primary agriculture cultivation
file_17911,clear primary agriculture cultivation habitation
file_17912,clear primary agriculture habitation road
file_17913,partly_cloudy cloudy primary water
file_17914,clear primary
file_17915,clear primary
file_17916,clear primary
file_17917,clear primary
file_17918,partly_cloudy cloudy primary
file_17919,clear primary
file_17920,haze partly_cloudy primary agriculture cultivation
file_17921,clear partly_cloudy primary
file_17922,clear primary
file_17923,clear primary
file_17924,clear partly_cloudy primary
file_17925,clear primary agriculture cultivation habitation road
file_17926,clear partly_cloudy primary agriculture road
file_17927,clear primary water road selective_logging
file_17928,clear partly_cloudy primary
file_17929,partly_cloudy primary agriculture road
file_17930,partly_cloudy primary
file_17931,clear primary agriculture road
file_17932,clear primary agriculture road
file_17933,clear primary agriculture road bare_ground
file_17934,clear primary water
file_17935,clear primary
file_17936,clear primary agriculture water road
file_17937,clear primary agriculture road
file_17938,clear primary agriculture cultivation
file_17939,clear primary agriculture water road
file_17940,partly_cloudy primary agriculture habitation road
file_17941,partly_cloudy primary agriculture
file_17942,clear primary
file_17943,cloudy
file_17944,clear primary agriculture habitation road
file_17945,partly_cloudy primary agriculture cultivation
file_17946,clear haze primary
file_17947,clear primary agriculture habitation road
file_17948,clear primary agriculture water road
file_17949,cloudy
file_17950,clear primary agriculture cultivation road
file_17951,clear primary
file_17952,partly_cloudy primary
file_17953,clear primary agriculture water cultivation habitation
file_17954,partly_cloudy cloudy primary
file_17955,partly_cloudy primary agriculture cultivation habitation road
file_17956,clear primary agriculture cultivation
file_17957,cloudy
file_17958,clear primary
file_17959,clear primary water road
file_17960,clear primary agriculture cultivation habitation road
file_17961,partly_cloudy primary agriculture
file_17962,clear haze primary
file_17963,clear primary
file_17964,clear primary water
file_17965,clear primary habitation road
file_17966,clear primary agriculture water road
file_17967,clear primary agriculture cultivation habitation
file_17968,partly_cloudy primary
file_17969,clear primary
file_17970,clear partly_cloudy primary agriculture
file_17971,clear primary agriculture road
file_17972,clear primary
file_17973,clear primary agriculture cultivation road
file_17974,clear primary
file_17975,clear primary
file_17976,clear primary water road
file_17977,clear primary
file_17978,clear primary
file_17979,clear primary
file_17980,clear primary agriculture cultivation road
file_17981,partly_cloudy primary agriculture cultivation habitation
file_17982,haze primary agriculture water
file_17983,clear primary agriculture road
file_17984,clear primary
file_17985,partly_cloudy primary
file_17986,cloudy
file_17987,clear primary
file_17988,clear primary agriculture water
file_17989,clear primary
file_17990,clear primary
file_17991,clear cloudy primary water
file_17992,clear primary
file_17993,clear primary
file_17994,clear primary agriculture road
file_17995,partly_cloudy primary
file_17996,clear primary water road artisinal_mine selective_logging
file_17997,partly_cloudy primary
file_17998,clear primary agriculture cultivation habitation road
file_17999,clear primary agriculture water cultivation habitation road
file_18000,clear primary
file_18001,clear primary agriculture
file_18002,clear primary water
file_18003,partly_cloudy primary
file_18004,clear primary
file_18005,clear primary agriculture cultivation
file_18006,clear primary agriculture habitation road
file_18007,clear primary
file_18008,clear primary
file_18009,clear primary
file_18010,partly_cloudy primary
file_18011,clear primary agriculture habitation road
file_18012,partly_cloudy primary agriculture cultivation
file_18013,clear primary
file_18014,clear primary agriculture cultivation
file_18015,haze partly_cloudy primary water
file_18016,clear primary agriculture cultivation
file_18017,partly_cloudy primary
file_18018,cloudy
file_18019,clear primary
file_18020,clear primary
file_18021,clear primary
file_18022,partly_cloudy primary
file_18023,clear primary
file_18024,clear primary
file_18025,clear partly_cloudy primary water
file_18026,clear primary agriculture road bare_ground
file_18027,clear primary
file_18028,partly_cloudy primary agriculture cultivation
file_18029,clear primary agriculture habitation road
file_18030,clear primary agriculture cultivation
file_18031,partly_cloudy primary
file_18032,clear primary
file_18033,clear primary water road selective_logging
file_18034,clear primary
file_18035,partly_cloudy primary
file_18036,cloudy
file_18037,clear primary
file_18038,partly_cloudy primary agriculture cultivation
file_18039,clear primary
file_18040,clear primary
file_18041,clear primary
file_18042,clear primary
file_18043,partly_cloudy primary
file_18044,clear partly_cloudy primary agriculture
file_18045,clear primary agriculture cultivation
file_18046,clear primary
file_18047,clear primary
file_18048,clear primary water
file_18049,clear primary
file_18050,clear primary agriculture cultivation road
file_18051,clear primary water habitation road bare_ground artisinal_mine
file_18052,clear primary
file_18053,clear primary agriculture road
file_18054,clear primary agriculture cultivation
file_18055,clear primary agriculture cultivation habitation
file_18056,haze primary
file_18057,clear primary agriculture road
file_18058,clear primary agriculture cultivation habitation road
file_18059,clear primary agriculture cultivation habitation road
file_18060,partly_cloudy primary
file_18061,clear primary agriculture road
file_18062,partly_cloudy primary
file_18063,partly_cloudy primary
file_18064,clear primary
file_18065,cloudy
file_18066,clear primary
file_18067,clear primary water habitation road
file_18068,partly_cloudy primary agriculture cultivation road
file_18069,clear primary
file_18070,clear primary water road bare_ground artisinal_mine
file_18071,partly_cloudy primary agriculture cultivation
file_18072,clear primary agriculture
file_18073,clear primary agriculture cultivation
file_18074,clear primary water
file_18075,clear primary
file_18076,clear partly_cloudy primary agriculture cultivation
file_18077,clear primary
file_18078,clear primary agriculture cultivation
file_18079,clear primary water road
file_18080,clear primary agriculture cultivation road
file_18081,clear primary
file_18082,haze cloudy primary
file_18083,partly_cloudy primary
file_18084,clear primary
file_18085,clear primary water
file_18086,clear primary
file_18087,clear primary
file_18088,partly_cloudy primary agriculture cultivation
file_18089,clear primary
file_18090,clear primary
file_18091,clear primary
file_18092,haze primary
file_18093,clear primary
file_18094,cloudy
file_18095,partly_cloudy primary agriculture water
file_18096,clear cloudy primary water
file_18097,clear primary agriculture cultivation habitation
file_18098,clear primary
file_18099,partly_cloudy primary
file_18100,clear primary
file_18101,clear primary water
file_18102,partly_cloudy primary
file_18103,clear primary water bare_ground artisinal_mine
file_18104,cloudy
file_18105,partly_cloudy primary
file_18106,clear primary agriculture cultivation habitation road
file_18107,clear primary
file_18108,partly_cloudy primary
file_18109,clear partly_cloudy primary agriculture cultivation
file_18110,clear primary agriculture cultivation road
file_18111,clear cloudy water
file_18112,clear primary
file_18113,clear primary
file_18114,clear primary agriculture cultivation
file_18115,partly_cloudy primary
file_18116,partly_cloudy primary
file_18117,clear primary
file_18118,clear primary agriculture water
file_18119,clear primary
file_18120,partly_cloudy primary agriculture road
file_18121,clear primary
file_18122,clear haze cloudy primary water
file_18123,clear primary water
file_18124,clear primary
file_18125,clear partly_cloudy primary agriculture water cultivation
file_18126,clear primary
file_18127,clear primary
file_18128,clear primary
file_18129,clear primary agriculture water cultivation road
file_18130,clear primary
file_18131,clear cloudy water
file_18132,partly_cloudy cloudy primary
file_18133,clear primary agriculture water habitation road
file_18134,clear partly_cloudy primary agriculture water
file_18135,clear primary
file_18136,clear primary
file_18137,partly_cloudy primary
file_18138,clear primary
file_18139,partly_cloudy primary agriculture cultivation
file_18140,clear primary
file_18141,clear primary agriculture water cultivation
file_18142,clear primary
file_18143,clear primary agriculture road
file_18144,clear primary
file_18145,clear primary
file_18146,partly_cloudy primary
file_18147,partly_cloudy primary agriculture water
file_18148,clear primary
file_18149,clear primary agriculture road
file_18150,partly_cloudy primary
file_18151,clear primary agriculture cultivation
file_18152,clear primary agriculture
file_18153,clear primary agriculture water cultivation habitation road
file_18154,clear primary
file_18155,clear primary agriculture cultivation
file_18156,clear primary agriculture road
file_18157,clear primary
file_18158,haze primary agriculture water
file_18159,partly_cloudy primary
file_18160,clear primary
file_18161,cloudy
file_18162,clear haze primary
file_18163,clear primary agriculture water
file_18164,clear haze primary
file_18165,clear primary
file_18166,cloudy
file_18167,clear primary agriculture water habitation road
file_18168,clear cloudy water
file_18169,clear primary
file_18170,clear primary water
file_18171,partly_cloudy primary agriculture cultivation
file_18172,clear primary blooming selective_logging
file_18173,haze cloudy water
file_18174,clear partly_cloudy primary
file_18175,clear primary agriculture water road bare_ground
file_18176,clear primary water road
file_18177,clear primary
file_18178,clear primary agriculture
file_18179,clear primary agriculture road
file_18180,clear primary
file_18181,clear primary agriculture cultivation road
file_18182,clear primary agriculture habitation road
file_18183,clear primary agriculture habitation road
file_18184,partly_cloudy primary agriculture water road
file_18185,clear primary agriculture cultivation
file_18186,partly_cloudy primary water road
file_18187,clear primary
file_18188,clear primary
file_18189,haze primary water
file_18190,clear primary agriculture road
file_18191,clear primary
file_18192,partly_cloudy primary agriculture cultivation
file_18193,clear primary
file_18194,clear primary agriculture water cultivation habitation road
file_18195,clear partly_cloudy primary road
file_18196,clear primary
file_18197,clear primary
file_18198,clear primary
file_18199,clear primary agriculture cultivation habitation road
file_18200,partly_cloudy primary agriculture water
file_18201,clear primary agriculture cultivation
file_18202,partly_cloudy primary agriculture cultivation
file_18203,clear primary
file_18204,clear haze primary agriculture habitation road
file_18205,haze partly_cloudy primary agriculture water
file_18206,clear primary
file_18207,clear primary agriculture water
file_18208,clear primary agriculture bare_ground
file_18209,clear primary
file_18210,clear primary agriculture water
file_18211,haze primary
file_18212,partly_cloudy primary
file_18213,clear haze primary water
file_18214,partly_cloudy primary agriculture road
file_18215,partly_cloudy primary
file_18216,clear primary agriculture road
file_18217,cloudy
file_18218,clear primary agriculture road
file_18219,clear primary water
file_18220,clear primary agriculture water habitation road
file_18221,clear primary agriculture water road
file_18222,partly_cloudy primary
file_18223,clear primary
file_18224,partly_cloudy primary agriculture cultivation
file_18225,partly_cloudy primary
file_18226,haze primary agriculture water
file_18227,clear primary
file_18228,clear primary agriculture cultivation
file_18229,clear primary agriculture habitation road
file_18230,clear primary
file_18231,clear primary
file_18232,clear primary
file_18233,partly_cloudy primary
file_18234,clear haze primary agriculture
file_18235,clear primary agriculture water cultivation road
file_18236,clear primary agriculture water cultivation
file_18237,clear primary agriculture cultivation habitation
file_18238,clear primary
file_18239,clear primary agriculture cultivation
file_18240,cloudy
file_18241,clear primary agriculture cultivation habitation road
file_18242,clear primary agriculture cultivation habitation
file_18243,clear primary
file_18244,clear primary
file_18245,clear primary agriculture habitation road
file_18246,partly_cloudy primary
file_18247,clear primary agriculture water cultivation road
file_18248,partly_cloudy primary agriculture habitation road
file_18249,clear primary
file_18250,clear primary
file_18251,partly_cloudy primary agriculture road
file_18252,clear primary
file_18253,haze primary
file_18254,clear primary water
file_18255,clear primary
file_18256,clear primary
file_18257,haze primary
file_18258,clear primary
file_18259,clear primary agriculture cultivation
file_18260,clear primary agriculture cultivation
file_18261,clear primary agriculture water
file_18262,clear primary
file_18263,haze primary
file_18264,clear primary
file_18265,partly_cloudy primary water
file_18266,clear primary water road conventional_mine bare_ground artisinal_mine
file_18267,clear primary
file_18268,haze primary
file_18269,clear primary agriculture road
file_18270,partly_cloudy primary agriculture water habitation road
file_18271,clear primary agriculture cultivation habitation road
file_18272,partly_cloudy primary agriculture road
file_18273,clear primary
file_18274,clear primary water road bare_ground artisinal_mine selective_logging
file_18275,clear primary
file_18276,haze partly_cloudy primary agriculture water road
file_18277,partly_cloudy primary
file_18278,clear primary water
file_18279,partly_cloudy primary agriculture water
file_18280,clear primary agriculture cultivation
file_18281,clear primary agriculture habitation road
file_18282,clear primary
file_18283,cloudy
file_18284,partly_cloudy cloudy primary
file_18285,clear primary agriculture water
file_18286,clear primary
file_18287,clear primary agriculture habitation road
file_18288,clear primary water
file_18289,clear primary
file_18290,clear primary
file_18291,clear primary agriculture water road
file_18292,clear primary agriculture water cultivation
file_18293,clear primary agriculture habitation road
file_18294,clear primary
file_18295,haze primary
file_18296,clear primary agriculture habitation road
file_18297,clear haze primary agriculture cultivation
file_18298,partly_cloudy primary agriculture water road
file_18299,cloudy
file_18300,clear primary
file_18301,clear primary
file_18302,partly_cloudy primary agriculture water road
file_18303,clear primary
file_18304,partly_cloudy primary agriculture cultivation
file_18305,clear primary
file_18306,clear primary
file_18307,partly_cloudy primary agriculture water road
file_18308,clear primary
file_18309,partly_cloudy primary
file_18310,clear partly_cloudy primary agriculture road
file_18311,clear primary
file_18312,clear primary agriculture cultivation habitation
file_18313,clear haze primary agriculture water cultivation
file_18314,partly_cloudy primary
file_18315,clear primary
file_18316,haze primary
file_18317,cloudy
file_18318,partly_cloudy primary
file_18319,clear primary blooming
file_18320,clear primary
file_18321,clear primary agriculture cultivation
file_18322,cloudy
file_18323,clear primary agriculture cultivation
file_18324,clear primary agriculture water cultivation habitation road
file_18325,clear primary
file_18326,partly_cloudy primary
file_18327,clear primary agriculture road
file_18328,clear primary
file_18329,clear primary
file_18330,clear primary agriculture road
file_18331,clear primary
file_18332,clear primary agriculture road
file_18333,haze cloudy
file_18334,clear haze primary agriculture cultivation
file_18335,clear primary
file_18336,clear primary
file_18337,clear primary agriculture habitation road
file_18338,clear primary
file_18339,clear primary
file_18340,clear primary agriculture road
file_18341,clear primary agriculture habitation road
file_18342,clear primary
file_18343,clear primary
file_18344,clear primary
file_18345,partly_cloudy primary agriculture road
file_18346,clear primary agriculture water road
file_18347,partly_cloudy primary
file_18348,clear primary agriculture cultivation
file_18349,clear primary
file_18350,cloudy
file_18351,clear partly_cloudy primary agriculture
file_18352,clear primary
file_18353,clear primary agriculture road
file_18354,clear primary
file_18355,clear primary
file_18356,clear primary agriculture road bare_ground
file_18357,clear primary agriculture road
file_18358,clear primary
file_18359,clear primary agriculture cultivation road
file_18360,clear primary
file_18361,clear primary water
file_18362,clear haze primary agriculture habitation road
file_18363,partly_cloudy primary agriculture road
file_18364,clear partly_cloudy primary water
file_18365,clear primary
file_18366,clear primary agriculture cultivation
file_18367,clear primary water
file_18368,clear primary agriculture habitation road
file_18369,clear primary
file_18370,clear primary agriculture habitation road
file_18371,clear primary
file_18372,clear primary agriculture water
file_18373,partly_cloudy primary agriculture water cultivation
file_18374,partly_cloudy primary
file_18375,clear partly_cloudy primary agriculture road
file_18376,clear primary blooming
file_18377,partly_cloudy primary water
file_18378,cloudy
file_18379,partly_cloudy primary
file_18380,clear primary
file_18381,clear primary agriculture cultivation habitation road
file_18382,clear primary
file_18383,clear primary agriculture road
file_18384,clear primary agriculture water habitation road artisinal_mine
file_18385,partly_cloudy primary water
file_18386,clear primary
file_18387,clear primary agriculture road
file_18388,cloudy
file_18389,partly_cloudy primary agriculture road
file_18390,clear primary
file_18391,clear primary agriculture water bare_ground
file_18392,clear primary agriculture habitation road
file_18393,clear primary
file_18394,clear primary
file_18395,cloudy
file_18396,partly_cloudy primary agriculture road
file_18397,clear haze primary agriculture water habitation road
file_18398,clear primary agriculture water habitation road
file_18399,clear primary agriculture cultivation
file_18400,clear primary
file_18401,clear primary agriculture habitation road
file_18402,clear primary
file_18403,clear primary agriculture
file_18404,clear primary agriculture road
file_18405,clear primary
file_18406,clear primary
file_18407,clear primary
file_18408,clear primary
file_18409,clear primary water
file_18410,partly_cloudy primary agriculture road
file_18411,cloudy
file_18412,partly_cloudy primary agriculture water habitation road
file_18413,clear primary water road selective_logging
file_18414,partly_cloudy primary
file_18415,clear primary water road
file_18416,clear primary agriculture cultivation
file_18417,clear primary agriculture road
file_18418,partly_cloudy primary
file_18419,clear primary agriculture cultivation
file_18420,clear primary
file_18421,clear primary
file_18422,partly_cloudy primary agriculture habitation road
file_18423,clear haze primary
file_18424,clear primary
file_18425,clear primary agriculture water road
file_18426,clear primary agriculture bare_ground
file_18427,clear primary agriculture habitation road
file_18428,clear primary
file_18429,clear primary
file_18430,clear primary
file_18431,haze cloudy primary
file_18432,clear cloudy water
file_18433,clear haze primary agriculture cultivation
file_18434,haze primary
file_18435,partly_cloudy primary agriculture
file_18436,clear primary agriculture water habitation road conventional_mine bare_ground artisinal_mine
file_18437,clear primary
file_18438,clear primary
file_18439,clear cloudy primary agriculture water
file_18440,clear primary
file_18441,clear haze partly_cloudy primary agriculture water road
file_18442,partly_cloudy primary agriculture road
file_18443,clear primary water
file_18444,clear primary agriculture cultivation
file_18445,clear partly_cloudy primary water road
file_18446,clear primary agriculture water cultivation
file_18447,clear primary
file_18448,clear primary
file_18449,partly_cloudy primary
file_18450,clear primary agriculture water road
file_18451,clear primary agriculture water habitation road
file_18452,clear primary water
file_18453,clear primary water bare_ground artisinal_mine
file_18454,clear primary agriculture water cultivation habitation
file_18455,clear primary agriculture water habitation road
file_18456,haze cloudy primary
file_18457,clear primary
file_18458,partly_cloudy primary
file_18459,partly_cloudy primary
file_18460,clear haze primary
file_18461,partly_cloudy primary
file_18462,clear primary agriculture road
file_18463,partly_cloudy primary
file_18464,partly_cloudy primary agriculture water road
file_18465,clear primary agriculture road
file_18466,clear primary agriculture water cultivation habitation road
file_18467,clear primary agriculture cultivation
file_18468,clear primary agriculture cultivation road
file_18469,clear primary agriculture cultivation
file_18470,partly_cloudy primary agriculture cultivation
file_18471,clear primary agriculture habitation road
file_18472,clear haze primary agriculture road
file_18473,partly_cloudy primary
file_18474,clear primary agriculture cultivation
file_18475,clear primary
file_18476,partly_cloudy primary
file_18477,clear cloudy water
file_18478,clear primary
file_18479,partly_cloudy primary
file_18480,haze primary water
file_18481,clear primary
file_18482,clear primary
file_18483,clear primary agriculture cultivation
file_18484,clear primary
file_18485,clear primary agriculture road
file_18486,clear primary agriculture cultivation road
file_18487,partly_cloudy primary
file_18488,partly_cloudy primary agriculture cultivation
file_18489,clear primary water
file_18490,clear primary water bare_ground artisinal_mine
file_18491,clear primary agriculture cultivation
file_18492,clear primary
file_18493,clear partly_cloudy primary agriculture cultivation
file_18494,clear primary agriculture cultivation
file_18495,clear partly_cloudy primary agriculture cultivation habitation road
file_18496,clear primary agriculture road
file_18497,haze partly_cloudy primary
file_18498,clear primary
file_18499,clear cloudy water
file_18500,clear primary water road
file_18501,partly_cloudy primary
file_18502,haze primary
file_18503,clear primary water
file_18504,partly_cloudy primary
file_18505,clear haze primary agriculture water road
file_18506,clear primary cultivation
file_18507,clear primary water road artisinal_mine selective_logging
file_18508,partly_cloudy cloudy primary
file_18509,clear primary agriculture road
file_18510,clear primary
file_18511,partly_cloudy primary agriculture cultivation
file_18512,partly_cloudy primary road
file_18513,clear primary water
file_18514,clear primary
file_18515,haze cloudy primary
file_18516,clear primary
file_18517,clear primary water
file_18518,clear primary
file_18519,clear cloudy primary water
file_18520,haze primary
file_18521,partly_cloudy primary agriculture
file_18522,clear primary
file_18523,clear primary
file_18524,clear primary
file_18525,clear primary
file_18526,clear primary
file_18527,clear primary
file_18528,clear cloudy primary water
file_18529,partly_cloudy primary
file_18530,partly_cloudy cloudy primary
file_18531,clear primary blooming
file_18532,partly_cloudy primary water road
file_18533,clear primary
file_18534,clear primary
file_18535,clear cloudy water
file_18536,clear primary agriculture cultivation
file_18537,clear primary agriculture cultivation habitation
file_18538,clear primary agriculture cultivation habitation
file_18539,clear primary
file_18540,partly_cloudy primary
file_18541,clear primary
file_18542,clear haze primary
file_18543,partly_cloudy primary agriculture cultivation habitation
file_18544,haze partly_cloudy primary
file_18545,clear primary agriculture cultivation road
file_18546,haze primary water road
file_18547,haze cloudy primary
file_18548,clear primary
file_18549,clear primary
file_18550,clear primary agriculture water road
file_18551,clear primary agriculture cultivation
file_18552,haze partly_cloudy primary agriculture water habitation road
file_18553,clear primary
file_18554,clear primary agriculture cultivation
file_18555,clear haze primary
file_18556,clear primary water
file_18557,cloudy
file_18558,clear primary
file_18559,clear haze primary
file_18560,cloudy
file_18561,partly_cloudy primary agriculture cultivation
file_18562,clear primary agriculture cultivation
file_18563,clear primary agriculture water
file_18564,clear primary water road
file_18565,clear primary
file_18566,clear primary
file_18567,clear primary agriculture habitation road
file_18568,clear primary water road
file_18569,clear primary
file_18570,clear primary water
file_18571,clear primary
file_18572,clear primary
file_18573,clear primary
file_18574,clear haze primary
file_18575,partly_cloudy primary water habitation road
file_18576,clear primary agriculture water cultivation
file_18577,clear primary agriculture cultivation
file_18578,partly_cloudy primary
file_18579,clear primary agriculture cultivation
file_18580,clear partly_cloudy primary
file_18581,clear primary water
file_18582,haze cloudy primary
file_18583,clear primary agriculture road
file_18584,partly_cloudy cloudy primary agriculture
file_18585,clear primary water
file_18586,clear primary agriculture road
file_18587,clear primary agriculture cultivation
file_18588,clear primary
file_18589,clear primary agriculture water cultivation habitation road
file_18590,clear primary
file_18591,clear primary
file_18592,clear primary agriculture cultivation habitation road
file_18593,clear primary agriculture
file_18594,clear primary
file_18595,clear primary water
file_18596,clear primary
file_18597,clear primary agriculture cultivation
file_18598,partly_cloudy primary agriculture cultivation
file_18599,clear haze primary
file_18600,partly_cloudy primary
file_18601,clear partly_cloudy primary agriculture cultivation
file_18602,clear primary
file_18603,clear primary agriculture habitation road
file_18604,clear primary
file_18605,clear primary agriculture habitation road
file_18606,clear cloudy primary water
file_18607,clear primary agriculture
file_18608,clear primary water
file_18609,clear primary agriculture water cultivation
file_18610,clear primary
file_18611,clear primary agriculture cultivation
file_18612,partly_cloudy primary agriculture water
file_18613,clear primary water
file_18614,cloudy
file_18615,clear primary agriculture
file_18616,clear primary
file_18617,clear primary agriculture water cultivation
file_18618,clear primary agriculture cultivation habitation road
file_18619,cloudy
file_18620,clear primary agriculture road
file_18621,clear primary agriculture water cultivation habitation
file_18622,clear primary
file_18623,clear primary
file_18624,clear primary
file_18625,haze primary
file_18626,partly_cloudy primary agriculture cultivation
file_18627,clear primary
file_18628,clear primary agriculture water habitation
file_18629,clear primary agriculture water road
file_18630,clear primary agriculture
file_18631,clear primary water
file_18632,clear primary agriculture cultivation
file_18633,haze cloudy primary
file_18634,clear primary agriculture water
file_18635,partly_cloudy cloudy primary
file_18636,clear partly_cloudy primary
file_18637,clear haze partly_cloudy primary agriculture cultivation
file_18638,cloudy
file_18639,clear primary
file_18640,clear primary cultivation
file_18641,partly_cloudy primary agriculture
file_18642,partly_cloudy primary
file_18643,clear primary agriculture habitation road
file_18644,clear primary
file_18645,clear primary
file_18646,clear primary
file_18647,clear primary
file_18648,clear primary agriculture road bare_ground
file_18649,partly_cloudy primary
file_18650,clear primary
file_18651,partly_cloudy primary agriculture water cultivation habitation road
file_18652,clear primary
file_18653,clear primary
file_18654,clear primary agriculture cultivation road
file_18655,clear primary
file_18656,clear primary
file_18657,clear primary water road
file_18658,clear primary agriculture water habitation road
file_18659,partly_cloudy primary
file_18660,clear primary water road
file_18661,clear partly_cloudy primary
file_18662,clear primary agriculture cultivation
file_18663,clear primary
file_18664,partly_cloudy cloudy primary agriculture water
file_18665,clear primary agriculture habitation road
file_18666,cloudy
file_18667,clear haze primary
file_18668,haze primary agriculture water
file_18669,clear partly_cloudy primary
file_18670,clear primary agriculture cultivation road
file_18671,partly_cloudy primary
file_18672,clear primary agriculture bare_ground
file_18673,clear primary water road
file_18674,clear primary agriculture water cultivation
file_18675,clear primary
file_18676,clear primary agriculture cultivation
file_18677,clear primary agriculture cultivation
file_18678,clear primary agriculture cultivation
file_18679,clear primary
file_18680,clear primary
file_18681,clear primary
file_18682,clear primary agriculture water cultivation habitation
file_18683,clear primary
file_18684,clear primary
file_18685,clear partly_cloudy primary
file_18686,clear primary water habitation road
file_18687,clear primary
file_18688,partly_cloudy primary
file_18689,partly_cloudy cloudy primary agriculture water
file_18690,clear haze primary
file_18691,clear primary
file_18692,clear primary agriculture water road
file_18693,clear primary
file_18694,partly_cloudy primary agriculture water road
file_18695,clear primary
file_18696,clear primary
file_18697,clear primary
file_18698,clear primary
file_18699,clear primary agriculture road
file_18700,clear haze cloudy primary water
file_18701,clear primary water
file_18702,clear primary
file_18703,partly_cloudy primary
file_18704,clear primary agriculture water cultivation habitation road
file_18705,clear primary
file_18706,clear primary
file_18707,partly_cloudy primary agriculture water habitation road
file_18708,clear haze primary water
file_18709,clear primary
file_18710,clear partly_cloudy primary agriculture cultivation
file_18711,partly_cloudy primary
file_18712,clear primary agriculture water bare_ground artisinal_mine
file_18713,clear primary agriculture road
file_18714,cloudy
file_18715,clear primary agriculture cultivation
file_18716,clear haze partly_cloudy primary agriculture water road conventional_mine
file_18717,haze primary agriculture
file_18718,clear primary agriculture
file_18719,clear primary
file_18720,clear haze primary
file_18721,clear primary
file_18722,partly_cloudy primary agriculture cultivation habitation road
file_18723,clear primary
file_18724,clear primary agriculture road
file_18725,clear primary agriculture habitation road
file_18726,clear primary water
file_18727,clear primary agriculture habitation road
file_18728,clear primary
file_18729,clear primary
file_18730,clear primary
file_18731,clear primary
file_18732,clear primary
file_18733,clear primary agriculture cultivation
file_18734,cloudy
file_18735,partly_cloudy primary agriculture cultivation road
file_18736,partly_cloudy primary agriculture cultivation
file_18737,clear primary agriculture cultivation
file_18738,cloudy
file_18739,clear primary
file_18740,clear primary agriculture road bare_ground
file_18741,cloudy
file_18742,clear primary
file_18743,clear primary agriculture habitation road
file_18744,clear primary agriculture cultivation habitation road
file_18745,clear primary agriculture water road
file_18746,clear primary
file_18747,clear primary agriculture cultivation
file_18748,clear primary agriculture bare_ground
file_18749,clear primary
file_18750,partly_cloudy cloudy
file_18751,clear primary
file_18752,clear primary
file_18753,clear primary water
file_18754,clear primary
file_18755,clear primary water
file_18756,cloudy
file_18757,partly_cloudy primary
file_18758,partly_cloudy cloudy primary agriculture water
file_18759,partly_cloudy primary agriculture
file_18760,clear primary agriculture water road
file_18761,clear partly_cloudy primary agriculture cultivation road
file_18762,clear primary
file_18763,clear primary agriculture habitation road
file_18764,partly_cloudy cloudy
file_18765,clear primary agriculture road
file_18766,clear primary water habitation road bare_ground artisinal_mine
file_18767,clear primary agriculture cultivation habitation road
file_18768,clear primary agriculture cultivation road
file_18769,clear cloudy
file_18770,clear primary agriculture road
file_18771,partly_cloudy primary
file_18772,clear primary
file_18773,clear primary
file_18774,clear primary agriculture cultivation habitation road
file_18775,clear haze primary agriculture habitation road
file_18776,clear primary agriculture habitation road
file_18777,clear primary
file_18778,clear cloudy water
file_18779,clear primary
file_18780,partly_cloudy primary agriculture cultivation
file_18781,haze cloudy
file_18782,clear primary blooming
file_18783,clear primary
file_18784,cloudy
file_18785,clear primary agriculture cultivation habitation road
file_18786,clear primary agriculture cultivation
file_18787,clear primary agriculture road
file_18788,clear primary water bare_ground artisinal_mine
file_18789,clear primary
file_18790,clear primary
file_18791,partly_cloudy primary
file_18792,clear primary
file_18793,clear primary agriculture habitation road
file_18794,clear primary agriculture cultivation habitation road
file_18795,clear primary
file_18796,partly_cloudy primary agriculture road
file_18797,partly_cloudy primary agriculture water road
file_18798,clear primary agriculture cultivation habitation road
file_18799,clear primary agriculture habitation road
file_18800,clear primary agriculture cultivation
file_18801,clear primary agriculture water bare_ground
file_18802,clear primary
file_18803,clear primary
file_18804,clear primary
file_18805,clear primary agriculture cultivation road
file_18806,haze cloudy primary
file_18807,clear primary
file_18808,partly_cloudy primary agriculture cultivation
file_18809,clear primary water artisinal_mine
file_18810,clear primary
file_18811,partly_cloudy primary
file_18812,partly_cloudy primary
file_18813,clear haze cloudy primary agriculture
file_18814,partly_cloudy primary agriculture water road
file_18815,clear primary agriculture water habitation road
file_18816,clear primary
file_18817,clear primary water road
file_18818,clear primary
file_18819,clear primary agriculture cultivation habitation road
file_18820,partly_cloudy cloudy
file_18821,clear primary
file_18822,clear primary water
file_18823,clear primary
file_18824,clear primary
file_18825,clear primary
file_18826,clear primary
file_18827,clear primary
file_18828,cloudy
file_18829,clear primary agriculture road
file_18830,partly_cloudy primary
file_18831,clear partly_cloudy primary agriculture habitation road
file_18832,clear primary
file_18833,clear primary agriculture habitation road
file_18834,clear primary
file_18835,clear primary agriculture water cultivation
file_18836,partly_cloudy primary
file_18837,cloudy
file_18838,clear haze primary agriculture
file_18839,clear primary agriculture water cultivation habitation road
file_18840,clear primary
file_18841,clear primary water artisinal_mine
file_18842,clear primary agriculture road
file_18843,clear primary agriculture cultivation
file_18844,clear primary blooming selective_logging
file_18845,clear primary agriculture cultivation road
file_18846,partly_cloudy primary agriculture road
file_18847,partly_cloudy primary
file_18848,clear haze primary
file_18849,clear primary agriculture cultivation habitation road
file_18850,clear primary agriculture cultivation habitation
file_18851,partly_cloudy primary water
file_18852,clear primary agriculture road
file_18853,partly_cloudy primary
file_18854,clear primary agriculture cultivation
file_18855,clear primary
file_18856,clear primary
file_18857,partly_cloudy primary water
file_18858,clear primary
file_18859,clear primary
file_18860,clear primary
file_18861,partly_cloudy primary water
file_18862,clear primary
file_18863,clear primary
file_18864,partly_cloudy primary
file_18865,clear primary agriculture cultivation road
file_18866,partly_cloudy primary
file_18867,clear primary
file_18868,haze cloudy primary
file_18869,clear primary
file_18870,clear primary agriculture water cultivation
file_18871,clear primary agriculture water cultivation habitation
file_18872,clear primary
file_18873,clear primary agriculture road
file_18874,partly_cloudy primary
file_18875,clear primary
file_18876,clear primary
file_18877,clear primary
file_18878,clear cloudy water
file_18879,partly_cloudy primary
file_18880,clear primary agriculture water
file_18881,clear primary
file_18882,clear primary
file_18883,clear primary
file_18884,clear primary agriculture water road
file_18885,clear primary
file_18886,clear primary agriculture water
file_18887,clear primary
file_18888,haze primary
file_18889,clear primary water
file_18890,partly_cloudy primary
file_18891,clear primary agriculture cultivation
file_18892,clear primary agriculture cultivation
file_18893,clear primary
file_18894,haze partly_cloudy primary agriculture
file_18895,haze primary
file_18896,clear primary
file_18897,partly_cloudy primary
file_18898,clear primary water
file_18899,clear primary
file_18900,clear primary
file_18901,partly_cloudy primary agriculture habitation road
file_18902,partly_cloudy primary agriculture cultivation
file_18903,clear haze primary agriculture water road
file_18904,clear primary
file_18905,clear primary
file_18906,clear primary water
file_18907,clear primary
file_18908,clear primary
file_18909,clear primary
file_18910,clear agriculture water bare_ground
file_18911,clear primary agriculture cultivation habitation road
file_18912,clear primary
file_18913,clear primary
file_18914,clear primary agriculture road
file_18915,clear primary
file_18916,clear primary agriculture habitation road
file_18917,clear primary agriculture road
file_18918,clear primary blooming
file_18919,clear primary
file_18920,clear partly_cloudy primary
file_18921,clear primary water road
file_18922,clear primary road
file_18923,clear primary agriculture cultivation
file_18924,clear primary habitation road
file_18925,clear primary
file_18926,partly_cloudy cloudy primary
file_18927,partly_cloudy primary
file_18928,partly_cloudy primary
file_18929,clear partly_cloudy primary agriculture water habitation road
file_18930,clear primary
file_18931,clear primary
file_18932,clear primary agriculture habitation road
file_18933,clear primary water road
file_18934,partly_cloudy primary
file_18935,clear haze primary agriculture water
file_18936,partly_cloudy cloudy primary agriculture water
file_18937,cloudy
file_18938,clear primary agriculture cultivation
file_18939,partly_cloudy primary agriculture water road
file_18940,cloudy
file_18941,partly_cloudy primary agriculture road
file_18942,partly_cloudy primary
file_18943,clear primary water
file_18944,clear primary
file_18945,clear primary agriculture cultivation habitation
file_18946,clear haze primary agriculture cultivation
file_18947,clear primary
file_18948,clear primary agriculture cultivation
file_18949,clear primary agriculture road
file_18950,clear primary
file_18951,haze cloudy primary
file_18952,clear primary
file_18953,clear primary agriculture road
file_18954,clear primary
file_18955,clear primary
file_18956,clear partly_cloudy primary
file_18957,clear primary water
file_18958,clear primary agriculture habitation road
file_18959,clear primary agriculture water cultivation
file_18960,clear primary
file_18961,partly_cloudy primary agriculture water cultivation habitation road
file_18962,clear primary
file_18963,clear primary
file_18964,haze primary agriculture water road
file_18965,clear primary
file_18966,clear primary water
file_18967,clear primary agriculture
file_18968,clear primary water road
file_18969,clear primary agriculture cultivation road
file_18970,cloudy
file_18971,clear primary agriculture water cultivation
file_18972,clear partly_cloudy primary
file_18973,clear primary water
file_18974,clear primary
file_18975,clear partly_cloudy primary
file_18976,clear primary agriculture water cultivation
file_18977,clear primary
file_18978,clear primary
file_18979,clear primary agriculture cultivation
file_18980,clear cloudy primary water
file_18981,partly_cloudy primary agriculture road
file_18982,clear primary
file_18983,clear partly_cloudy primary water
file_18984,clear primary agriculture cultivation road
file_18985,cloudy
file_18986,partly_cloudy primary agriculture water road
file_18987,clear primary water road
file_18988,clear primary
file_18989,clear primary
file_18990,clear primary
file_18991,clear haze primary agriculture water habitation road
file_18992,clear primary
file_18993,clear primary
file_18994,clear primary
file_18995,partly_cloudy primary water road
file_18996,clear primary
file_18997,partly_cloudy primary
file_18998,clear primary
file_18999,clear primary agriculture water cultivation
file_19000,clear primary
file_19001,clear primary agriculture habitation road bare_ground
file_19002,clear primary
file_19003,clear primary water
file_19004,partly_cloudy primary agriculture
file_19005,clear primary agriculture water road
file_19006,cloudy
file_19007,partly_cloudy cloudy water
file_19008,clear primary agriculture cultivation habitation road
file_19009,partly_cloudy primary agriculture habitation road conventional_mine
file_19010,clear primary agriculture
file_19011,clear primary water
file_19012,clear primary
file_19013,clear primary agriculture cultivation
file_19014,clear primary agriculture water habitation road
file_19015,clear primary agriculture road
file_19016,partly_cloudy primary
file_19017,clear primary
file_19018,clear primary
file_19019,partly_cloudy primary
file_19020,clear primary
file_19021,clear primary
file_19022,partly_cloudy primary
file_19023,clear primary agriculture water
file_19024,clear primary
file_19025,clear primary
file_19026,clear primary
file_19027,clear primary agriculture water
file_19028,cloudy
file_19029,partly_cloudy primary
file_19030,clear primary water
file_19031,clear primary
file_19032,clear primary agriculture water cultivation habitation road bare_ground artisinal_mine
file_19033,cloudy
file_19034,clear partly_cloudy primary
file_19035,clear primary
file_19036,partly_cloudy primary
file_19037,partly_cloudy primary agriculture
file_19038,clear primary
file_19039,partly_cloudy primary
file_19040,clear primary
file_19041,clear primary agriculture habitation road
file_19042,clear haze primary agriculture cultivation road
file_19043,clear primary
file_19044,clear primary
file_19045,clear primary water road
file_19046,clear primary agriculture cultivation habitation road
file_19047,clear primary
file_19048,clear primary
file_19049,clear primary agriculture road
file_19050,clear partly_cloudy primary
file_19051,clear primary agriculture road
file_19052,clear cloudy water
file_19053,clear primary water
file_19054,clear primary agriculture habitation road
file_19055,clear primary
file_19056,partly_cloudy primary
file_19057,clear primary agriculture cultivation road
file_19058,partly_cloudy primary agriculture water road
file_19059,haze primary agriculture water road
file_19060,cloudy
file_19061,partly_cloudy primary
file_19062,clear primary
file_19063,partly_cloudy primary
file_19064,clear primary agriculture water road
file_19065,clear primary
file_19066,clear primary water
file_19067,clear primary agriculture road
file_19068,clear primary agriculture habitation road bare_ground
file_19069,partly_cloudy primary
file_19070,clear primary
file_19071,clear partly_cloudy primary agriculture water
file_19072,clear primary agriculture water cultivation habitation
file_19073,haze primary
file_19074,clear primary
file_19075,clear primary
file_19076,clear primary
file_19077,clear primary
file_19078,partly_cloudy primary agriculture water road
file_19079,clear primary agriculture cultivation habitation
file_19080,clear primary agriculture water
file_19081,clear primary agriculture water
file_19082,clear primary agriculture water habitation road
file_19083,partly_cloudy primary agriculture road
file_19084,clear haze primary water road
file_19085,partly_cloudy primary agriculture habitation road
file_19086,clear primary agriculture water habitation road conventional_mine bare_ground artisinal_mine
file_19087,clear primary road
file_19088,partly_cloudy primary water
file_19089,partly_cloudy primary water
file_19090,clear cloudy water
file_19091,clear primary
file_19092,clear primary
file_19093,clear primary agriculture road
file_19094,clear primary agriculture cultivation
file_19095,clear primary agriculture
file_19096,partly_cloudy primary
file_19097,clear primary
file_19098,partly_cloudy primary
file_19099,clear primary water road
file_19100,clear primary
file_19101,clear primary
file_19102,clear primary agriculture habitation road
file_19103,partly_cloudy primary agriculture road
file_19104,haze cloudy primary
file_19105,clear primary water road
file_19106,clear primary agriculture water cultivation
file_19107,clear primary
file_19108,partly_cloudy primary
file_19109,clear primary agriculture cultivation habitation
file_19110,clear primary water
file_19111,partly_cloudy primary agriculture road
file_19112,clear primary water
file_19113,clear primary
file_19114,partly_cloudy primary agriculture road
file_19115,clear primary water
file_19116,clear primary agriculture habitation road
file_19117,clear primary agriculture water cultivation habitation
file_19118,clear primary
file_19119,clear primary
file_19120,partly_cloudy primary
file_19121,clear primary agriculture cultivation
file_19122,partly_cloudy primary agriculture water road
file_19123,clear primary water
file_19124,clear haze cloudy agriculture water
file_19125,clear primary agriculture habitation road
file_19126,clear primary agriculture water cultivation habitation
file_19127,haze primary
file_19128,clear primary
file_19129,clear primary
file_19130,clear primary water
file_19131,partly_cloudy primary
file_19132,clear primary
file_19133,partly_cloudy primary water
file_19134,clear primary
file_19135,clear primary
file_19136,partly_cloudy primary
file_19137,clear primary
file_19138,clear primary
file_19139,clear partly_cloudy primary agriculture habitation road bare_ground
file_19140,partly_cloudy cloudy primary
file_19141,clear primary
file_19142,clear primary agriculture water cultivation road
file_19143,clear primary
file_19144,clear primary water
file_19145,clear primary agriculture cultivation habitation road
file_19146,clear primary water
file_19147,clear primary water
file_19148,clear primary
file_19149,partly_cloudy primary agriculture road
file_19150,partly_cloudy primary agriculture water road
file_19151,partly_cloudy primary
file_19152,clear primary
file_19153,clear primary water
file_19154,clear primary
file_19155,clear primary agriculture road
file_19156,partly_cloudy primary agriculture cultivation road
file_19157,clear primary agriculture water
file_19158,clear primary agriculture water habitation road
file_19159,clear primary agriculture water
file_19160,clear primary agriculture habitation road
file_19161,clear primary agriculture water cultivation habitation road
file_19162,clear primary agriculture cultivation habitation road
file_19163,clear primary water
file_19164,partly_cloudy primary
file_19165,clear primary water
file_19166,clear primary
file_19167,clear primary
file_19168,partly_cloudy primary agriculture habitation road
file_19169,clear primary
file_19170,partly_cloudy primary
file_19171,cloudy
file_19172,clear primary
file_19173,clear primary agriculture cultivation
file_19174,clear primary water artisinal_mine
file_19175,haze cloudy primary
file_19176,clear primary
file_19177,clear primary
file_19178,clear primary
file_19179,clear primary
file_19180,clear primary
file_19181,clear haze primary
file_19182,clear primary agriculture cultivation habitation
file_19183,partly_cloudy primary agriculture
file_19184,clear primary agriculture cultivation habitation
file_19185,clear primary agriculture road
file_19186,haze primary
file_19187,clear primary agriculture cultivation
file_19188,clear primary
file_19189,cloudy
file_19190,partly_cloudy primary
file_19191,partly_cloudy primary
file_19192,partly_cloudy primary agriculture water habitation road
file_19193,partly_cloudy primary water road
file_19194,clear primary agriculture cultivation
file_19195,clear primary agriculture cultivation habitation
file_19196,clear primary
file_19197,clear primary agriculture water road
file_19198,clear primary water road
file_19199,clear haze primary agriculture water road
file_19200,clear primary habitation road
file_19201,clear primary water bare_ground artisinal_mine
file_19202,haze primary water
file_19203,partly_cloudy primary water
file_19204,clear primary
file_19205,clear primary
file_19206,clear primary
file_19207,clear partly_cloudy primary agriculture water road
file_19208,clear primary
file_19209,clear primary agriculture water cultivation
file_19210,haze cloudy primary
file_19211,clear primary water
file_19212,clear primary
file_19213,partly_cloudy primary agriculture cultivation habitation
file_19214,clear primary agriculture cultivation
file_19215,clear primary
file_19216,clear primary agriculture road
file_19217,clear primary agriculture water road
file_19218,clear primary agriculture
file_19219,clear primary agriculture water
file_19220,clear primary agriculture cultivation
file_19221,clear primary
file_19222,clear primary
file_19223,clear primary agriculture bare_ground
file_19224,haze cloudy primary
file_19225,cloudy
file_19226,clear primary
file_19227,clear primary
file_19228,clear primary water habitation
file_19229,clear primary
file_19230,clear primary water
file_19231,partly_cloudy primary agriculture water road
file_19232,clear primary agriculture water cultivation habitation
file_19233,partly_cloudy cloudy primary
file_19234,clear primary agriculture cultivation habitation road
file_19235,cloudy
file_19236,partly_cloudy primary
file_19237,clear primary
file_19238,clear partly_cloudy primary
file_19239,clear primary agriculture cultivation
file_19240,clear primary
file_19241,clear primary
file_19242,clear primary water
file_19243,cloudy
file_19244,partly_cloudy primary
file_19245,clear primary agriculture habitation road
file_19246,partly_cloudy primary water road
file_19247,haze primary
file_19248,clear primary
file_19249,clear primary water road selective_logging
file_19250,clear primary agriculture road
file_19251,clear primary
file_19252,clear primary
file_19253,clear haze primary
file_19254,clear primary water road
file_19255,partly_cloudy primary
file_19256,clear primary water road bare_ground artisinal_mine
file_19257,clear primary
file_19258,partly_cloudy primary
file_19259,clear partly_cloudy primary
file_19260,clear primary
file_19261,clear haze primary agriculture water
file_19262,clear primary
file_19263,clear primary
file_19264,cloudy
file_19265,clear primary
file_19266,haze primary
file_19267,clear primary agriculture road
file_19268,clear cloudy agriculture
file_19269,clear primary water
file_19270,clear primary
file_19271,clear primary
file_19272,partly_cloudy primary
file_19273,clear primary agriculture water habitation road
file_19274,partly_cloudy primary
file_19275,clear primary water bare_ground artisinal_mine
file_19276,clear primary water road
file_19277,clear primary
file_19278,haze primary
file_19279,clear primary agriculture water
file_19280,clear haze primary water
file_19281,clear primary
file_19282,clear primary agriculture cultivation
file_19283,clear primary agriculture cultivation habitation
file_19284,clear primary
file_19285,haze primary
file_19286,clear primary agriculture road
file_19287,clear primary agriculture cultivation
file_19288,clear primary
file_19289,clear primary agriculture cultivation habitation road
file_19290,partly_cloudy primary agriculture water cultivation road
file_19291,clear primary
file_19292,cloudy
file_19293,clear partly_cloudy primary agriculture cultivation
file_19294,clear haze primary
file_19295,clear primary water
file_19296,clear primary agriculture habitation road
file_19297,clear primary agriculture water habitation road
file_19298,clear primary agriculture water road
file_19299,clear primary
file_19300,clear primary water
file_19301,clear haze primary agriculture water road
file_19302,partly_cloudy primary agriculture road
file_19303,clear primary water road
file_19304,haze partly_cloudy primary
file_19305,clear haze primary agriculture water road
file_19306,clear primary
file_19307,clear primary water road bare_ground artisinal_mine
file_19308,clear primary agriculture cultivation
file_19309,clear primary water
file_19310,clear primary agriculture road
file_19311,clear primary agriculture habitation road
file_19312,clear primary
file_19313,partly_cloudy primary agriculture water
file_19314,clear primary
file_19315,cloudy
file_19316,clear partly_cloudy primary agriculture water road
file_19317,clear primary
file_19318,clear primary cultivation
file_19319,clear primary water road
file_19320,partly_cloudy primary agriculture
file_19321,clear primary agriculture
file_19322,clear primary
file_19323,haze primary agriculture
file_19324,clear haze primary agriculture cultivation habitation
file_19325,clear primary agriculture road
file_19326,partly_cloudy primary
file_19327,clear partly_cloudy primary agriculture water
file_19328,clear primary
file_19329,clear primary agriculture water
file_19330,clear primary
file_19331,clear primary agriculture cultivation road
file_19332,clear primary agriculture cultivation habitation road
file_19333,clear primary
file_19334,clear primary agriculture water cultivation habitation
file_19335,clear primary agriculture road
file_19336,partly_cloudy primary agriculture road
file_19337,partly_cloudy primary
file_19338,clear primary
file_19339,clear primary
file_19340,clear primary agriculture cultivation
file_19341,clear primary water
file_19342,partly_cloudy primary agriculture
file_19343,clear primary agriculture cultivation
file_19344,clear primary
file_19345,clear primary
file_19346,clear primary agriculture habitation road
file_19347,partly_cloudy primary
file_19348,clear primary agriculture road
file_19349,haze cloudy primary
file_19350,clear primary
file_19351,clear primary water bare_ground artisinal_mine
file_19352,cloudy
file_19353,clear primary agriculture cultivation
file_19354,clear primary
file_19355,clear primary
file_19356,haze primary
file_19357,haze cloudy
file_19358,partly_cloudy primary
file_19359,haze primary
file_19360,cloudy
file_19361,clear primary agriculture
file_19362,haze partly_cloudy primary agriculture cultivation
file_19363,clear primary
file_19364,partly_cloudy primary
file_19365,haze partly_cloudy cloudy primary
file_19366,clear primary
file_19367,clear primary agriculture water cultivation habitation
file_19368,clear primary water
file_19369,clear primary
file_19370,clear primary
file_19371,clear primary
file_19372,clear primary
file_19373,clear primary
file_19374,clear haze primary agriculture
file_19375,haze cloudy primary
file_19376,clear primary
file_19377,clear primary agriculture habitation road
file_19378,haze cloudy primary
file_19379,clear primary agriculture cultivation habitation road
file_19380,clear primary
file_19381,partly_cloudy primary
file_19382,clear primary agriculture water road
file_19383,clear primary agriculture water cultivation habitation
file_19384,clear haze primary
file_19385,clear haze primary agriculture water habitation
file_19386,clear primary
file_19387,clear primary agriculture cultivation
file_19388,clear primary
file_19389,clear primary agriculture water cultivation habitation road
file_19390,clear primary agriculture cultivation habitation road
file_19391,partly_cloudy primary agriculture
file_19392,clear primary
file_19393,clear primary agriculture cultivation habitation
file_19394,clear primary agriculture cultivation habitation road
file_19395,clear primary
file_19396,partly_cloudy primary
file_19397,clear primary agriculture cultivation
file_19398,partly_cloudy primary agriculture road
file_19399,clear primary agriculture cultivation
file_19400,partly_cloudy primary agriculture
file_19401,haze cloudy primary
file_19402,clear primary agriculture road bare_ground
file_19403,clear primary agriculture road
file_19404,partly_cloudy primary
file_19405,clear primary agriculture water road
file_19406,clear primary
file_19407,partly_cloudy primary agriculture habitation road
file_19408,clear primary agriculture cultivation
file_19409,clear primary agriculture bare_ground
file_19410,clear primary
file_19411,clear primary
file_19412,clear primary
file_19413,partly_cloudy primary water
file_19414,clear primary habitation road
file_19415,clear primary water road
file_19416,clear primary water
file_19417,clear primary
file_19418,clear cloudy water
file_19419,clear cloudy primary water
file_19420,clear primary
file_19421,clear primary
file_19422,partly_cloudy primary
file_19423,clear primary
file_19424,cloudy agriculture
file_19425,partly_cloudy primary
file_19426,clear primary
file_19427,clear primary agriculture cultivation habitation
file_19428,partly_cloudy primary agriculture habitation road
file_19429,clear primary
file_19430,haze cloudy
file_19431,clear primary agriculture road
file_19432,clear primary
file_19433,clear primary
file_19434,clear primary
file_19435,clear primary agriculture cultivation
file_19436,clear primary
file_19437,clear primary agriculture water cultivation habitation
file_19438,clear primary water
file_19439,partly_cloudy primary agriculture road
file_19440,haze primary
file_19441,clear primary blooming
file_19442,clear primary agriculture cultivation
file_19443,clear primary
file_19444,partly_cloudy primary agriculture cultivation habitation road
file_19445,clear primary agriculture cultivation habitation road
file_19446,clear primary agriculture habitation road
file_19447,clear primary
file_19448,clear primary agriculture habitation road
file_19449,clear primary agriculture water cultivation habitation road
file_19450,clear primary agriculture water habitation road
file_19451,clear primary agriculture water cultivation habitation road
file_19452,clear primary agriculture water cultivation
file_19453,clear primary agriculture water
file_19454,partly_cloudy primary agriculture habitation road
file_19455,clear primary agriculture water cultivation habitation
file_19456,clear primary agriculture water cultivation
file_19457,partly_cloudy cloudy primary
file_19458,clear primary agriculture habitation road
file_19459,clear primary
file_19460,haze primary water
file_19461,clear primary
file_19462,clear primary
file_19463,clear primary
file_19464,clear cloudy primary water
file_19465,clear primary agriculture water road
file_19466,clear primary agriculture habitation road
file_19467,clear primary
file_19468,clear primary agriculture water habitation road
file_19469,clear primary
file_19470,clear primary
file_19471,partly_cloudy primary
file_19472,cloudy
file_19473,clear cloudy primary water
file_19474,clear haze primary water
file_19475,clear primary agriculture cultivation
file_19476,clear partly_cloudy primary
file_19477,clear partly_cloudy primary agriculture water road
file_19478,clear primary
file_19479,clear primary road blooming selective_logging
file_19480,partly_cloudy primary agriculture
file_19481,clear primary
file_19482,clear primary agriculture cultivation habitation
file_19483,cloudy
file_19484,clear primary
file_19485,clear primary agriculture cultivation road
file_19486,partly_cloudy cloudy primary agriculture
file_19487,clear primary water road conventional_mine bare_ground artisinal_mine
file_19488,clear primary
file_19489,clear primary agriculture cultivation
file_19490,clear primary agriculture habitation road
file_19491,clear primary
file_19492,clear primary
file_19493,partly_cloudy primary
file_19494,partly_cloudy primary
file_19495,partly_cloudy primary agriculture cultivation
file_19496,clear primary
file_19497,partly_cloudy primary agriculture cultivation
file_19498,clear primary agriculture road
file_19499,clear primary
file_19500,clear primary agriculture habitation road
file_19501,clear primary
file_19502,clear primary
file_19503,cloudy
file_19504,partly_cloudy primary
file_19505,clear primary
file_19506,clear haze primary
file_19507,cloudy
file_19508,clear cloudy water
file_19509,clear partly_cloudy primary agriculture water
file_19510,partly_cloudy primary agriculture
file_19511,clear primary
file_19512,clear primary
file_19513,clear primary agriculture water road
file_19514,clear primary
file_19515,clear primary
file_19516,clear primary
file_19517,clear primary agriculture cultivation
file_19518,clear primary
file_19519,clear primary agriculture water road
file_19520,partly_cloudy primary agriculture cultivation
file_19521,partly_cloudy cloudy primary agriculture
file_19522,clear primary
file_19523,haze primary
file_19524,clear primary agriculture water cultivation habitation
file_19525,clear primary
file_19526,clear primary agriculture habitation road
file_19527,haze primary
file_19528,partly_cloudy primary agriculture water
file_19529,partly_cloudy primary agriculture cultivation
file_19530,clear primary
file_19531,clear haze primary agriculture road
file_19532,clear primary habitation road
file_19533,clear primary water
file_19534,partly_cloudy primary
file_19535,clear primary agriculture cultivation
file_19536,clear primary
file_19537,clear primary agriculture
file_19538,clear primary
file_19539,partly_cloudy primary agriculture habitation road
file_19540,clear primary water
file_19541,haze primary
file_19542,clear primary
file_19543,clear primary
file_19544,clear primary agriculture cultivation habitation road
file_19545,partly_cloudy primary agriculture
file_19546,clear primary
file_19547,haze cloudy
file_19548,clear primary agriculture cultivation
file_19549,haze primary water
file_19550,clear primary
file_19551,clear primary
file_19552,clear primary agriculture bare_ground
file_19553,clear primary agriculture cultivation
file_19554,partly_cloudy primary agriculture
file_19555,clear primary
file_19556,clear cloudy water
file_19557,clear primary
file_19558,clear primary
file_19559,clear primary water bare_ground artisinal_mine
file_19560,clear primary
file_19561,clear primary
file_19562,clear primary agriculture habitation road
file_19563,clear primary water road
file_19564,clear primary
file_19565,clear haze primary
file_19566,clear primary
file_19567,clear primary agriculture cultivation
file_19568,clear haze primary agriculture cultivation
file_19569,clear primary agriculture water cultivation
file_19570,clear primary agriculture habitation road
file_19571,clear haze primary
file_19572,clear primary
file_19573,clear primary
file_19574,clear primary agriculture cultivation
file_19575,clear primary agriculture water cultivation habitation road
file_19576,partly_cloudy primary agriculture
file_19577,haze cloudy primary
file_19578,clear primary
file_19579,clear primary agriculture cultivation habitation road
file_19580,partly_cloudy primary agriculture habitation road
file_19581,clear primary agriculture road
file_19582,partly_cloudy primary
file_19583,clear primary
file_19584,clear primary
file_19585,clear primary
file_19586,partly_cloudy primary water
file_19587,clear primary
file_19588,clear primary water
file_19589,clear partly_cloudy primary agriculture water cultivation habitation
file_19590,clear primary
file_19591,clear primary
file_19592,clear primary
file_19593,cloudy
file_19594,clear primary road
file_19595,partly_cloudy primary agriculture
file_19596,clear primary
file_19597,cloudy
file_19598,clear primary
file_19599,clear primary agriculture water cultivation road
file_19600,clear primary
file_19601,partly_cloudy primary
file_19602,clear primary water
file_19603,haze cloudy primary water
file_19604,clear partly_cloudy primary water
file_19605,clear primary agriculture cultivation
file_19606,clear haze primary agriculture water
file_19607,clear partly_cloudy primary agriculture water habitation road
file_19608,partly_cloudy primary
file_19609,clear primary agriculture cultivation
file_19610,partly_cloudy primary agriculture cultivation habitation road
file_19611,clear primary agriculture cultivation
file_19612,clear primary agriculture cultivation
file_19613,partly_cloudy cloudy primary
file_19614,clear primary agriculture water
file_19615,clear primary agriculture water road
file_19616,cloudy
file_19617,clear primary
file_19618,haze cloudy
file_19619,clear primary
file_19620,partly_cloudy primary water
file_19621,clear primary agriculture cultivation
file_19622,haze primary
file_19623,clear primary water
file_19624,partly_cloudy primary agriculture water habitation road
file_19625,clear primary water habitation road bare_ground artisinal_mine
file_19626,clear primary
file_19627,haze primary
file_19628,clear primary agriculture habitation road
file_19629,clear primary agriculture habitation road bare_ground
file_19630,clear primary water
file_19631,partly_cloudy primary water
file_19632,clear primary
file_19633,partly_cloudy primary
file_19634,clear primary agriculture water cultivation habitation road
file_19635,clear primary water road
file_19636,clear primary
file_19637,partly_cloudy primary agriculture cultivation
file_19638,clear primary agriculture habitation road
file_19639,clear primary agriculture road
file_19640,clear primary
file_19641,clear primary
file_19642,cloudy
file_19643,clear primary agriculture road
file_19644,clear primary agriculture
file_19645,haze cloudy primary
file_19646,clear primary agriculture habitation road
file_19647,clear primary agriculture water cultivation habitation
file_19648,haze cloudy primary
file_19649,partly_cloudy primary
file_19650,partly_cloudy primary agriculture water
file_19651,clear primary water road selective_logging
file_19652,clear primary
file_19653,clear primary
file_19654,partly_cloudy primary water
file_19655,clear haze primary agriculture habitation road
file_19656,clear primary agriculture cultivation
file_19657,clear primary agriculture cultivation
file_19658,partly_cloudy primary agriculture road
file_19659,clear partly_cloudy primary
file_19660,clear primary
file_19661,haze partly_cloudy primary agriculture water road
file_19662,clear primary agriculture water cultivation habitation road
file_19663,partly_cloudy primary
file_19664,clear primary
file_19665,partly_cloudy primary
file_19666,clear primary
file_19667,clear primary agriculture cultivation road
file_19668,haze primary agriculture
file_19669,clear primary
file_19670,clear primary agriculture habitation road
file_19671,cloudy
file_19672,clear primary agriculture cultivation
file_19673,partly_cloudy primary
file_19674,clear primary
file_19675,clear primary agriculture road
file_19676,clear primary
file_19677,cloudy
file_19678,clear primary agriculture road
file_19679,clear cloudy primary water
file_19680,clear primary agriculture cultivation
file_19681,partly_cloudy primary agriculture road
file_19682,haze primary
file_19683,clear primary
file_19684,clear primary
file_19685,clear primary
file_19686,clear primary agriculture water
file_19687,clear primary agriculture habitation road
file_19688,clear primary
file_19689,cloudy
file_19690,clear primary agriculture cultivation
file_19691,clear primary
file_19692,partly_cloudy primary
file_19693,clear primary agriculture road
file_19694,clear primary
file_19695,clear primary
file_19696,clear primary agriculture habitation road
file_19697,clear primary agriculture cultivation
file_19698,clear primary
file_19699,clear primary
file_19700,clear primary agriculture cultivation road
file_19701,partly_cloudy primary
file_19702,clear primary
file_19703,partly_cloudy primary agriculture road
file_19704,clear haze primary agriculture road
file_19705,clear partly_cloudy primary water
file_19706,clear primary agriculture road
file_19707,clear primary
file_19708,clear primary
file_19709,clear primary agriculture road
file_19710,clear primary
file_19711,clear primary agriculture cultivation habitation road
file_19712,partly_cloudy primary
file_19713,clear primary agriculture cultivation habitation
file_19714,clear primary agriculture water habitation road
file_19715,clear primary
file_19716,clear primary agriculture cultivation
file_19717,clear primary agriculture cultivation habitation road
file_19718,clear primary
file_19719,haze primary
file_19720,clear primary
file_19721,clear primary agriculture cultivation habitation
file_19722,clear primary
file_19723,clear primary agriculture water cultivation
file_19724,partly_cloudy primary
file_19725,partly_cloudy cloudy primary agriculture water
file_19726,clear primary
file_19727,clear cloudy primary water
file_19728,clear primary agriculture water cultivation road
file_19729,partly_cloudy primary
file_19730,clear partly_cloudy primary
file_19731,clear primary
file_19732,clear cloudy water
file_19733,clear primary
file_19734,clear primary
file_19735,clear primary water
file_19736,clear primary agriculture water bare_ground
file_19737,clear primary agriculture habitation road
file_19738,haze primary
file_19739,clear primary water
file_19740,clear primary water bare_ground artisinal_mine
file_19741,clear primary
file_19742,cloudy
file_19743,clear haze primary
file_19744,cloudy
file_19745,haze partly_cloudy primary agriculture cultivation
file_19746,clear primary agriculture habitation road
file_19747,clear primary
file_19748,clear primary
file_19749,clear primary
file_19750,partly_cloudy primary
file_19751,clear primary agriculture habitation road bare_ground
file_19752,clear primary
file_19753,partly_cloudy primary agriculture water road
file_19754,cloudy
file_19755,clear primary water road
file_19756,clear primary
file_19757,haze primary
file_19758,clear primary
file_19759,haze cloudy primary
file_19760,clear primary
file_19761,clear primary agriculture road
file_19762,clear primary water
file_19763,clear primary
file_19764,partly_cloudy primary road conventional_mine
file_19765,clear primary water
file_19766,clear primary agriculture
file_19767,clear partly_cloudy primary agriculture
file_19768,clear primary
file_19769,partly_cloudy primary
file_19770,clear primary cultivation
file_19771,clear primary agriculture road bare_ground
file_19772,clear primary
file_19773,clear haze primary agriculture habitation road
file_19774,cloudy
file_19775,clear partly_cloudy primary agriculture cultivation
file_19776,clear cloudy primary agriculture
file_19777,clear primary
file_19778,clear primary water road
file_19779,clear primary habitation road
file_19780,clear primary agriculture water
file_19781,clear haze primary agriculture road
file_19782,partly_cloudy primary agriculture water cultivation road
file_19783,clear primary
file_19784,clear primary agriculture habitation road bare_ground
file_19785,haze primary
file_19786,clear primary
file_19787,clear primary agriculture cultivation
file_19788,partly_cloudy cloudy primary
file_19789,partly_cloudy primary
file_19790,haze primary
file_19791,clear primary agriculture road
file_19792,clear primary
file_19793,partly_cloudy primary agriculture water
file_19794,clear primary water
file_19795,partly_cloudy primary agriculture cultivation
file_19796,partly_cloudy cloudy primary agriculture
file_19797,clear partly_cloudy primary agriculture water
file_19798,partly_cloudy primary
file_19799,partly_cloudy primary
file_19800,clear primary agriculture
file_19801,clear primary agriculture habitation road
file_19802,clear haze primary
file_19803,clear primary
file_19804,clear primary agriculture water cultivation road
file_19805,clear primary agriculture water habitation
file_19806,clear primary
file_19807,partly_cloudy cloudy primary
file_19808,clear primary agriculture habitation road
file_19809,clear primary
file_19810,clear primary water road
file_19811,clear primary
file_19812,clear primary agriculture habitation road
file_19813,clear partly_cloudy primary agriculture water cultivation
file_19814,clear cloudy water
file_19815,clear primary
file_19816,clear primary agriculture
file_19817,partly_cloudy primary agriculture cultivation
file_19818,haze primary
file_19819,clear primary agriculture cultivation habitation road
file_19820,partly_cloudy primary water
file_19821,clear primary
file_19822,clear primary agriculture cultivation road
file_19823,clear primary agriculture cultivation habitation road
file_19824,clear primary
file_19825,clear primary agriculture cultivation road
file_19826,clear primary
file_19827,clear primary water
file_19828,cloudy
file_19829,partly_cloudy primary
file_19830,partly_cloudy primary agriculture habitation road
file_19831,clear primary agriculture habitation road
file_19832,partly_cloudy primary
file_19833,clear primary water artisinal_mine
file_19834,clear primary
file_19835,cloudy
file_19836,clear primary agriculture cultivation
file_19837,clear primary
file_19838,clear primary
file_19839,clear primary water
file_19840,clear haze primary
file_19841,clear primary agriculture habitation road
file_19842,clear primary agriculture cultivation
file_19843,clear primary agriculture cultivation
file_19844,clear primary
file_19845,clear primary agriculture cultivation
file_19846,clear primary
file_19847,clear primary
file_19848,clear primary water road
file_19849,partly_cloudy primary
file_19850,clear primary
file_19851,partly_cloudy primary water
file_19852,cloudy
file_19853,clear haze primary agriculture
file_19854,clear primary agriculture water cultivation
file_19855,clear primary agriculture water cultivation habitation
file_19856,clear primary agriculture water habitation road
file_19857,clear primary
file_19858,clear primary
file_19859,clear primary agriculture road
file_19860,clear primary agriculture water
file_19861,partly_cloudy primary
file_19862,clear primary water
file_19863,clear primary agriculture cultivation
file_19864,clear primary
file_19865,clear primary
file_19866,clear primary
file_19867,clear primary agriculture cultivation
file_19868,clear haze primary agriculture road
file_19869,clear haze primary agriculture road
file_19870,clear primary agriculture road
file_19871,partly_cloudy primary
file_19872,partly_cloudy primary
file_19873,partly_cloudy cloudy water
file_19874,clear primary agriculture
file_19875,clear primary
file_19876,clear primary
file_19877,partly_cloudy primary
file_19878,clear primary
file_19879,partly_cloudy primary
file_19880,clear primary
file_19881,clear primary agriculture road
file_19882,clear primary agriculture cultivation road
file_19883,clear primary
file_19884,clear primary agriculture water road
file_19885,clear primary
file_19886,cloudy
file_19887,partly_cloudy primary
file_19888,clear primary agriculture cultivation road
file_19889,clear partly_cloudy primary agriculture habitation road
file_19890,haze cloudy primary
file_19891,clear primary agriculture cultivation habitation
file_19892,clear primary agriculture road
file_19893,clear primary water
file_19894,clear haze primary water
file_19895,partly_cloudy primary
file_19896,clear primary agriculture road
file_19897,partly_cloudy primary agriculture water
file_19898,partly_cloudy cloudy primary
file_19899,clear haze primary agriculture cultivation
file_19900,clear primary
file_19901,clear primary
file_19902,clear primary agriculture cultivation
file_19903,haze cloudy primary
file_19904,clear primary
file_19905,cloudy
file_19906,clear primary
file_19907,partly_cloudy primary agriculture road
file_19908,clear primary agriculture water road bare_ground artisinal_mine
file_19909,clear primary agriculture habitation road
file_19910,clear primary
file_19911,clear primary agriculture cultivation
file_19912,clear primary
file_19913,clear primary agriculture road
file_19914,clear primary agriculture water cultivation habitation road
file_19915,clear primary water road
file_19916,partly_cloudy primary agriculture road
file_19917,partly_cloudy primary agriculture habitation road
file_19918,clear primary agriculture water cultivation habitation road
file_19919,clear primary
file_19920,clear primary agriculture bare_ground
file_19921,clear primary
file_19922,clear primary agriculture habitation road
file_19923,clear primary
file_19924,cloudy
file_19925,cloudy
file_19926,haze primary
file_19927,clear primary agriculture water bare_ground
file_19928,clear primary
file_19929,clear primary
file_19930,clear primary agriculture habitation road
file_19931,clear haze primary agriculture water road
file_19932,clear haze primary water
file_19933,partly_cloudy primary
file_19934,clear primary agriculture cultivation habitation road
file_19935,clear primary agriculture road
file_19936,cloudy
file_19937,clear haze primary agriculture water habitation road
file_19938,partly_cloudy primary agriculture
file_19939,clear haze primary
file_19940,clear primary
file_19941,clear primary
file_19942,clear haze primary
file_19943,partly_cloudy primary
file_19944,clear partly_cloudy primary
file_19945,clear haze primary
file_19946,partly_cloudy primary water
file_19947,clear primary
file_19948,clear haze primary agriculture water road
file_19949,clear primary agriculture cultivation
file_19950,clear primary
file_19951,clear partly_cloudy primary
file_19952,clear primary
file_19953,clear primary agriculture water bare_ground
file_19954,clear primary agriculture cultivation
file_19955,clear primary
file_19956,clear primary
file_19957,clear primary agriculture water cultivation habitation road
file_19958,partly_cloudy primary
file_19959,partly_cloudy primary agriculture cultivation habitation road
file_19960,clear primary
file_19961,partly_cloudy primary agriculture water road
file_19962,clear primary
file_19963,partly_cloudy primary agriculture habitation road
file_19964,clear primary
file_19965,partly_cloudy primary agriculture road
file_19966,clear primary water
file_19967,clear primary agriculture cultivation habitation road
file_19968,clear primary agriculture habitation road
file_19969,clear haze primary
file_19970,clear primary
file_19971,partly_cloudy primary
file_19972,clear primary water
file_19973,cloudy
file_19974,clear primary agriculture cultivation
file_19975,clear primary agriculture water road
file_19976,clear primary
file_19977,clear primary agriculture road
file_19978,clear primary agriculture road
file_19979,partly_cloudy primary
file_19980,clear primary
file_19981,clear primary water road
file_19982,clear primary agriculture cultivation road
file_19983,partly_cloudy primary
file_19984,clear primary agriculture water road
file_19985,clear primary water road
file_19986,clear primary water
file_19987,clear primary agriculture habitation road
file_19988,clear primary
file_19989,clear primary agriculture habitation road
file_19990,clear primary
file_19991,clear primary water
file_19992,haze primary
file_19993,haze primary
file_19994,clear primary agriculture
file_19995,clear primary agriculture water
file_19996,partly_cloudy primary
file_19997,clear primary
file_19998,clear primary
file_19999,clear primary agriculture water habitation
file_20000,clear primary agriculture cultivation
file_20001,clear primary water road
file_20002,clear primary
file_20003,partly_cloudy primary
file_20004,clear primary
file_20005,partly_cloudy primary
file_20006,clear primary
file_20007,clear primary agriculture water habitation road
file_20008,clear primary
file_20009,partly_cloudy primary
file_20010,partly_cloudy primary
file_20011,clear primary agriculture cultivation habitation road
file_20012,clear primary
file_20013,clear primary agriculture habitation road
file_20014,clear primary water
file_20015,clear primary agriculture habitation road
file_20016,clear primary
file_20017,clear primary agriculture water
file_20018,clear primary agriculture cultivation habitation road
file_20019,clear primary
file_20020,clear primary
file_20021,cloudy
file_20022,clear primary
file_20023,clear primary agriculture water habitation road
file_20024,clear primary water bare_ground artisinal_mine
file_20025,clear primary
file_20026,cloudy
file_20027,clear primary
file_20028,clear cloudy agriculture water
file_20029,clear agriculture water bare_ground
file_20030,clear primary
file_20031,clear primary agriculture road
file_20032,clear primary
file_20033,haze primary agriculture water
file_20034,clear haze primary
file_20035,clear primary agriculture cultivation
file_20036,clear cloudy water
file_20037,partly_cloudy primary water
file_20038,haze cloudy primary
file_20039,partly_cloudy primary agriculture road
file_20040,clear primary
file_20041,clear primary agriculture habitation road
file_20042,cloudy
file_20043,clear primary agriculture road
file_20044,haze primary water
file_20045,clear primary
file_20046,clear primary agriculture water cultivation habitation road
file_20047,clear primary
file_20048,haze primary agriculture water road
file_20049,clear primary agriculture water
file_20050,partly_cloudy cloudy primary
file_20051,clear primary
file_20052,clear primary agriculture cultivation
file_20053,clear primary
file_20054,partly_cloudy primary agriculture road
file_20055,clear primary water road
file_20056,haze primary
file_20057,clear primary water
file_20058,partly_cloudy primary agriculture water cultivation road
file_20059,clear primary
file_20060,clear primary agriculture cultivation
file_20061,clear primary
file_20062,clear primary agriculture cultivation
file_20063,clear primary agriculture cultivation
file_20064,clear primary
file_20065,haze primary agriculture cultivation
file_20066,clear primary
file_20067,clear primary agriculture water cultivation
file_20068,clear primary
file_20069,partly_cloudy primary
file_20070,cloudy
file_20071,partly_cloudy primary agriculture water
file_20072,clear primary agriculture water cultivation
file_20073,clear primary
file_20074,clear primary
file_20075,clear primary
file_20076,clear primary agriculture road
file_20077,partly_cloudy primary
file_20078,clear primary
file_20079,clear primary agriculture water habitation road
file_20080,clear primary agriculture water cultivation road
file_20081,cloudy
file_20082,clear primary agriculture
file_20083,clear primary water road
file_20084,partly_cloudy primary
file_20085,haze primary
file_20086,partly_cloudy primary
file_20087,clear primary
file_20088,haze primary
file_20089,clear primary
file_20090,clear primary agriculture cultivation
file_20091,clear partly_cloudy primary agriculture water cultivation habitation road
file_20092,partly_cloudy primary
file_20093,clear primary
file_20094,partly_cloudy primary agriculture cultivation
file_20095,clear primary agriculture road
file_20096,clear primary
file_20097,clear haze primary agriculture cultivation
file_20098,clear primary
file_20099,clear primary
file_20100,partly_cloudy primary
file_20101,clear primary
file_20102,clear primary water road
file_20103,clear primary
file_20104,clear primary
file_20105,clear primary
file_20106,clear primary agriculture water cultivation road
file_20107,haze cloudy primary
file_20108,partly_cloudy primary agriculture habitation road
file_20109,clear primary agriculture cultivation
file_20110,clear primary
file_20111,clear primary agriculture habitation road
file_20112,clear partly_cloudy cloudy primary water road conventional_mine bare_ground artisinal_mine selective_logging
file_20113,clear primary water
file_20114,clear primary agriculture water bare_ground
file_20115,partly_cloudy primary
file_20116,clear primary agriculture water cultivation habitation
file_20117,partly_cloudy primary
file_20118,partly_cloudy primary
file_20119,clear primary
file_20120,clear primary agriculture cultivation
file_20121,cloudy
file_20122,clear primary water road
file_20123,clear primary
file_20124,partly_cloudy primary
file_20125,clear primary
file_20126,clear primary
file_20127,partly_cloudy primary agriculture water
file_20128,clear haze primary agriculture cultivation
file_20129,clear primary agriculture cultivation
file_20130,haze cloudy
file_20131,clear primary water road
file_20132,clear primary
file_20133,clear primary agriculture habitation road
file_20134,clear primary
file_20135,clear primary agriculture water road
file_20136,haze primary agriculture water road
file_20137,clear primary agriculture water cultivation habitation bare_ground artisinal_mine
file_20138,clear primary
file_20139,clear primary water
file_20140,clear haze primary
file_20141,partly_cloudy primary
file_20142,clear primary agriculture water cultivation
file_20143,clear primary agriculture road
file_20144,clear primary agriculture cultivation
file_20145,partly_cloudy primary water road
file_20146,clear primary
file_20147,clear primary water road
file_20148,clear primary agriculture
file_20149,haze primary
file_20150,partly_cloudy primary agriculture water road
file_20151,clear primary
file_20152,clear primary water
file_20153,partly_cloudy cloudy primary
file_20154,clear primary agriculture cultivation
file_20155,clear primary agriculture cultivation habitation road
file_20156,partly_cloudy primary agriculture habitation road
file_20157,clear primary agriculture water
file_20158,haze partly_cloudy primary agriculture cultivation
file_20159,clear primary agriculture water cultivation habitation
file_20160,partly_cloudy primary
file_20161,clear primary agriculture cultivation
file_20162,clear haze primary
file_20163,clear haze primary agriculture water
file_20164,clear primary
file_20165,clear primary agriculture road
file_20166,clear primary
file_20167,haze primary
file_20168,clear primary agriculture water cultivation road
file_20169,clear primary
file_20170,clear primary
file_20171,clear primary
file_20172,partly_cloudy primary water
file_20173,clear primary
file_20174,partly_cloudy primary
file_20175,clear primary agriculture water
file_20176,clear primary
file_20177,partly_cloudy primary agriculture water road
file_20178,clear primary agriculture habitation road conventional_mine bare_ground
file_20179,clear cloudy primary water
file_20180,clear primary agriculture road
file_20181,clear primary water bare_ground artisinal_mine
file_20182,clear primary
file_20183,clear primary agriculture road
file_20184,clear primary agriculture cultivation
file_20185,clear primary water road
file_20186,clear primary
file_20187,clear partly_cloudy primary agriculture cultivation habitation road
file_20188,haze partly_cloudy primary agriculture water habitation
file_20189,clear primary water
file_20190,clear primary agriculture habitation road
file_20191,partly_cloudy primary
file_20192,clear primary
file_20193,clear primary agriculture cultivation
file_20194,clear primary
file_20195,clear primary water
file_20196,partly_cloudy primary
file_20197,clear primary agriculture road bare_ground
file_20198,clear primary water
file_20199,clear primary agriculture cultivation habitation road
file_20200,cloudy
file_20201,partly_cloudy primary
file_20202,clear primary
file_20203,clear primary agriculture water habitation road
file_20204,partly_cloudy primary
file_20205,clear primary agriculture water
file_20206,clear primary
file_20207,clear primary
file_20208,clear partly_cloudy primary
file_20209,clear primary
file_20210,partly_cloudy primary agriculture cultivation
file_20211,clear primary agriculture water cultivation habitation road
file_20212,clear primary
file_20213,clear primary agriculture water
file_20214,haze cloudy primary
file_20215,clear primary agriculture water habitation road
file_20216,clear primary
file_20217,clear primary water
file_20218,clear primary water road
file_20219,clear partly_cloudy primary water artisinal_mine
file_20220,partly_cloudy primary
file_20221,clear primary agriculture road
file_20222,clear primary
file_20223,partly_cloudy primary
file_20224,clear primary
file_20225,clear haze primary
file_20226,clear primary
file_20227,clear haze cloudy primary agriculture water road
file_20228,clear primary agriculture habitation road
file_20229,clear primary agriculture habitation road bare_ground
file_20230,partly_cloudy primary agriculture road
file_20231,clear primary water road conventional_mine bare_ground artisinal_mine
file_20232,clear primary water road
file_20233,clear primary agriculture cultivation habitation
file_20234,clear primary
file_20235,partly_cloudy primary
file_20236,clear primary water road
file_20237,clear primary
file_20238,clear primary water
file_20239,clear haze primary
file_20240,clear primary
file_20241,clear primary
file_20242,partly_cloudy cloudy primary water road
file_20243,clear primary agriculture road
file_20244,clear primary agriculture cultivation
file_20245,clear primary
file_20246,partly_cloudy primary agriculture water
file_20247,cloudy
file_20248,clear primary
file_20249,haze primary
file_20250,clear primary agriculture bare_ground
file_20251,clear primary
file_20252,clear primary agriculture habitation road
file_20253,clear primary
file_20254,clear primary
file_20255,clear primary agriculture habitation road bare_ground
file_20256,clear primary
file_20257,clear primary agriculture water
file_20258,clear primary
file_20259,clear primary
file_20260,haze cloudy primary
file_20261,clear primary agriculture water
file_20262,clear primary
file_20263,clear primary agriculture habitation road
file_20264,partly_cloudy primary agriculture
file_20265,clear haze primary agriculture habitation road
file_20266,clear primary agriculture water cultivation habitation road
file_20267,clear primary agriculture cultivation road
file_20268,clear primary agriculture road
file_20269,clear primary
file_20270,clear primary
file_20271,clear primary agriculture habitation road
file_20272,partly_cloudy primary agriculture road
file_20273,clear primary
file_20274,clear primary
file_20275,clear primary
file_20276,cloudy
file_20277,haze primary agriculture water
file_20278,clear primary agriculture cultivation
file_20279,partly_cloudy primary
file_20280,clear primary
file_20281,clear primary
file_20282,partly_cloudy primary
file_20283,clear haze primary agriculture cultivation habitation road
file_20284,clear primary agriculture cultivation road
file_20285,cloudy
file_20286,partly_cloudy primary
file_20287,clear primary
file_20288,clear primary
file_20289,partly_cloudy primary
file_20290,haze partly_cloudy primary agriculture water
file_20291,clear primary
file_20292,cloudy water
file_20293,partly_cloudy primary agriculture cultivation habitation
file_20294,clear primary agriculture road
file_20295,clear primary agriculture cultivation road
file_20296,clear haze primary agriculture cultivation
file_20297,clear primary
file_20298,partly_cloudy primary agriculture road
file_20299,clear primary agriculture habitation road bare_ground
file_20300,partly_cloudy primary agriculture water
file_20301,clear primary
file_20302,clear primary agriculture habitation road
file_20303,clear primary
file_20304,clear primary agriculture water cultivation
file_20305,clear primary
file_20306,clear primary agriculture cultivation
file_20307,haze primary
file_20308,partly_cloudy primary
file_20309,partly_cloudy primary
file_20310,clear primary
file_20311,clear primary agriculture cultivation habitation road
file_20312,clear primary
file_20313,clear primary agriculture cultivation
file_20314,clear primary
file_20315,clear primary
file_20316,clear primary
file_20317,clear primary
file_20318,clear primary
file_20319,partly_cloudy primary agriculture water
file_20320,partly_cloudy primary
file_20321,partly_cloudy primary
file_20322,clear primary agriculture cultivation
file_20323,clear primary
file_20324,haze cloudy primary
file_20325,clear primary agriculture road
file_20326,clear primary water
file_20327,partly_cloudy primary
file_20328,clear primary
file_20329,clear primary
file_20330,clear primary
file_20331,clear primary
file_20332,partly_cloudy primary agriculture
file_20333,clear haze primary agriculture water cultivation habitation
file_20334,partly_cloudy primary agriculture cultivation
file_20335,clear primary agriculture habitation road
file_20336,haze cloudy primary
file_20337,clear primary agriculture
file_20338,clear primary
file_20339,clear partly_cloudy primary agriculture cultivation road
file_20340,clear primary agriculture cultivation habitation road
file_20341,clear primary agriculture
file_20342,clear primary
file_20343,partly_cloudy primary
file_20344,clear primary water artisinal_mine
file_20345,clear primary
file_20346,clear primary agriculture cultivation habitation road
file_20347,clear primary
file_20348,cloudy
file_20349,clear haze primary water
file_20350,cloudy
file_20351,clear primary agriculture
file_20352,clear primary water
file_20353,partly_cloudy primary
file_20354,partly_cloudy cloudy primary agriculture habitation road conventional_mine
file_20355,clear primary
file_20356,clear primary
file_20357,haze cloudy primary water
file_20358,clear primary
file_20359,haze primary agriculture water
file_20360,clear partly_cloudy primary agriculture water habitation road conventional_mine
file_20361,clear primary agriculture cultivation
file_20362,clear primary agriculture cultivation
file_20363,clear primary
file_20364,clear primary
file_20365,clear primary agriculture habitation road
file_20366,haze cloudy primary
file_20367,partly_cloudy primary agriculture habitation road
file_20368,clear primary
file_20369,partly_cloudy primary
file_20370,clear primary
file_20371,haze partly_cloudy primary
file_20372,clear primary agriculture habitation road
file_20373,clear primary agriculture habitation road
file_20374,clear primary agriculture road
file_20375,clear primary agriculture road
file_20376,clear primary agriculture water
file_20377,cloudy
file_20378,clear primary agriculture road
file_20379,clear primary water road
file_20380,clear cloudy water
file_20381,partly_cloudy primary agriculture water
file_20382,clear primary
file_20383,partly_cloudy primary
file_20384,clear primary water
file_20385,partly_cloudy cloudy primary
file_20386,clear primary cultivation
file_20387,clear primary
file_20388,partly_cloudy primary water
file_20389,clear primary water
file_20390,clear primary
file_20391,clear primary
file_20392,partly_cloudy primary agriculture water cultivation habitation road
file_20393,clear primary
file_20394,partly_cloudy primary agriculture cultivation
file_20395,clear primary agriculture road
file_20396,clear primary
file_20397,clear haze primary agriculture cultivation
file_20398,clear primary agriculture road
file_20399,clear primary
file_20400,clear primary agriculture cultivation
file_20401,partly_cloudy primary
file_20402,clear haze primary
file_20403,clear primary
file_20404,clear primary agriculture habitation road
file_20405,clear primary
file_20406,clear primary agriculture road
file_20407,clear primary
file_20408,partly_cloudy primary
file_20409,clear primary agriculture cultivation habitation road
file_20410,clear primary habitation road
file_20411,clear primary agriculture water cultivation habitation road
file_20412,clear primary water road
file_20413,clear primary water
file_20414,clear primary agriculture habitation road
file_20415,partly_cloudy primary agriculture cultivation habitation road
file_20416,partly_cloudy primary water
file_20417,clear primary
file_20418,clear primary agriculture water cultivation habitation
file_20419,clear primary agriculture cultivation
file_20420,partly_cloudy primary water
file_20421,clear primary agriculture habitation road
file_20422,haze primary
file_20423,clear primary agriculture cultivation
file_20424,clear cloudy water
file_20425,clear primary agriculture habitation road
file_20426,haze partly_cloudy primary agriculture
file_20427,clear primary agriculture water cultivation
file_20428,clear primary
file_20429,clear primary agriculture water cultivation habitation road
file_20430,clear primary
file_20431,partly_cloudy primary
file_20432,clear primary habitation road
file_20433,clear primary agriculture cultivation
file_20434,partly_cloudy primary agriculture water cultivation
file_20435,clear primary
file_20436,clear primary water
file_20437,partly_cloudy primary
file_20438,clear primary agriculture water cultivation
file_20439,clear primary
file_20440,clear primary
file_20441,clear primary agriculture cultivation habitation road
file_20442,clear primary
file_20443,partly_cloudy primary agriculture habitation road
file_20444,clear primary
file_20445,partly_cloudy cloudy primary
file_20446,clear primary agriculture cultivation
file_20447,clear primary agriculture water road
file_20448,clear primary
file_20449,clear primary
file_20450,clear primary agriculture road
file_20451,clear primary agriculture road
file_20452,clear primary water
file_20453,haze primary agriculture
file_20454,clear haze primary agriculture water road
file_20455,clear primary agriculture
file_20456,clear haze primary
file_20457,clear primary water road
file_20458,partly_cloudy primary agriculture water
file_20459,clear primary
file_20460,clear primary
file_20461,partly_cloudy primary
file_20462,clear haze primary
file_20463,clear primary agriculture cultivation
file_20464,clear primary
file_20465,clear primary
file_20466,clear primary
file_20467,clear partly_cloudy primary agriculture water road
file_20468,clear primary water road
file_20469,partly_cloudy primary agriculture road
file_20470,clear primary
file_20471,clear primary water road
file_20472,clear primary
file_20473,clear primary agriculture cultivation
file_20474,partly_cloudy cloudy primary water road
file_20475,clear primary
file_20476,clear primary
file_20477,clear primary agriculture habitation road
file_20478,clear haze primary
file_20479,clear primary
file_20480,clear primary
file_20481,clear primary
file_20482,clear cloudy water
file_20483,clear partly_cloudy primary water road
file_20484,cloudy
file_20485,clear primary agriculture habitation road
file_20486,clear primary
file_20487,clear primary
file_20488,clear primary agriculture cultivation
file_20489,haze primary
file_20490,clear primary
file_20491,clear primary agriculture
file_20492,clear primary agriculture cultivation habitation road
file_20493,clear primary
file_20494,clear cloudy water
file_20495,haze primary
file_20496,clear primary
file_20497,clear primary agriculture cultivation habitation road
file_20498,clear primary water
file_20499,clear haze primary agriculture water road
file_20500,partly_cloudy primary agriculture water road
file_20501,partly_cloudy primary
file_20502,clear primary
file_20503,clear primary water
file_20504,clear haze primary water
file_20505,clear primary agriculture habitation road
file_20506,clear primary
file_20507,partly_cloudy primary agriculture cultivation
file_20508,clear primary
file_20509,partly_cloudy primary
file_20510,clear primary
file_20511,clear primary
file_20512,cloudy
file_20513,clear primary agriculture cultivation habitation road
file_20514,partly_cloudy primary
file_20515,clear primary agriculture cultivation
file_20516,clear primary water
file_20517,clear primary
file_20518,partly_cloudy primary
file_20519,clear primary agriculture water
file_20520,clear primary agriculture cultivation
file_20521,clear primary
